r
0.0950654861645132
0.09456634130045599
0.09614761788854555
0.094731034861397
0.09451101153365767
0.09512370508232872
0.09478267948548959
0.09482193109355361
0.09566279897002859
0.09527460867711865
0.09436815588567576
0.09439554818796198
0.09349705068102988
0.09349965924807556
0.09359305592372863
0.09314665312422592
0.09301701893908061
0.09241387217619867
0.09212876313009385
0.09192061142808326
0.09174702690893963
0.09125966814015501
0.09062793891457868
0.09016086577420719
0.0897602580685681
0.0901622602154576
0.09057372151648262
0.09083421315970125
0.09047616619250945
0.09022666071869656
0.0895711545522824
0.08957485722756288
0.09037583892157348
0.0906234415178439
0.090623785490191
0.0904641050988545
0.09011118007954916
0.08989515748047351
0.09009498085998975
0.09084678455671862
0.09085390949080085
0.09118744313357043
0.09138761817080873
0.09118984462368991
0.09148786610010178
0.09168301122925467
0.09150751168010285
0.091574071661281
0.09141263804946223
0.09144426286748097
0.0916249923697695
0.0920305615686088
0.09215746693929493
0.09263617724750087
0.09275080692931316
0.09249873728555193
0.09286185631168284
0.09299798833392482
0.09311574536977073
0.09341764090581317
0.09380958221772655
0.09336152110080485
0.09312558303588776
0.09293688919933822
0.09270398256726338
0.0929668761870263
0.09320277980048636
0.093282115631316
0.09315812307104827
0.09264928950492948
0.09242205379353012
0.09226670944044493
0.09182953798472598
0.09159472521698805
0.0916214691144163
0.09125164466582625
0.0909672165957725
0.090843087308809
0.09071298445687069
0.09072388112020383
0.0908465592293109
0.09110051023399782
0.09073844043561029
0.09078003886764227
0.0907543637826854
0.09056854045546611
0.09060556919423973
0.09059862217506648
0.09064770823575896
0.09043821750948305
0.09053243081187215
0.09066387886272494
0.09074644561151188
0.09117191988724317
0.09138478674247619
0.09166374423752295
0.09194589213589588
0.09199364481128494
0.09198729347526145
0.09201757299186214
0.09176897671666365
0.09178897789133218
0.09207943487175217
0.09208290393630268
0.09224604179276799
0.09243733058328148
0.09242867997533627
0.09256274586608162
0.09282611290613539
0.09289084189343114
0.09308122437911515
0.09326799391783641
0.0932435583506798
0.0930797574568259
0.0931002516213492
0.09306348814149407
0.09319384794303938
0.09291253326906375
0.09270830071835512
0.09257326417497495
0.09247752636724944
0.09243437429856179
0.09239126024606963
0.0921842507907303
0.09200073231122152
0.0916584823204965
0.09137456032080225
0.09143107483537424
0.0912690245594068
0.09147615162891826
0.09131950537491057
0.09120748240813398
0.09089150562708524
0.0907389783431754
0.09069938580222667
0.09069874326901536
0.09075900434779242
0.09083595942245425
0.09061152502986687
0.09078644247838435
0.09075395339054078
0.09080465739365802
0.09093686206246443
0.09113548830990655
0.0913950860755236
0.09166470726391138
0.0918396930495543
0.09199722744417922
0.09204983780454201
0.09227777569552985
0.092102532111966
0.0923110973128972
0.0923427855164875
0.09223893486645804
0.09222988746367645
0.09219145402277454
0.09197464405740857
0.09203394486436539
0.09225739271670012
0.09222330604735643
0.09266241523777508
0.09241039659054465
0.09266348634489077
0.09251839921472532
0.09245427612373028
0.09259834594232876
0.09248730690167936
0.09249220288273304
0.09220375402584254
0.09205485332115436
0.09181567050769243
0.09168050824946082
0.09168606128844815
0.09172669902599886
0.09164728142651941
0.09173081904637005
0.09187658338825497
0.09186698568231437
0.09203188196208884
0.0917577909859924
0.09178905757121288
0.09170581252816312
0.0914993496726958
0.09137575599400168
0.09116344808791399
0.09120753476404508
0.09137649145322539
0.09125863248886236
0.09133929467527474
0.09128009404798
0.09135259451133167
0.09129456733971669
0.09117351435735899
0.09136187897612585
0.09128212883933644
0.09123754367439518
0.09132522209990282
0.09111816465207793
0.09137327169242454
0.09154048776009945
0.09171396886593998
0.09215008606504003
0.09222575330350684
0.09247178467025664
0.09246756209503146
0.09250965348411035
0.09255943992285885
0.09230752838555233
0.09262078895643555
0.09237140959391917
0.0923687248511241
0.0922259760262443
0.09217382231492112
0.0924019650226584
0.09236155053172553
0.09236944804027941
0.09248678693736764
0.0920493576213613
0.09207198853997409
0.09155123354961704
0.09139038615481346
0.0911498771189361
0.09108492479043644
0.0910137137953789
0.09099327572064572
0.09123887012382197
0.09129485280152151
0.09163041476330354
0.09185574115362008
0.09189248257053143
0.09202659697988864
0.09192733857868404
0.09162705868134613
0.09160579047694223
0.09145451760066263
0.0915871757899129
0.09152647567494414
0.0915591434796863
0.09170360217579047
0.09206907571034362
0.09241054568938094
0.09251146109493355
0.09269836243349666
0.09257130487929582
0.0925094174601191
0.09212193441177914
0.09169249303070436
0.09137120179598372
0.09115919781526047
0.09101811792831016
0.09119735823921905
0.0912584523371722
0.09140783034542015
0.09155584924526283
0.09192280062022577
0.09206184100814196
0.09232294315406514
0.09230424113419138
0.09235159613517166
0.09212178347613818
0.0919748817950977
0.09191128935153227
0.09178087280879471
0.09192334508173544
0.09181864785706036
0.09193965415187447
0.09197776666677457
0.09195657121274947
0.09224039899453977
0.09232326454248174
0.09234429175335974
0.09218596872608044
0.09192818837954045
0.09177809233393176
0.09135098449243155
0.09103035736939037
0.0911501756186725
0.09097318995176899
0.09128058599290007
0.09119086663483766
0.09145357157001606
0.09167129002897613
0.09169640964238053
0.09197874870450647
0.09166636472950113
0.09193057420164469
0.09161676673539977
0.09128831292935427
0.09124733380883049
0.09100245275315388
0.09111357654936612
0.09123101228736646
0.09132692244788229
0.09162198511614067
0.09166268869239995
0.09187593995463038
0.09194706769047802
0.0919437344713422
0.09195101656382919
0.09201305389718306
0.09182132092738118
0.0917327290398243
0.09158986526190908
0.09120262746150816
0.09123822284267338
0.09119659250689616
0.09161821860897272
0.09177968137190246
0.09194841775571076
0.09211749344145449
0.09226615574072286
0.09240954085998448
0.09243267053648131
0.09224673053874871
0.09193067791731858
0.09168102032309518
0.09139226058430096
0.09098692418235454
0.09093750575198226
0.09093494165063576
0.09107410895524191
0.09121356705921725
0.09133831453817315
0.09182651436090039
0.09206639218351403
0.09237265152042955
0.09248184242951354
0.09234078979010926
0.0922167556722782
0.0919318493399057
0.09172838743891935
0.09149860998380327
0.09141835219903947
0.0915124453608139
0.09153826670010391
0.09177020530209123
0.0920659878468257
0.09232561029445435
0.09253065966785515
0.09251040504353251
0.09258837376793794
0.09229865803720518
0.09200070503137349
0.09164405647244722
0.09118232241451307
0.09087493099085885
0.09061698929450332
0.09070725135987741
0.09093517148518639
0.09114553637600364
0.09151639658139893
0.09183309848329797
0.0919423742551078
0.09215853426176697
0.09205512031728184
0.09216284786524997
0.09195691976809629
0.09182438654734282
0.09168838191582547
0.0916378608385047
0.09181842864223332
0.0921846769861836
0.09252405784578195
0.09259373119895686
0.09297999938341098
0.09308034361585789
0.09304276719592978
0.09271499881062623
0.09256375231773498
0.09213523488485519
0.09178817338765254
0.09124907934867163
0.09113028897890539
0.09104416778376281
0.09101696390933925
0.09146533296056306
0.09160864576339312
0.09183526673979003
0.09208025499682067
0.09203035885697523
0.09197310932325163
0.09185469875714562
0.09156606623656355
0.09144609993980106
0.09107190731309808
0.09079035736873532
0.09057443778150091
0.09076361297766991
0.09093584147034654
0.09116138276891024
0.09158116869323844
0.0917789834664865
0.09199715185085622
0.09214037356937267
0.0920323906380433
0.09203284986566788
0.09197189383695081
0.09176774397575249
0.09175586836926891
0.09154508434837634
0.0915170959494493
0.0915458176359139
0.09147928857881422
0.09170094159146666
0.09194134057187141
0.09195234607822633
0.09228689179438827
0.09209214696446807
0.0920821976500544
0.09206756835286832
0.09197082324380801
0.09199395210240795
0.0917520155785416
0.09176341887224057
0.09148639816689075
0.09157503273552235
0.0918557897427412
0.09190608974130308
0.09206163612195802
0.09221637256063349
0.09203924077076957
0.09214357647619897
0.09203791612045466
0.09191809184305653
0.09183118097118258
0.09161993013114507
0.09172238859315848
0.09171008296830371
0.09160831070851957
0.09174537697702356
0.09181415290555532
0.09205257338972726
0.09235207386543684
0.0924054520965981
0.09232252479411653
0.09216470391055955
0.09188628983412617
0.09146983686585247
0.09106061858419526
0.09084066878156327
0.09040199106782008
0.09033925485049678
0.09031868934868184
0.09041609159511989
0.09061883266094237
0.09087502531617703
0.09126794562572906
0.09145161176989956
0.09156306195072354
0.09156028431863128
0.09146803891244984
0.09136889749190676
0.09134503201234118
0.09119830958751851
0.09128625746513819
0.09135750898893683
0.09158253831086888
0.09180677173964201
0.09212577395643226
0.09261953224656835
0.09278340957931365
0.09302017071777616
0.09294805377778939
0.09237119217755772
0.09228742801276561
0.09173262139498435
0.09149844904941389
0.09119433037075395
0.09120930674832996
0.0913376345980465
0.09126022025659625
0.09155246018965703
0.0918342652912362
0.09236282700182515
0.09250997742616657
0.09255050847242713
0.09271535594344914
0.09240676264260057
0.0923000195655829
0.09227365411801138
0.09219332216184667
0.09239929883034052
0.09221816747608604
0.09229323779356721
0.09247063054472984
0.09259408233700091
0.09274631572661611
0.092967822713206
0.09307600851740871
0.09295797616314555
0.09249551057430705
0.09200113808065614
0.09159930802135564
0.09134255509851087
0.09104727849518059
0.09102510347594578
0.09117086100485497
0.09137010820045402
0.09133089440007615
0.09149169977868912
0.09159891834790858
0.09156931354172458
0.09147931804322154
0.0913873406732033
0.09130660571021687
0.09113932558460784
0.09078432238712204
0.09069950390614091
0.09073460609527
0.0907448991862322
0.09113456795673397
0.09147696916198472
0.09164139560106682
0.09199720359512363
0.0918960085798709
0.0918179402797919
0.09175122615470423
0.09170610784124855
0.09115934579516864
0.09088543613466595
0.09099791592184583
0.09081542535817459
0.09115402090257572
0.09132102150801885
0.09193283211521269
0.09227207803846676
0.09253015132590131
0.09276999145327042
0.09270797677639979
0.09285230425120472
0.09271939959713821
0.092513500592913
0.09238282629413663
0.0920954688502157
0.09201201326108512
0.09215158018378576
0.09215388776833118
0.09228777768804951
0.09251668517196054
0.09277967461806491
0.09290793600889448
0.09286078904603016
0.09284163683958814
0.09275936108712737
0.09246009424072993
0.09234526945871374
0.09188788270723579
0.09158106678459473
0.0912376022743691
0.0907693819140698
0.09094492943176606
0.0909720897676761
0.09106913004566887
0.09122362227211811
0.0913596194863666
0.09132040487727847
0.09124386980497731
0.09117854076427123
0.09103968189589247
0.0907324881795133
0.09077926234527699
0.09037563657465278
0.09029247301103223
0.09034515556215136
0.09054740949024676
0.09092012010350897
0.09126706284706887
0.0913730463887443
0.09163562821668499
0.09164673368361452
0.09191695014801451
0.09206150104129802
0.09185480998336101
0.09208672172604401
0.09173293788231021
0.09179578171114407
0.09182791258118839
0.09197825509158589
0.09244943390324416
0.09271025943904235
0.09310045970155012
0.0933766495585988
0.09328170227643559
0.09324982659909734
0.09306057787051505
0.09279963200766148
0.09231229967271623
0.09202015441116045
0.0915996135071618
0.09129763351726768
0.09110968300915276
0.091048678729049
0.09114089545469314
0.09134687353730764
0.09174596436610234
0.09173902701305461
0.09203654566885712
0.09208208477774578
0.0918118389201701
0.09151762191438936
0.09132363935330118
0.09107362365729246
0.09089119174719264
0.09084992917167214
0.09066111679800164
0.09103548447855138
0.09130243490022645
0.09147336095263618
0.09173177543045669
0.09205634308773454
0.0920528719481809
0.09197349600140427
0.09176106714992693
0.09167451866254421
0.09155796571724728
0.0913771305205466
0.09107170760326237
0.0910861928637853
0.09108871746614909
0.0913157771282367
0.09165058271684158
0.09184547446807113
0.09221748370668385
0.09212274569647874
0.09205323843851662
0.0919220686109189
0.09169089871229424
0.09178915213447146
0.09154017603256227
0.09159753054379004
0.09176430185928072
0.0916389217521758
0.09199512377277208
0.09209419295736919
0.0923902978988531
0.09232308514188324
0.09247234450356771
0.09232396510434476
0.09212347651692376
0.0919777371003329
0.09163296306448136
0.09149612869863322
0.09124436627719985
0.0912348354014348
0.09138282491865744
0.09152531564336694
0.09158947173022193
0.09167528067584167
0.09182062301573513
0.09177116646031741
0.09203647356617933
0.09174360599943168
0.09172278724607251
0.09126820428352499
0.09102994330282703
0.09112109308352515
0.09116819214534598
0.09140117545147225
0.09144135621461087
0.09164956919296248
0.09201311722952243
0.09200428105713568
0.0922469541442262
0.09227208703775669
0.09219974994542396
0.09191481747430084
0.09158162402728212
0.0912753049123074
0.09127454560481672
0.09122846659639097
0.09152867238919007
0.0918249459952309
0.09196129185764791
0.09214094362902248
0.09232566132943314
0.09240227848238984
0.09257919030837125
0.09247682995428547
0.09217573335427892
0.09189331470848154
0.09149334057537194
0.09133624547320533
0.0909652465518472
0.09095756647100678
0.09096845128382147
0.09103958522965414
0.09129956835966664
0.09133553320770908
0.09163898348692025
0.09155442802485475
0.09164642236656136
0.09179128010923632
0.0916895840699886
0.09171756288406446
0.09145710565798809
0.09127102879679812
0.09120169896359802
0.09113976377259654
0.0914050541665064
0.09158130535430019
0.09188609630643789
0.09199349155610373
0.09211748917548403
0.09194580224104817
0.09212028558398812
0.09207312214760192
0.09191007942051824
0.09175410837122903
0.09159185795891175
0.09129060491970784
0.09120025617001284
0.0912388042037505
0.09127223826865466
0.09134850716465993
0.0912746273934714
0.09126562035733912
0.09126186211186228
0.09124901758827439
0.09143622830730173
0.09144497379125006
0.09138824175712561
0.09120280730738334
0.09122717878324259
0.09108002419217806
0.09118738328327164
0.09142255203872353
0.09170379049681933
0.09205589915240461
0.09211755681721645
0.09222266628007725
0.09237882316024684
0.0922498514248272
0.09213646863895543
0.0920419293470331
0.09198362304381841
0.09168246820982112
0.09154489383339307
0.09144214437181937
0.09126178743696535
0.09143479695132732
0.09155266428134057
0.09178015151248685
0.09182912016477256
0.09187638212582935
0.09187036474929523
0.09173180759350824
0.0915799142750978
0.09151888145616208
0.0913572715412067
0.09123671962714944
0.09114363781758561
0.09121358042852847
0.09124994162911247
0.09156905558893383
0.09170450818720711
0.09204866583000332
0.09203592908441544
0.09204938319658677
0.09198378050478735
0.09187484742138477
0.09185589188169538
0.09161185005160674
0.09128044130911812
0.09097909078893883
0.09081139456003828
0.09083857116351456
0.09097113794591238
0.09110824957403012
0.0914253295609035
0.091440048658438
0.09154048602519002
0.09157688594880697
0.09144930942961035
0.09140440748308028
0.09128055287226809
0.09100270517886255
0.09103512290111332
0.09090215565552913
0.09103476061462298
0.09116456733340111
0.09129192746053486
0.09152091336521025
0.09183459940673891
0.09208115249284217
0.09247545067784621
0.09255782747632109
0.09268839030522419
0.09261398862597019
0.09262383653723226
0.09249776845706925
0.0924107603659147
0.09246831590931412
0.09231210655184495
0.09234843473537643
0.09214499355465056
0.09208098445433244
0.09236873343521668
0.0922243206003815
0.09224336225204283
0.09231602414270716
0.0919095252091927
0.09192805748430759
0.09185612665343701
0.09175219701785198
0.09176903420954251
0.0913950565988847
0.0912185148495064
0.09098945068456317
0.09089427654414332
0.09084586579117138
0.09070465827057692
0.0908230691721521
0.0907638462694656
0.09079058078817603
0.0909554867555262
0.09121677973483296
0.09143514454047273
0.09170424426787134
0.09192826476902412
0.0917650284705094
0.09195969043212067
0.0918491367173768
0.0919001700048697
0.09201688641301635
0.09197304925770251
0.09232037991626232
0.09224779140774036
0.09218510179160833
0.09225914355250293
0.09222398637603405
0.092174166036106
0.09219474516538975
0.09203609498458556
0.09194214065589137
0.09168673064548426
0.09154727384044678
0.0911806531790566
0.0910868749181589
0.09099363992363063
0.09116917295299826
0.09114421889465875
0.0913445571052537
0.09134936317736057
0.09131539590556206
0.09155206822482137
0.09165605549898313
0.09196035470106174
0.09187152025397882
0.09173541519722384
0.09190923804004032
0.0916140108628531
0.09178088082016245
0.09175048355368327
0.09180722629517733
0.09183773895379485
0.09166541089198721
0.09178582941260743
0.09177734308829896
0.09168337623022559
0.09181627634783904
0.09181556152611833
0.09172331059290208
0.0915152792068721
0.09127266839249101
0.0911632939779804
0.09103103094726359
0.09102606298661563
0.0908675681997658
0.09096771396650553
0.09081868207366779
0.09093021185531758
0.09093045296767593
0.0910761494979613
0.09130259562181325
0.09142064300878341
0.09143795014623532
0.09143724859381717
0.0913161321691808
0.09147231280121902
0.09118738100770979
0.09133198456309667
0.09137288664043382
0.09129405134026282
0.09138214277709718
0.09148087877341807
0.09154393322671223
0.09181854748416288
0.09182038151157675
0.0921034602642795
0.09215240090243616
0.09210077764097191
0.09199480324698005
0.09183322035496722
0.0917320622348167
0.09167114957269246
0.0917784438662065
0.09170741851062023
0.09182953280027845
0.09177736371311561
0.09185846761932848
0.09194276243688791
0.0920289019695971
0.09178994407821477
0.09162647697677136
0.09166354117133654
0.09134914674374235
0.09125759264122243
0.09121279274532633
0.0912527853879986
0.09136148458505684
0.09147165011799645
0.09143894191495341
0.09159688238751434
0.0918597097822742
0.09182352457905184
0.09212886188826064
0.09172720353646428
0.09185312806740063
0.09136388221296382
0.0910422178710022
0.09108508608426442
0.09075430701638684
0.09089052250328579
0.09104047187171058
0.0909284623215535
0.09126509289058743
0.09137744370418717
0.09158234157328496
0.09180767878641964
0.09182774196402825
0.09195144978645262
0.09187522483031163
0.09173690621740835
0.09146433191503596
0.09134635888115382
0.09142299124134191
0.09144563096374839
0.09175422023994174
0.09201872045142381
0.09218222757973041
0.09236859225158064
0.09246396503789575
0.0925413480557717
0.09255099877726665
0.09268587512944852
0.09259655240089881
0.09246145011884166
0.09235436015503093
0.09201510264521581
0.09209361716804906
0.09208497224784534
0.09206073992157657
0.09209987496953186
0.091988309667343
0.09185308755335433
0.09174482814736273
0.09158809116966721
0.09159489731543416
0.09154466973847739
0.09156179681839188
0.09132838935588863
0.09119709852783513
0.09106177362066822
0.091223274697799
0.09151482843421936
0.09119792683011738
0.0913132825521539
0.09113370888566252
0.09100993859476245
0.09114905258289605
0.09104773846025613
0.0911703280835733
0.09111694881084288
0.09110898656997038
0.09119391354896905
0.09103508237632922
0.09107217766728103
0.09115316416407955
0.09091637442519365
0.09118317025557166
0.09107598163281562
0.0910758649428507
0.09113843430858234
0.09100019519420983
0.09110280245433011
0.09117192772840724
0.09134291993547401
0.0917065273904683
0.0917675644182868
0.09197934966514833
0.09215910671714903
0.09221404143114362
0.09231243274076038
0.09239226366928396
0.09249053132956124
0.09265511895438816
0.09272696197138987
0.09267430099292003
0.09270268960107886
0.0928398877252542
0.0928296811396316
0.09270848300242186
0.09286720471812134
0.09265305604849534
0.09248639323189976
0.09242996362382015
0.09233052432251926
0.09225070847082044
0.09206014136546067
0.09183168935380531
0.09157572004390653
0.09139208828756477
0.09130160051921277
0.09119484800084757
0.09090834719150245
0.09100991573405669
0.09071572742077107
0.09079655883243078
0.09079436867271089
0.09068471422057245
0.09082711095866507
0.09090687865424685
0.09099103662710248
0.09080643674904408
0.09180823248001435
0.09183186734883154
0.09182066465098393
0.09171911015634149
0.09145192452876084
0.09156124373715285
0.09154888867965726
0.09151565155250421
0.09132739676608403
0.09135709418407949
0.09133067016160969
0.09124565542461828
0.09142505798225466
0.09123667562397017
0.09117492485195977
0.09098683031620744
0.09090298596194328
0.09083216005286181
0.09084483744341211
0.09104774433151383
0.09093645592536621
0.09132045361078235
0.09117433241495627
0.09137636972006964
0.09157127742686552
0.09143211384979126
0.09167907455505546
0.0912130496933536
0.09125348759677128
0.09111664412327886
0.09102502680207843
0.09116240613179308
0.09115911190327969
0.09147447966947758
0.09152380377024626
0.09168526063641418
0.09200946381596117
0.09202024935440724
0.09207339315844966
0.09210712057098558
0.09202328948307467
0.09206192637596215
0.09182197737390153
0.09178475032174083
0.09170823657814338
0.09171196648171168
0.09197085468547522
0.09176871818516207
0.09203772480278724
0.09201561703857578
0.09186391979965211
0.09187647692211734
0.09161759145623172
0.09145972994030102
0.09130207281316313
0.09085621658171937
0.09097408133088677
0.09043640535800233
0.0908724420194216
0.09096016885586063
0.0911317567784899
0.09169698131443245
0.09187981623170809
0.09212414084507155
0.09245220847741423
0.09218638197252772
0.09211969369072372
0.09194251727680264
0.09163856466270467
0.09143426254320663
0.09125027653754417
0.091034024169774
0.09138222089979942
0.09143081111147885
0.09174408511714763
0.09211597119917204
0.09221155493803561
0.09235818973957752
0.09212904854922235
0.09194140338108615
0.09175840794461315
0.09135248282586111
0.09100235521922216
0.09065905375629375
0.09050096936528668
0.09046703816584457
0.09069380198035072
0.09101330928230265
0.09158056454330928
0.09195817152243725
0.09229884420609268
0.09240771215083961
0.09247503433866468
0.09227152007492
0.09221239753438243
0.09189676661502738
0.09150781924517316
0.09122094842751882
0.09103612316298156
0.09118819984823892
0.09134643195696468
0.09145729825693662
0.09182761111167458
0.09204018578121975
0.09211102680261811
0.09214815260123074
0.09219304680898303
0.09195893589485983
0.09197308949461097
0.09150558696022423
0.09140259688778578
0.09111668294506378
0.09100855113912193
0.09085003677889185
0.0910088606869786
0.09135320096399349
0.09123125256754082
0.09182427777299759
0.09189764165558074
0.09189864165680961
0.0920642146641369
0.09182622367199228
0.09163624252029073
0.09136845454549733
0.09099698428928678
0.09086430547033157
0.09079631839097091
0.09094094468067626
0.09112298224633647
0.09165473088730441
0.09213148824397399
0.09235664210413926
0.09255906341191472
0.09259470940324795
0.09243621100334427
0.09227763254433188
0.09187028146880631
0.09165439029857946
0.09155442015952782
0.09144450755497584
0.09147073448726857
0.09155441347802938
0.09176130920016097
0.09195034307921318
0.0921184613821264
0.09242312473494801
0.09238862853882235
0.0922432480115255
0.09195123888846542
0.0913434268285682
0.09113413921815394
0.09067210268386955
0.0904736800556502
0.09035323119530483
0.09036308724253098
0.09064962724735258
0.09085295856522733
0.09134109115760171
0.09192021400239413
0.09220840262181622
0.09245415651957445
0.09252998635925287
0.09227938780850829
0.09207641319738771
0.09137958391293477
0.09133736064845888
0.09114698811473641
0.09122064234866269
0.09154568765751812
0.0916132337174889
0.09207964368153544
0.09228538312750682
0.09261597303220721
0.09259668717961196
0.09249879868368868
0.09212995064340256
0.09174054302903777
0.09116351794339303
0.09085891125256372
0.09063842821145242
0.09063906070313531
0.09071708147129687
0.09109626786414568
0.09148414749707721
0.09193853972666055
0.09231696616564829
0.09270059062383847
0.09273369452854353
0.0927722605186124
0.09235420847525833
0.09192543679663423
0.0915924624035043
0.09120396926585413
0.09098521533459221
0.0911710686265639
0.09127539221340591
0.09156346672965011
0.09185961937573327
0.09206116147515951
0.09224596320937593
0.09234824774315344
0.09216279845339118
0.09188939824178727
0.09126656162626005
0.09083887250083947
0.09048825185882531
0.09025820561841513
0.09033274739744211
0.09041269814499443
0.090612334794572
0.09112587679087586
0.0916168499359592
0.09196694213396575
0.09220422842583696
0.09236736483739441
0.09226815227971087
0.09197266036101313
0.09164892094815544
0.09140808557129995
0.09121532047274826
0.09125960919395458
0.09130592734196251
0.09167921408354628
0.09197511991685324
0.09246001514624053
0.09270949088784208
0.09281998138449683
0.09293036546165294
0.09263509559641928
0.09220486556731687
0.09174920774607495
0.09128634941786223
0.09096539953084404
0.09066229209139308
0.09067575755751112
0.0909662334575936
0.09137568300471131
0.09187162103206917
0.09212728681064068
0.09237274678459009
0.0924084712735909
0.0922947208173512
0.09191817825370327
0.09159285561305903
0.09104287889870481
0.09061121972590469
0.0903879294328779
0.09009767647767081
0.09031480912237783
0.09052823361547696
0.09094236350695054
0.09153704298229458
0.09187986416388577
0.09229380369178734
0.09248359545361533
0.09256532747282643
0.09251004093947776
0.09217888210241375
0.09188269526774506
0.0916133489931092
0.09141183485696124
0.09135997763467701
0.09147943985078182
0.09138243823684973
0.09172337437526716
0.09219324647566977
0.09229745120672378
0.09271041205564566
0.09270263850577046
0.09239139537479804
0.0924186151664028
0.09186394435729711
0.09142430121762928
0.09112141878025437
0.09064897885996169
0.09074962652099548
0.09077628892947631
0.09086987624736853
0.09121238511145238
0.09180374496965435
0.09203279766659894
0.09230514730758844
0.09223960291509503
0.0920333865679212
0.0917707134011144
0.09148319912075902
0.09129396221107688
0.09122962589404435
0.09102314506652362
0.09108876292510144
0.09131378584610902
0.09155774548032392
0.09163317517160685
0.09222980624072963
0.09237165859451603
0.09233599395664416
0.09202314980895812
