t	x	y
-0.00028642499	-0.09505827522	-0.00117088509
0.01636199511	-0.09303242810	0.01696349695
0.02468620516	-0.09157574285	0.02929586570
0.03301041521	-0.08628879174	0.03909236992
0.04133462526	-0.08086813859	0.04891498198
0.04965883531	-0.07469198937	0.05890353124
0.05798304536	-0.06659463718	0.06744561238
0.06630725541	-0.05804411478	0.07498052651
0.07463146546	-0.04872639727	0.08232320035
0.08295567551	-0.03827398935	0.08724879826
0.09127988556	-0.02723027619	0.09035408626
0.09960409561	-0.01563351477	0.09309195848
0.10792830570	-0.00432582883	0.09339692549
0.11625251570	0.00760125909	0.09319016654
0.12457672580	0.01878772495	0.09168795727
0.13290093580	0.02931806156	0.08841238745
0.14122514590	0.03971000679	0.08411469059
0.14954935590	0.04974813950	0.07788097577
0.15787356600	0.05884364284	0.07088818444
0.16619777600	0.06741663886	0.06248516312
0.17452198610	0.07492102815	0.05295617516
0.18284619610	0.08046122371	0.04306179871
0.19117040610	0.08452394637	0.03269748923
0.19949461620	0.08755177103	0.02153297719
0.20781882620	0.08923708497	0.00967711706
0.21614303630	0.09013418283	-0.00224994505
0.22446724630	0.08939470997	-0.01456656647
0.23279145640	0.08686679302	-0.02655211010
0.24111566640	0.08256144673	-0.03700735282
0.24943987650	0.07690340320	-0.04718810105
0.25776408650	0.06955092919	-0.05644165108
0.26983419110	0.06178268950	-0.06485795499
0.27815840120	0.04836321062	-0.07634652657
0.28648261120	0.03798010708	-0.08228073662
0.29480682130	0.02675808021	-0.08658334505
0.30313103130	0.01474376805	-0.08925455515
0.31145524140	0.00247963000	-0.09007705707
0.31977945140	-0.00998168945	-0.08933927028
0.32810366150	-0.02135307717	-0.08752800507
0.33642787150	-0.03302706699	-0.08463067476
0.34475208160	-0.04363295607	-0.07969063944
0.35307629160	-0.05354597261	-0.07381042340
0.36140050170	-0.06281983798	-0.06637292152
0.36972471170	-0.07070093567	-0.05759310252
0.37804892180	-0.07778350751	-0.04816384124
0.38637313180	-0.08332370191	-0.03824833654
0.39469734190	-0.08734196004	-0.02729481105
0.40302155190	-0.09018399495	-0.01589520857
0.41134576200	-0.09129279312	-0.00467935033
0.41966997200	-0.09116751777	0.00710893206
0.42799418210	-0.08964185748	0.01895986852
0.43631839210	-0.08686156720	0.03040875542
0.44464260220	-0.08261282003	0.04084263311
0.45296681220	-0.07734107975	0.05098841749
0.46129102230	-0.07077164136	0.05995070446
0.46961523230	-0.06282861580	0.06788653354
0.47793944240	-0.05412731657	0.07545566883
0.48626365240	-0.04441969041	0.08170383674
0.49458786250	-0.03410027292	0.08664706240
0.50291207250	-0.02297171576	0.09054919054
0.51123628260	-0.01170453477	0.09307653615
0.51956049260	0.00023986460	0.09336121297
0.52788470270	0.01168203039	0.09238995823
0.53620891270	0.02315034114	0.09000737236
0.54453312270	0.03439074041	0.08608893865
0.55285733280	0.04521862015	0.08122879083
0.56118154280	0.05532421088	0.07500659873
0.56950575290	0.06436538979	0.06751777317
0.57782996290	0.07227956047	0.05877160056
0.58615417300	0.07862574950	0.04900900286
0.59447838300	0.08398413233	0.03858110346
0.60280259310	0.08811941352	0.02735168426
0.61112680310	0.09040893277	0.01609002554
0.61945101320	0.09148393113	0.00450377981
0.62777522320	0.09134614490	-0.00709756399
0.63609943330	0.08931519768	-0.01869914751
0.64442364330	0.08590240354	-0.02993011128
0.65274785340	0.08116980304	-0.04079129302
0.66107206340	0.07526460044	-0.05063679956
0.66939627350	0.06827756003	-0.05974108638
0.67772048350	0.06020179504	-0.06803558773
0.68604469360	0.05116551317	-0.07537501726
0.69436890360	0.04057134069	-0.08116298964
0.70269311370	0.02963164435	-0.08580781497
0.71101732370	0.01823035000	-0.08890449305
0.71934153380	0.00662462429	-0.09032593688
0.72766574380	-0.00523412425	-0.09045425978
0.73598995390	-0.01681842655	-0.08902387808
0.74431416390	-0.02864554580	-0.08600255644
0.75263837400	-0.03966860340	-0.08127406161
0.76096258400	-0.05030006434	-0.07527300018
0.76928679410	-0.05974615259	-0.06819337344
0.77761100410	-0.06822315353	-0.05983743572
0.78593521420	-0.07561789347	-0.05093381159
0.79425942420	-0.08194753173	-0.04044479313
0.80258363430	-0.08685959434	-0.02928571117
0.81049163380	-0.09026070101	-0.01752292595
0.81881584390	-0.09180699277	-0.00585719764
0.82714005390	-0.09179448035	0.00595277567
0.83546426400	-0.09036266780	0.01737302528
0.84378847400	-0.08723203291	0.02849767573
0.85211268410	-0.08298826314	0.03921944216
0.86043689410	-0.07771225120	0.04939056934
0.86876110420	-0.07115867699	0.05844402353
0.87708531420	-0.06350991747	0.06690158899
0.88540952430	-0.05464222654	0.07455794501
0.89373373430	-0.04507045764	0.08069519645
0.90205794440	-0.03446112079	0.08590863214
0.91038215440	-0.02366140069	0.08975982038
0.91870636450	-0.01247831323	0.09204890117
0.92703057450	-0.00122388671	0.09307317784
0.93535478460	0.01001243433	0.09272901298
0.94367899460	0.02129781541	0.09077865516
0.95200320470	0.03233823891	0.08728161062
0.96032741470	0.04333222021	0.08240130790
0.96865162480	0.05337168922	0.07623828182
0.97697583480	0.06275661592	0.06889630217
0.98530004490	0.07061028770	0.06038978481
0.99362425490	0.07734576175	0.05111225060
1.00194846500	0.08299430303	0.04100920512
1.01027267500	0.08744271122	0.03009759355
1.01859688500	0.09059329402	0.01835670533
1.02692109500	0.09218078507	0.00623280304
1.03524530500	0.09201880622	-0.00552045249
1.04356951500	0.09043430499	-0.01690476935
1.05189372500	0.08710894919	-0.02851856154
1.06021793500	0.08245288960	-0.03938059510
1.06854214500	0.07693857813	-0.04939733435
1.07686635500	0.06977332654	-0.05883636416
1.08519056500	0.06195786862	-0.06729865402
1.09351477600	0.05263866616	-0.07462186601
1.10183898600	0.04249404518	-0.08070353754
1.11016319600	0.03146016699	-0.08527322961
1.11848740600	0.01981815815	-0.08854830771
1.12681161600	0.00808287286	-0.09033850647
1.13513582600	-0.00373110978	-0.09062196671
1.14346003600	-0.01556395450	-0.08941454127
1.15178424600	-0.02759809126	-0.08654199491
1.16010845600	-0.03834246818	-0.08209935202
1.16843266600	-0.04892608080	-0.07647494201
1.17675687600	-0.05853487654	-0.06935379070
1.18508108600	-0.06697329879	-0.06131935301
1.19340529600	-0.07432891530	-0.05239012533
1.20172950600	-0.08073705225	-0.04227535480
1.21005371600	-0.08583637671	-0.03138754836
1.21837792600	-0.08936007132	-0.02042538155
1.22670213600	-0.09141334714	-0.00883907145
1.23502634600	-0.09195597509	0.00275472370
1.24335055600	-0.09094762806	0.01420216850
1.25167476600	-0.08867420731	0.02553571705
1.25999897600	-0.08441201000	0.03684411743
1.26832318700	-0.07922495705	0.04737873856
1.27664739700	-0.07276913845	0.05684929662
1.28497160700	-0.06511031867	0.06533504043
1.29329581700	-0.05660564247	0.07281588688
1.30162002700	-0.04695877602	0.07933560077
1.30994423700	-0.03699393770	0.08420679143
1.31826844700	-0.02575106084	0.08835796440
1.32659265700	-0.01448890995	0.09111255676
1.33491686700	-0.00282409151	0.09218005579
1.34324107700	0.00866233650	0.09225663729
1.35114907700	0.02014417256	0.09018810182
1.35947328700	0.03100237536	0.08732338990
1.36779749700	0.04134236887	0.08276752219
1.37612170700	0.05122355908	0.07696713694
1.38444591700	0.06041133898	0.07017780129
1.39277012700	0.06853561009	0.06210291529
1.40109433700	0.07579976399	0.05300191858
1.40941854700	0.08172463836	0.04269210397
1.41774275700	0.08639791186	0.03177258010
1.42606696700	0.08954669823	0.02028561527
1.43439117700	0.09128945832	0.00845874651
1.44271538700	0.09162258262	-0.00341118581
1.45103959700	0.09046118503	-0.01518424569
1.45936380700	0.08767989349	-0.02667321635
1.46768801700	0.08370250604	-0.03752910398
1.47601222700	0.07846498043	-0.04779700222
1.48433643700	0.07162286705	-0.05753006148
1.49266064700	0.06384188445	-0.06628786531
1.50098485700	0.05465960895	-0.07370087758
1.50930906700	0.04477922146	-0.08012522958
1.51763327800	0.03400415710	-0.08516849976
1.52595748800	0.02218712076	-0.08876859052
1.53428169800	0.01014810873	-0.09081048768
1.54260590800	-0.00193310389	-0.09114295023
1.55093011800	-0.01376739042	-0.09016248310
1.55925432800	-0.02576944761	-0.08766754679
1.56757853800	-0.03684961654	-0.08348798575
1.57590274800	-0.04738620886	-0.07808593959
1.58422695800	-0.05689015067	-0.07138323561
1.59255116800	-0.06577934386	-0.06339064951
1.60087537800	-0.07334002891	-0.05436854040
1.60919958800	-0.07951033527	-0.04461744396
1.61752379800	-0.08476732727	-0.03408068599
1.62584800800	-0.08836935926	-0.02287538829
1.63417221800	-0.09045672924	-0.01191089883
1.64249642800	-0.09132518728	-0.00007974879
1.65082063800	-0.09039640113	0.01144598586
1.65914484800	-0.08839557315	0.02313649557
1.66746905800	-0.08492777238	0.03416042122
1.67579326800	-0.08008201852	0.04470259942
1.68411747900	-0.07415286372	0.05470823671
1.69244168900	-0.06703097540	0.06334380719
1.70076589900	-0.05880923343	0.07136178966
1.70909010900	-0.04966234147	0.07799937102
1.71741431900	-0.03948993304	0.08365752313
1.72573852900	-0.02869154474	0.08800025670
1.73406273900	-0.01725431736	0.09068058408
1.74238694900	-0.00569824740	0.09244533803
1.75071115900	0.00575203255	0.09219214409
1.75903536900	0.01719339868	0.09075443996
1.76735957900	0.02855246072	0.08769485527
1.77568378900	0.03958810924	0.08323938447
1.78400799900	0.05007806607	0.07765507349
1.79233220900	0.05951005040	0.07063433951
1.80065641900	0.06781728791	0.06271307991
1.80898062900	0.07517244862	0.05387864815
1.81730483900	0.08094957790	0.04382065810
1.82562904900	0.08591240881	0.03311055853
1.83395325900	0.08891836900	0.02179798199
1.84227746900	0.09081115778	0.01027308640
1.85060168000	0.09113742334	-0.00150670692
1.85892589000	0.09011162732	-0.01327999043
1.86683388900	0.08759875180	-0.02469726264
1.87515809900	0.08370449544	-0.03568380122
1.88348230900	0.07874666492	-0.04608138654
1.89180651900	0.07247230009	-0.05552040947
1.90013072900	0.06496782462	-0.06461667489
1.90845493900	0.05615843873	-0.07268911158
1.91677914900	0.04638969569	-0.07932354308
1.92510335900	0.03596644822	-0.08470719659
1.93342757000	0.02458372661	-0.08857920729
1.94175178000	0.01276164368	-0.09073399767
1.95007599000	0.00073117757	-0.09160287238
1.95840020000	-0.01122488040	-0.09076304782
1.96672441000	-0.02340513690	-0.08854609159
1.97504862000	-0.03474299561	-0.08467597065
1.98337283000	-0.04588797079	-0.07922986111
1.99169704000	-0.05600128525	-0.07261822569
2.00002125000	-0.06521560082	-0.06498953848
2.00834546000	-0.07341392933	-0.05612578672
2.01666967000	-0.07998208753	-0.04648909666
2.02499388000	-0.08546885750	-0.03588956388
2.03331809000	-0.08918060851	-0.02482469643
2.04164230000	-0.09149132626	-0.01368683813
2.04996651000	-0.09207800869	-0.00284448861
2.05829072000	-0.09122053593	0.00929123796
2.06661493000	-0.08903494228	0.02052987021
2.07493914000	-0.08545692416	0.03173505096
2.08326335000	-0.08055273832	0.04237397952
2.09158756000	-0.07466775027	0.05236110407
2.09991177000	-0.06761439359	0.06128946812
2.10823598100	-0.05966525995	0.06924917475
2.11656019100	-0.05054131171	0.07634166190
2.12488440100	-0.04090887607	0.08231807294
2.13320861100	-0.03060694326	0.08682509772
2.14153282100	-0.01961093163	0.09021605840
2.14985703100	-0.00848711846	0.09191322947
2.15818124100	0.00271965006	0.09231154214
2.16650545100	0.01394510533	0.09106018355
2.17482966100	0.02534100374	0.08841500105
2.18315387100	0.03636070772	0.08441317459
2.19147808100	0.04688157273	0.07890403508
2.19980229100	0.05676073319	0.07230574347
2.20812650100	0.06549734917	0.06434874782
2.21645071100	0.07329529956	0.05550404551
2.22477492100	0.07982126020	0.04569984662
2.23309913100	0.08500626264	0.03507059026
2.24142334100	0.08910525539	0.02384417473
2.24974755100	0.09152071992	0.01214672800
2.25807176100	0.09234325227	0.00043815480
2.26639597100	0.09148079476	-0.01138055447
2.27472018200	0.08911301461	-0.02257570477
2.28304439200	0.08530151236	-0.03386547241
2.29136860200	0.07996820231	-0.04415981190
2.29969281200	0.07328908716	-0.05399292237
2.30801702200	0.06569491720	-0.06318648882
2.31634123200	0.05686313746	-0.07101200524
2.32466544200	0.04728621222	-0.07807790669
2.33298965200	0.03668904047	-0.08348466007
2.34131386200	0.02547897604	-0.08783266780
2.34963807200	0.01389260836	-0.09061247623
2.35796228200	0.00243732094	-0.09166401152
2.36628649200	-0.00939707242	-0.09149746031
2.37419449200	-0.02026239633	-0.08939886866
2.38251870200	-0.03205921192	-0.08615937212
2.39084291200	-0.04258075521	-0.08112035030
2.39916712200	-0.05252758316	-0.07466196545
2.40749133200	-0.06161856456	-0.06729954256
2.41581554200	-0.06943556941	-0.05882302362
2.42413975200	-0.07661247679	-0.04931746376
2.43246396200	-0.08253530440	-0.03887185525
2.44078817200	-0.08707355377	-0.02754637903
2.44911238200	-0.09021457081	-0.01599748012
2.45743659200	-0.09154904495	-0.00456298883
2.46576080200	-0.09156870642	0.00750735287
2.47408501200	-0.08994280755	0.01909331367
2.48240922200	-0.08682837774	0.03024042208
2.49073343200	-0.08245173662	0.04070258684
2.49905764200	-0.07686944551	0.05057163666
2.50738185200	-0.06987148205	0.05957458328
2.51570606200	-0.06168910435	0.06789217909
2.52403027300	-0.05271586242	0.07489820604
2.53235448300	-0.04249926879	0.08069529979
2.54067869300	-0.03171552733	0.08554845781
2.54900290300	-0.02035314945	0.08889638796
2.55732711300	-0.00877185030	0.09119732794
2.56565132300	0.00268537038	0.09174038750
2.57397553300	0.01402785608	0.09087205721
2.58229974300	0.02543691014	0.08853584698
2.59062395300	0.03613870288	0.08489427336
2.59894816300	0.04650939624	0.07985235941
2.60727237300	0.05606257459	0.07349004227
2.61559658300	0.06464925152	0.06580223076
2.62392079300	0.07195299993	0.05721901208
2.63224500300	0.07824500224	0.04778210033
2.64056921300	0.08349785623	0.03715714332
2.64889342300	0.08716305938	0.02610021938
2.65721763300	0.08983270164	0.01413207941
2.66554184300	0.09090535171	0.00231962141
2.67386605300	0.09058672340	-0.00940950932
2.68219026300	0.08879155921	-0.02087998632
2.69051447300	0.08548695609	-0.03216625625
2.69883868400	0.08114291033	-0.04298763593
2.70716289400	0.07549645810	-0.05269255530
2.71548710400	0.06855555503	-0.06190995577
2.72381131400	0.06055360650	-0.06990101515
2.73213552400	0.05113482424	-0.07688986415
2.74045973400	0.04055913714	-0.08281839422
2.74878394400	0.02923609191	-0.08715914096
2.75710815400	0.01775222633	-0.08999419716
2.76543236400	0.00544967479	-0.09133617396
2.77375657400	-0.00662992240	-0.09117762471
2.78208078400	-0.01855126993	-0.08961237660
2.79040499400	-0.03054656651	-0.08629114407
2.79872920400	-0.04175863166	-0.08171895290
2.80705341400	-0.05248613189	-0.07563961976
2.81537762400	-0.06183352705	-0.06856116429
2.82370183400	-0.07015098006	-0.06033873528
2.83202604400	-0.07711939425	-0.05109573438
2.84035025400	-0.08311001738	-0.04080847912
2.84867446400	-0.08731570719	-0.02991671027
2.85699867400	-0.09009433521	-0.01863170656
2.86532288500	-0.09139821552	-0.00670815075
2.87364709500	-0.09103154228	0.00524158669
2.88197130500	-0.08930999776	0.01679218219
2.89029551500	-0.08618170904	0.02800271015
2.89861972500	-0.08195149090	0.03888133985
2.90694393500	-0.07659945523	0.04900743690
2.91526814500	-0.07001151452	0.05836006028
2.92359235500	-0.06259009604	0.06676623938
2.93191656500	-0.05414834981	0.07417057496
2.94024077500	-0.04455829300	0.08042362034
2.94814877500	-0.03434187759	0.08552093826
2.95647298500	-0.02356765888	0.08898713745
2.96479719500	-0.01221781953	0.09134941386
2.97312140500	-0.00086349905	0.09195286544
2.98144561500	0.01068379874	0.09120073689
2.98976982500	0.02193805613	0.08902517100
2.99809403500	0.03327211707	0.08538421262
3.00641824500	0.04406449441	0.08055398296
3.01474245500	0.05462136302	0.07425982341
3.02306666500	0.06384799555	0.06696368228
3.03139087500	0.07181338275	0.05845029611
3.03971508500	0.07896342007	0.04909234743
3.04803929500	0.08454816064	0.03893017981
3.05636350500	0.08875290103	0.02792631530
3.06468771500	0.09124407885	0.01644959207
3.07301192500	0.09244437964	0.00469945913
3.08133613500	0.09186767888	-0.00701648662
3.08966034500	0.08989349656	-0.01855338379
3.09798455500	0.08624949198	-0.02978958904
3.10630876500	0.08157808684	-0.04061705697
3.11463297600	0.07558592161	-0.05075242794
3.12295718600	0.06826621928	-0.06019809818
3.13128139600	0.06005331382	-0.06898917765
3.13960560600	0.05070543325	-0.07629615336
3.14792981600	0.04073834178	-0.08230494351
3.15625402600	0.02994442802	-0.08707528117
3.16457823600	0.01858315012	-0.09013464086
3.17290244600	0.00702865454	-0.09170414851
3.18122665600	-0.00456468996	-0.09174120824
3.18955086600	-0.01600505367	-0.09015643484
3.19787507600	-0.02765352681	-0.08716462384
3.20619928600	-0.03855487027	-0.08250826795
3.21452349600	-0.04895902051	-0.07645850706
3.22284770600	-0.05839653512	-0.06923563725
3.23117191600	-0.06715345467	-0.06106101020
3.23949612600	-0.07470592490	-0.05184932062
3.24782033600	-0.08102548013	-0.04177642012
3.25614454600	-0.08621474084	-0.03088897734
3.26446875600	-0.08963571079	-0.01971854856
3.27279296600	-0.09161327659	-0.00839544526
3.28111717700	-0.09209045511	0.00303257632
3.28944138700	-0.09087596311	0.01454373595
3.29776559700	-0.08828132877	0.02600869941
3.30608980700	-0.08422952293	0.03693530456
3.31441401700	-0.07875258842	0.04710996340
3.32273822700	-0.07213197594	0.05671082284
3.33106243700	-0.06443561259	0.06502733501
3.33938664700	-0.05563053609	0.07266789047
3.34771085700	-0.04583279384	0.07924639888
3.35603506700	-0.03533983519	0.08437746315
3.36435927700	-0.02421979044	0.08844469707
3.37268348700	-0.01290843483	0.09103066745
3.38100769700	-0.00149371197	0.09194021304
3.38933190700	0.00995035212	0.09174890130
3.39765611700	0.02086730238	0.08969681836
3.40598032700	0.03183529346	0.08640396527
3.41430453700	0.04249628066	0.08167314903
3.42262874700	0.05224282160	0.07569227120
3.43095295700	0.06127525695	0.06861654399
3.43927716700	0.06925629899	0.06018303260
3.44760137700	0.07638456245	0.05085197796
3.45592558800	0.08203802676	0.04049102635
3.46424979800	0.08672586290	0.02940427392
3.47215779700	0.09007644004	0.01799224997
3.48048200700	0.09170050218	0.00614387756
3.48880621700	0.09188768096	-0.00565675996
3.49713042700	0.09062498671	-0.01705787654
3.50545463700	0.08759453021	-0.02825632883
3.51377884700	0.08352856075	-0.03890267632
3.52210305700	0.07787542377	-0.04905503416
3.53042726700	0.07089923264	-0.05849986683
3.53875147800	0.06260659104	-0.06718169808
3.54707568800	0.05330869830	-0.07451438977
3.55539989800	0.04314721522	-0.08094019019
3.56372410800	0.03195534382	-0.08596275542
3.57204831800	0.02031933227	-0.08932640890
3.58037252800	0.00829412038	-0.09136969828
3.58869673800	-0.00382059441	-0.09173462668
3.59702094800	-0.01574043655	-0.09069682974
3.60534515800	-0.02753211474	-0.08815264151
3.61366936800	-0.03850534398	-0.08400063132
3.62199357800	-0.04908772600	-0.07819107200
3.63031778800	-0.05822531513	-0.07144330147
3.63864199800	-0.06662085643	-0.06328310792
3.64696620800	-0.07367760086	-0.05420647736
3.65529041800	-0.07964055531	-0.04415221633
3.66361462800	-0.08447818785	-0.03339854611
3.67193883800	-0.08770259361	-0.02192658348
3.68026304800	-0.08970683390	-0.01067075061
3.68858725800	-0.09030965713	0.00127729195
3.69691146800	-0.08948386960	0.01295016219
3.70523567900	-0.08725328104	0.02446707544
3.71355988900	-0.08371233875	0.03536261539
3.72188409900	-0.07908154378	0.04556256503
3.73020830900	-0.07301976050	0.05505916701
3.73853251900	-0.06586715036	0.06360277366
3.74685672900	-0.05757475268	0.07119293166
3.75518093900	-0.04822920907	0.07771965990
3.76350514900	-0.03815662658	0.08302016187
3.77182935900	-0.02711243289	0.08722861260
3.78015356900	-0.01553202291	0.08986594425
3.78847777900	-0.00404993104	0.09119637526
3.79680198900	0.00758530902	0.09104206465
3.80512619900	0.01924408606	0.08953784940
3.81345040900	0.03066735973	0.08653320972
3.82177461900	0.04162711828	0.08218479939
3.83009882900	0.05189039139	0.07671873979
3.83842303900	0.06122166264	0.06971849910
3.84674724900	0.06951536213	0.06180911412
3.85507145900	0.07649615334	0.05279847749
3.86339566900	0.08190978893	0.04269922273
3.87171988000	0.08661330786	0.03186070104
3.88004409000	0.08945315120	0.02032258764
3.88836830000	0.09109747050	0.00855669603
3.89669251000	0.09113103167	-0.00339719863
3.90501672000	0.08990579242	-0.01536509443
3.91334093000	0.08718979959	-0.02721217267
3.92166514000	0.08285010230	-0.03826602083
3.92998935000	0.07757279031	-0.04862422411
3.93831356000	0.07091357907	-0.05835063483
3.94663777000	0.06355853328	-0.06701645066
3.95496198000	0.05472150927	-0.07458989440
3.96328619000	0.04491617085	-0.08092054260
3.97119419000	0.03453362332	-0.08604397764
3.97951840000	0.02306585392	-0.08948170855
3.98784261000	0.01133304463	-0.09160161413
3.99616682000	-0.00072642382	-0.09227079469
4.00449103000	-0.01263200835	-0.09132382502
4.01281524000	-0.02468514406	-0.08904085628
4.02113945000	-0.03611585049	-0.08485184592
4.02946366000	-0.04690262510	-0.07948701467
4.03778787000	-0.05694534727	-0.07285633080
4.04611208000	-0.06590722380	-0.06503769626
4.05443629000	-0.07387299252	-0.05607726863
4.06276050000	-0.08070831640	-0.04614307883
4.07108471000	-0.08608531770	-0.03539013193
4.07940892000	-0.08973996733	-0.02424713583
4.08773313000	-0.09157751922	-0.01299913266
4.09605734000	-0.09198631129	-0.00165164869
4.10438155000	-0.09106024302	0.00992297189
4.11270576000	-0.08866016364	0.02197356947
4.12102997000	-0.08485980260	0.03299122344
4.12935418100	-0.08000299320	0.04341762939
4.13767839100	-0.07402136681	0.05322558738
4.14600260100	-0.06696039368	0.06216753454
4.15432681100	-0.05878620785	0.06989645226
4.16265102100	-0.04968523468	0.07682518196
4.17097523100	-0.03981364973	0.08249384909
4.17929944100	-0.02928053037	0.08676168350
4.18762365100	-0.01826515038	0.08963732432
4.19594786100	-0.00690194786	0.09112633621
4.20427207100	0.00442113737	0.09119950543
4.21259628100	0.01578017415	0.08976281397
4.22092049100	0.02712898113	0.08663608702
4.22924470100	0.03804579055	0.08233418385
4.23756891100	0.04856687756	0.07664220213
4.24589312100	0.05815353076	0.06966206707
4.25421733100	0.06679489005	0.06199961403
4.26254154100	0.07448594824	0.05310253668
4.27086575100	0.08073268947	0.04336332827
4.27918996100	0.08593334249	0.03284731523
4.28751417100	0.08934388434	0.02150689945
4.29583838200	0.09127298916	0.00998877405
4.30416259200	0.09173437029	-0.00175863822
4.31248680200	0.09072165934	-0.01340114704
4.32081101200	0.08773177881	-0.02476209427
4.32913522200	0.08338445418	-0.03615515596
4.33745943200	0.07814814696	-0.04662068027
4.34578364200	0.07130271785	-0.05624378997
4.35410785200	0.06354904940	-0.06534962775
4.36243206200	0.05448716481	-0.07328490868
4.37075627200	0.04473131703	-0.08031659167
4.37908048200	0.03392904801	-0.08580766916
4.38740469200	0.02262008154	-0.08972268841
4.39572890200	0.01115612400	-0.09209675462
4.40405311200	-0.00062539188	-0.09270586736
4.41237732200	-0.01224389287	-0.09204149875
4.42070153200	-0.02361031743	-0.08966292418
4.42902574200	-0.03471420362	-0.08575355304
4.43734995200	-0.04532807194	-0.08049815208
4.44567416200	-0.05506966043	-0.07381671818
4.45399837200	-0.06405850302	-0.06605088020
4.46232258300	-0.07202464893	-0.05748359485
4.47064679300	-0.07901952342	-0.04741575634
4.47897100300	-0.08462301740	-0.03682361792
4.48729521300	-0.08884472825	-0.02580603219
4.49561942300	-0.09158257481	-0.01485597568
4.50352742200	-0.09283662128	-0.00363954980
4.51185163200	-0.09250101629	0.00816627991
4.52017584200	-0.09066310036	0.01999429329
4.52850005200	-0.08735025009	0.03121270380
4.53682426200	-0.08260378505	0.04153894224
4.54514847300	-0.07667944869	0.05145785596
4.55347268300	-0.06940614943	0.06021768353
4.56179689300	-0.06110097389	0.06821849297
4.57012110300	-0.05164868618	0.07521112474
4.57844531300	-0.04146030911	0.08074728145
4.58676952300	-0.03031304930	0.08574438309
4.59509373300	-0.01922003326	0.08891856633
4.60341794300	-0.00786155839	0.09072917032
4.61174215300	0.00361048375	0.09115214571
4.62006636300	0.01481824729	0.09014987310
4.62839057300	0.02596285045	0.08755196596
4.63671478300	0.03662858200	0.08356907776
4.64503899300	0.04697152968	0.07814858729
4.65336320300	0.05635245774	0.07150261664
4.66168741300	0.06463153673	0.06368005081
4.67001162300	0.07227177571	0.05493327687
4.67833583300	0.07843140678	0.04490289653
4.68666004300	0.08351063479	0.03433226703
4.69498425300	0.08742665217	0.02277778795
4.70330846300	0.08987923251	0.01097984193
4.71163267400	0.09091684557	-0.00077164191
4.71995688400	0.09042402137	-0.01237631286
4.72828109400	0.08823549776	-0.02373879823
4.73660530400	0.08479098545	-0.03475021072
4.74492951400	0.07986087888	-0.04495957984
4.75325372400	0.07379602867	-0.05479846601
4.76157793400	0.06634332822	-0.06382697529
4.76990214400	0.05757708665	-0.07156944327
4.77822635400	0.04786639106	-0.07866875444
4.78655056400	0.03688308652	-0.08399148660
4.79487477400	0.02537203565	-0.08821975599
4.80319898400	0.01324144518	-0.09086819938
4.81152319400	0.00105327977	-0.09197222413
4.81984740400	-0.01094815867	-0.09179888698
4.82817161400	-0.02251121563	-0.08993574026
4.83649582400	-0.03433407752	-0.08653823847
4.84482003400	-0.04524772357	-0.08168134545
4.85314424400	-0.05518621886	-0.07520609834
4.86146845400	-0.06397667481	-0.06784183990
4.86979266400	-0.07176975872	-0.05923996022
4.87811687400	-0.07841829453	-0.04962199899
4.88644108500	-0.08358710417	-0.03917597079
4.89476529500	-0.08759178535	-0.02820262323
4.90308950500	-0.09007970571	-0.01661733474
4.91141371500	-0.09112790440	-0.00556443398
4.91973792500	-0.09086491177	0.00667399034
4.92806213500	-0.08914883889	0.01850260584
4.93638634500	-0.08606343976	0.02999578572
4.94471055500	-0.08184480682	0.04056696811
4.95303476500	-0.07649719682	0.05065077350
4.96135897500	-0.06987102440	0.05944820457
4.96968318500	-0.06225405942	0.06778759344
4.97800739500	-0.05378293860	0.07474293179
4.98633160500	-0.04397843396	0.08059349299
4.99465581500	-0.03339541221	0.08520693378
5.00298002500	-0.02228443574	0.08856303421
5.01130423500	-0.01099000223	0.09040810128
5.01962844500	0.00063189012	0.09088899522
5.02795265500	0.01220921639	0.09002580000
5.03627686500	0.02352646748	0.08755537349
5.04460107500	0.03513746023	0.08398105931
5.05292528600	0.04599025829	0.07887351115
5.06083328500	0.05598619108	0.07233893953
5.06915749500	0.06465256458	0.06507506832
5.07748170500	0.07267040097	0.05651002677
5.08580591500	0.07913422934	0.04702664118
5.09413012500	0.08441020367	0.03652453262
5.10245433500	0.08815848132	0.02545929331
5.11077854500	0.09062749888	0.01381570913
5.11910275500	0.09154242916	0.00168663860
5.12742696500	0.09082455953	-0.01003391092
5.13575117600	0.08847257701	-0.02160229254
5.14407538600	0.08494152427	-0.03288817394
5.15239959600	0.07994615499	-0.04365508850
5.16072380600	0.07384160783	-0.05372139337
5.16904801600	0.06646078031	-0.06310938118
5.17737222600	0.05782711048	-0.07135556372
5.18569643600	0.04872786826	-0.07829213981
5.19402064600	0.03822771511	-0.08381671714
5.20234485600	0.02722312324	-0.08793577354
5.21066906600	0.01552266811	-0.09060195071
5.21899327600	0.00385320243	-0.09160989978
5.22731748600	-0.00801484927	-0.09143856211
5.23564169600	-0.01929811628	-0.08948288404
5.24396590600	-0.03110612038	-0.08615402995
5.25229011600	-0.04237583984	-0.08139395121
5.26061432600	-0.05246376838	-0.07513484536
5.26893853600	-0.06192567154	-0.06803171321
5.27726274600	-0.07010616401	-0.05971989739
5.28558695600	-0.07732475146	-0.05056530389
5.29391116600	-0.08304002155	-0.04034732793
5.30223537700	-0.08753442199	-0.02981374624
5.31055958700	-0.09042431529	-0.01863216941
5.31888379700	-0.09184873656	-0.00710946678
5.32720800700	-0.09185742642	0.00470290693
5.33553221700	-0.09015029851	0.01641717389
5.34385642700	-0.08721025795	0.02767512376
5.35218063700	-0.08265613027	0.03864580839
5.36050484700	-0.07698314821	0.04896315025
5.36882905700	-0.07031526883	0.05836594606
5.37715326700	-0.06264170377	0.06673005584
5.38547747700	-0.05388039020	0.07406439687
5.39380168700	-0.04426288962	0.08028171454
5.40212589700	-0.03386654144	0.08534684635
5.41045010700	-0.02291557688	0.08886407221
5.41877431700	-0.01168549452	0.09129162987
5.42709852700	-0.00031855197	0.09174305296
5.43542273700	0.01108452561	0.09105055185
5.44374694700	0.02209108905	0.08855432738
5.45207115700	0.03312641302	0.08478850947
5.46039536700	0.04390640823	0.07984535629
5.46871957800	0.05398640851	0.07346500497
5.47704378800	0.06313436831	0.06609255943
5.48536799800	0.07097648334	0.05765293088
5.49369220800	0.07792694831	0.04823934349
5.50201641800	0.08378947911	0.03802284751
5.51034062800	0.08795746315	0.02698652273
5.51866483800	0.09092151734	0.01558134248
5.52698904800	0.09219145431	0.00385665639
5.53531325800	0.09188277196	-0.00763872417
5.54363746800	0.08993489732	-0.01897492860
5.55196167800	0.08644904013	-0.03022841908
5.56028588800	0.08161598032	-0.04086579307
5.56861009800	0.07565376211	-0.05106418465
5.58068020300	0.06816643179	-0.06062978389
5.58900441300	0.05471171096	-0.07337660767
5.59732862300	0.04486825322	-0.08011654361
5.60565283300	0.03394346834	-0.08546765562
5.61397704300	0.02237572124	-0.08938277570
5.62230125300	0.01056940139	-0.09171867582
5.63062546300	-0.00098830456	-0.09239699304
5.63894967300	-0.01273912456	-0.09169853425
5.64727388300	-0.02453953198	-0.08916151327
5.65559809300	-0.03545964870	-0.08508219046
5.66392230300	-0.04607527494	-0.07950754887
5.67224651300	-0.05551482658	-0.07272644223
5.68057072300	-0.06418928328	-0.06497727025
5.68889493300	-0.07175417412	-0.05591077335
5.69721914300	-0.07842883387	-0.04606730854
5.70554335300	-0.08377659354	-0.03545055012
5.71386756300	-0.08773831356	-0.02429391719
5.72219177400	-0.09033631258	-0.01322731311
5.73051598400	-0.09132308592	-0.00150784760
5.73884019400	-0.09108855624	0.01002886916
5.74716440400	-0.08901444321	0.02141593311
5.75548861400	-0.08579650734	0.03221841183
5.76381282400	-0.08119079071	0.04282166050
5.77213703400	-0.07519515527	0.05246587892
5.78046124400	-0.06816778583	0.06136174962
5.78878545400	-0.05982662352	0.06917497592
5.79710966400	-0.05062399354	0.07594479558
5.80543387400	-0.04051552330	0.08170827538
5.81375808400	-0.02939506570	0.08626926830
5.82208229400	-0.01812455908	0.08959009033
5.83040650400	-0.00693074257	0.09131867442
5.83873071400	0.00499801841	0.09175006543
5.84705492400	0.01595172885	0.09059991631
5.85537913400	0.02734726107	0.08796453333
5.86370334400	0.03810409161	0.08367860391
5.87202755400	0.04857993201	0.07826964432
5.88035176400	0.05789276247	0.07159530624
5.88867597400	0.06621782464	0.06373901787
5.89700018500	0.07363492179	0.05474225695
5.90532439500	0.07986633869	0.04483789010
5.91364860500	0.08469641790	0.03406598511
5.92197281500	0.08831689479	0.02275110591
5.93029702500	0.09059166128	0.01084759416
5.93862123500	0.09126666398	-0.00100872421
5.94694544500	0.09049128976	-0.01248504060
5.95526965500	0.08808220279	-0.02392870990
5.96359386500	0.08438814790	-0.03475707055
5.97191807500	0.07940501182	-0.04498412580
5.98024228500	0.07305825526	-0.05467060041
5.98856649500	0.06553545491	-0.06376274772
5.99689070500	0.05679770873	-0.07166731134
6.00521491500	0.04714706121	-0.07828770881
6.01353912500	0.03647155009	-0.08359293089
6.02186333500	0.02513835087	-0.08769527618
6.03018754500	0.01309493439	-0.09013375339
6.03851175500	0.00114182127	-0.09118023423
6.04683596500	-0.01077712327	-0.09078511241
6.05516017500	-0.02273691610	-0.08884040656
6.06348438600	-0.03427310408	-0.08543794769
6.07180859600	-0.04506483910	-0.08034179828
6.08013280600	-0.05502684615	-0.07400720491
6.08845701600	-0.06411668210	-0.06650487234
6.09636501500	-0.07193536518	-0.05775238804
6.10468922500	-0.07851474718	-0.04821372552
6.11301343500	-0.08404334622	-0.03752909157
6.12133764500	-0.08803941682	-0.02664672577
6.12966185500	-0.09039073032	-0.01533593327
6.13798606500	-0.09146905476	-0.00372553463
6.14631027600	-0.09105165908	0.00844163172
6.15463448600	-0.08899244015	0.02022521798
6.16295869600	-0.08584443686	0.03148102212
6.17128290600	-0.08128856332	0.04211958939
6.17960711600	-0.07559998925	0.05204073248
6.18793132600	-0.06873711540	0.06089167658
6.19625553600	-0.06096268652	0.06873732934
6.20457974600	-0.05200421749	0.07573457125
6.21290395600	-0.04236148724	0.08136478921
6.22122816600	-0.03172081898	0.08591082785
6.22955237600	-0.02074284075	0.08913719886
6.23787658600	-0.00943535991	0.09086872425
6.24620079600	0.00189167335	0.09121710684
6.25452500600	0.01328830878	0.09016974861
6.26284921600	0.02469720558	0.08780640803
6.27117342600	0.03555909566	0.08403631693
6.27949763600	0.04631737295	0.07899109383
6.28782184600	0.05604532919	0.07258538350
6.29614605600	0.06509391251	0.06508255861
6.30447026600	0.07267413933	0.05647195512
6.31279447700	0.07913489105	0.04701869804
6.32111868700	0.08442748607	0.03651048441
6.32944289700	0.08823128715	0.02561693886
6.33776710700	0.09080377993	0.01386284328
6.34609131700	0.09159237009	0.00188912974
6.35441552700	0.09076025494	-0.00973114016
6.36273973700	0.08846389451	-0.02124463059
6.37106394700	0.08472543228	-0.03268501961
6.37938815700	0.07973149891	-0.04352624602
6.38771236700	0.07346678716	-0.05365052771
6.39603657700	0.06597041239	-0.06283802853
6.40436078700	0.05740745549	-0.07115458481
6.41268499700	0.04770704098	-0.07800846582
6.42100920700	0.03745670873	-0.08352637639
6.42933341700	0.02622705513	-0.08774091189
6.43765762700	0.01480644299	-0.09024270298
6.44598183700	0.00303896592	-0.09135387454
6.45430604700	-0.00874851662	-0.09086034773
6.46263025700	-0.01960189042	-0.08886651924
6.47095446700	-0.03166040201	-0.08535228495
6.47927867800	-0.04236737120	-0.08042516870
6.48760288800	-0.05267497661	-0.07424738702
6.49592709800	-0.06187092525	-0.06695496207
6.50425130800	-0.06999492620	-0.05860824452
6.51257551800	-0.07712644763	-0.04927056585
6.52089972800	-0.08316456302	-0.03895188193
6.52922393800	-0.08770844027	-0.02803869023
6.53754814800	-0.09090406358	-0.01697528211
6.54587235800	-0.09238272887	-0.00569059168
6.55419656800	-0.09248292180	0.00616821471
6.56252077800	-0.09088820652	0.01779564005
6.57084498800	-0.08789927653	0.02920431955
6.57916919800	-0.08336096938	0.04008473467
6.58749340800	-0.07769300694	0.05003544048
6.59581761800	-0.07075823314	0.05952866444
6.60414182800	-0.06273138768	0.06772221213
6.61204982800	-0.05369690983	0.07513238498
6.62037403800	-0.04358387248	0.08118587252
6.62869824800	-0.03296875946	0.08597655842
6.63702245800	-0.02188573289	0.08973849571
6.64534666800	-0.01035015088	0.09164169186
6.65367087800	0.00100657144	0.09223787017
6.66199508800	0.01234744109	0.09148655099
6.67031929800	0.02342042339	0.08887544426
6.67864350800	0.03452760850	0.08519748825
6.68696771800	0.04492214762	0.08012208595
6.69529192800	0.05460442343	0.07373481267
6.70361613800	0.06337363521	0.06637272030
6.71194034800	0.07085694858	0.05772650352
6.72026455800	0.07756919190	0.04799831163
6.72858876800	0.08282565934	0.03766948753
6.73691297900	0.08685804440	0.02678525026
6.74523718900	0.08952298674	0.01544688242
6.75356139900	0.09062579265	0.00378163173
6.76188560900	0.09049165523	-0.00775178867
6.77020981900	0.08869133752	-0.01928529073
6.77853402900	0.08554693545	-0.03040808108
6.78685823900	0.08112899404	-0.04112161107
6.79518244900	0.07553282513	-0.05113993775
6.80350665900	0.06839898021	-0.06067919877
6.81183086900	0.06014528845	-0.06922580945
6.82015507900	0.05079086042	-0.07662306677
6.82847928900	0.04029092759	-0.08244671979
6.83680349900	0.02916490422	-0.08721234446
6.84512770900	0.01735364901	-0.09019487115
6.85345191900	0.00518839444	-0.09175359290
6.86177612900	-0.00706850779	-0.09174499214
6.87010033900	-0.01885975312	-0.09001861753
6.87842454900	-0.03079192975	-0.08703395665
6.88674875900	-0.04189616086	-0.08218495437
6.89507296900	-0.05247555639	-0.07579187934
6.90339718000	-0.06181200345	-0.06849106364
6.91172139000	-0.07012008921	-0.05990356210
6.92004560000	-0.07714326967	-0.05044792195
6.92836981000	-0.08301844239	-0.04009749692
6.93669402000	-0.08723186346	-0.02934697220
6.94501823000	-0.09015239918	-0.01805276019
6.95334244000	-0.09142041615	-0.00698312877
6.96166665000	-0.09142578525	0.00471477879
6.96999086000	-0.08971717699	0.01627082257
6.97831507000	-0.08679209017	0.02763967920
6.98663928000	-0.08256920568	0.03823831560
6.99496349000	-0.07730096990	0.04833609572
7.00328770000	-0.07092736054	0.05724140254
7.01161191000	-0.06340870370	0.06575077496
7.01993612000	-0.05457368711	0.07325584501
7.02826033000	-0.04509301285	0.07940479659
7.03658454000	-0.03481231907	0.08467516541
7.04490875000	-0.02408507458	0.08843495741
7.05323296000	-0.01324531296	0.09100147538
7.06155717000	-0.00176112441	0.09185463883
7.06988138100	0.00940909004	0.09125160506
7.07820559100	0.02078960973	0.08952709179
7.08652980100	0.03186955348	0.08589213321
7.09485401100	0.04269262717	0.08124696714
7.10317822100	0.05280371970	0.07503278229
7.11150243100	0.06188913076	0.06781078302
7.11982664100	0.06991004822	0.05955464259
7.12815085100	0.07684931112	0.04996729865
7.13647506100	0.08282393477	0.03955798668
7.14479927100	0.08722866387	0.02853490676
7.15312348100	0.09008293456	0.01705597778
7.16144769100	0.09167887641	0.00502117741
7.16935569100	0.09156701962	-0.00675116703
7.17767990100	0.08993173372	-0.01804020444
7.18600411100	0.08665632666	-0.02942324554
7.19432832100	0.08209025904	-0.03989848827
7.20265253100	0.07614742737	-0.05012300344
7.21097674100	0.06884124779	-0.05956115511
7.21930095100	0.06047988335	-0.06802887514
7.22762516100	0.05107207877	-0.07515688738
7.23594937100	0.04088914202	-0.08126009506
7.24427358100	0.02960808218	-0.08585682549
7.25259779100	0.01809867754	-0.08911083716
7.26092200100	0.00642390951	-0.09070325608
7.26924621100	-0.00550137011	-0.09090984509
7.27757042100	-0.01717190177	-0.08967323880
7.28589463100	-0.02882158034	-0.08675857580
7.29421884100	-0.03969419015	-0.08237275032
7.30254305100	-0.04996288344	-0.07657989755
7.31086726100	-0.05913354818	-0.06958347127
7.31919147100	-0.06770566201	-0.06150713244
7.32751568200	-0.07475725695	-0.05221581167
7.33583989200	-0.08097149828	-0.04225101029
7.34416410200	-0.08589612871	-0.03115861816
7.35248831200	-0.08908269834	-0.01997189692
7.36081252200	-0.09095993081	-0.00877422393
7.36913673200	-0.09142358575	0.00323715149
7.37746094200	-0.09031578188	0.01494494075
7.38578515200	-0.08790241507	0.02652943812
7.39410936200	-0.08388593478	0.03733808253
7.40243357200	-0.07879441333	0.04769159067
7.41075778200	-0.07231712108	0.05711653868
7.41908199200	-0.06471927144	0.06552838428
7.42740620200	-0.05606799738	0.07293437800
7.43573041200	-0.04642596243	0.07923364420
7.44405462200	-0.03604589271	0.08435321488
7.45237883200	-0.02511941612	0.08816243303
7.46070304200	-0.01374014873	0.09074409662
7.46902725200	-0.00228208517	0.09167901994
7.47735146200	0.00897517992	0.09138987493
7.48567567200	0.02003494150	0.08956386330
7.49399988300	0.03126666847	0.08637345377
7.50232409300	0.04173974980	0.08192230985
7.51064830300	0.05178480329	0.07607662549
7.51897251300	0.06066679131	0.06888348326
7.52729672300	0.06860573729	0.06073437325
7.53562093300	0.07563272637	0.05178702040
7.54394514300	0.08130482865	0.04164362435
7.55226935300	0.08585927064	0.03092141426
7.56059356300	0.08916823162	0.01920416700
7.56891777300	0.09094495862	0.00748901480
7.57724198300	0.09126847639	-0.00412141760
7.58556619300	0.09002734510	-0.01619073530
7.59389040300	0.08720160633	-0.02751290519
7.60221461300	0.08318320222	-0.03834766918
7.61053882300	0.07800327054	-0.04851490561
7.61886303300	0.07090171043	-0.05834815442
7.62718724300	0.06317926170	-0.06705302442
7.63551145300	0.05365029533	-0.07440111343
7.64383566300	0.04364001674	-0.08082416764
7.65215987300	0.03227130999	-0.08547468353
7.66048408400	0.02038929343	-0.08872971401
7.66880829400	0.00838435545	-0.09069837645
7.67671629300	-0.00379296484	-0.09067501122
7.68504050300	-0.01571723083	-0.08952125857
7.69336471300	-0.02789907154	-0.08666030998
7.70168892300	-0.03887166354	-0.08220084570
7.71001313300	-0.04954272133	-0.07664747839
7.71833734300	-0.05898472348	-0.06978996786
7.72666155300	-0.06751055292	-0.06188417029
7.73498576300	-0.07497482579	-0.05298514303
7.74330997400	-0.08112722199	-0.04301985642
7.75163418400	-0.08595361536	-0.03266565665
7.75995839400	-0.08928849436	-0.02164767222
7.76828260400	-0.09114346298	-0.01041773096
7.77660681400	-0.09145483355	0.00131811722
7.78493102400	-0.09041166776	0.01303409428
7.79325523400	-0.08807056439	0.02453036925
7.80157944400	-0.08423293703	0.03559656924
7.80990365400	-0.07920427299	0.04631975898
7.81822786400	-0.07303473806	0.05597653035
7.82655207400	-0.06580749569	0.06455181324
7.83487628400	-0.05738627849	0.07237936084
7.84320049400	-0.04800452530	0.07902626387
7.85152470400	-0.03774952178	0.08449186177
7.85984891400	-0.02698634833	0.08852922895
7.86817312400	-0.01597817426	0.09129824421
7.87649733400	-0.00444801784	0.09248965701
7.88482154400	0.00685446498	0.09220702830
7.89314575400	0.01818706298	0.09054589212
7.90146996400	0.02945660668	0.08717274481
7.90979417500	0.04036887903	0.08277431926
7.91811838500	0.05057554995	0.07695294576
7.92644259500	0.05984921104	0.06995178177
7.93476680500	0.06812072277	0.06198349860
7.94309101500	0.07521475984	0.05295837061
7.95141522500	0.08116737238	0.04299822501
7.95973943500	0.08589400213	0.03223870174
7.96806364500	0.08917660681	0.02087848754
7.97638785500	0.09111274626	0.00938577025
7.98471206500	0.09151217401	-0.00243896812
7.99303627500	0.09049001351	-0.01396853935
8.00136048500	0.08777082887	-0.02524195519
8.00968469500	0.08379113755	-0.03599938955
8.01800890500	0.07831594335	-0.04646353013
8.02633311500	0.07192294085	-0.05611395928
8.03465732500	0.06422557974	-0.06519232110
8.04298153500	0.05492181702	-0.07280560331
8.05130574500	0.04485580691	-0.07953660891
8.05962995500	0.03374102976	-0.08465752067
8.06795416500	0.02197760382	-0.08831644158
8.07627837500	0.01038118473	-0.09055595392
8.08460258600	-0.00180391749	-0.09102986631
8.09292679600	-0.01375685289	-0.09012645406
8.10125100600	-0.02557629094	-0.08745371177
8.10957521600	-0.03687904826	-0.08331136317
8.11789942600	-0.04765273104	-0.07775311629
8.12622363600	-0.05695088773	-0.07102100119
8.13454784600	-0.06573720688	-0.06302984354
8.14287205600	-0.07327248317	-0.05422215919
8.15119626600	-0.07950273900	-0.04410330634
8.15952047600	-0.08478902119	-0.03354388802
8.16784468600	-0.08825183653	-0.02250439467
8.17616889600	-0.09037251156	-0.01129700533
8.18449310600	-0.09113823280	0.00019165154
8.19240110600	-0.09024887275	0.01166946840
8.20072531600	-0.08812713460	0.02309391180
8.20904952600	-0.08454174748	0.03413229173
8.21737373600	-0.07968120092	0.04465910033
8.22569794600	-0.07385080687	0.05437044685
8.23402215600	-0.06657889505	0.06315486215
8.24234636600	-0.05847238480	0.07100127450
8.25067057600	-0.04938358320	0.07781107030
8.25899478600	-0.03912468748	0.08350262431
8.26731899600	-0.02841418791	0.08783062771
8.27564320600	-0.01729641927	0.09075882473
8.28396741600	-0.00586100667	0.09230464228
8.29229162600	0.00560344428	0.09248552579
8.30061583600	0.01697557066	0.09115985672
8.30894004600	0.02825954599	0.08826054682
8.31726425600	0.03908156857	0.08406199889
8.32558846600	0.04965116888	0.07844747403
8.33391267700	0.05903027005	0.07164340108
8.34223688700	0.06772807250	0.06330695867
8.35056109700	0.07517128499	0.05453068517
8.35888530700	0.08134870661	0.04435061136
8.36720951700	0.08620546775	0.03350149643
8.37553372700	0.08970647679	0.02227209459
8.38385793700	0.09172415321	0.01056434757
8.39218214700	0.09224131517	-0.00131643043
8.40050635700	0.09117666186	-0.01272344137
8.40883056700	0.08858146476	-0.02421535196
8.41715477700	0.08459002168	-0.03508048936
8.42547898700	0.07929990941	-0.04543168684
8.43380319700	0.07284783600	-0.05503794189
8.44212740700	0.06498755245	-0.06397748298
8.45045161700	0.05598345972	-0.07162527366
8.45877582700	0.04643083737	-0.07827504138
8.46710003700	0.03543407198	-0.08350909977
8.47542424700	0.02417034888	-0.08752033667
8.48374845700	0.01234415378	-0.08995131600
8.49207266700	0.00052548334	-0.09068319172
8.50039687800	-0.01127358685	-0.09012474868
8.50872108800	-0.02342335848	-0.08783738876
8.51704529800	-0.03445185817	-0.08421661484
8.52536950800	-0.04501461932	-0.07886376229
8.53369371800	-0.05511508993	-0.07342396348
8.54201792800	-0.06406476902	-0.06579359567
8.55034213800	-0.07180192717	-0.05723213880
8.55866634800	-0.07860136014	-0.04726755073
8.56699055800	-0.08365440457	-0.03695125297
8.57531476800	-0.08781116029	-0.02593571829
8.58363897800	-0.09038832864	-0.01453096914
8.59196318800	-0.09147847541	-0.00260825914
8.60028739800	-0.09080682993	0.00973719868
8.60861160800	-0.08883986970	0.02129779823
8.61693581800	-0.08545913272	0.03221844110
8.62526002800	-0.08066950490	0.04264036366
8.63358423800	-0.07491656207	0.05240276667
8.64190844800	-0.06762747481	0.06124259653
8.65023265800	-0.05945462734	0.06912318142
8.65855686800	-0.05032647935	0.07580137708
8.66688107900	-0.04032267950	0.08147045093
8.67520528900	-0.02952842354	0.08589850699
8.68352949900	-0.01812828434	0.08901769373
8.69185370900	-0.00689158208	0.09078655101
8.70017791900	0.00458464636	0.09082081278
8.70850212900	0.01566151877	0.08996745010
8.71682633900	0.02674067812	0.08716475793
8.72473433800	0.03750593040	0.08332434295
8.73305854800	0.04778661729	0.07811362274
8.74138275800	0.05704136649	0.07145707769
8.74970696800	0.06571614936	0.06392527219
8.75803117900	0.07276665166	0.05499849853
8.76635538900	0.07919309090	0.04533931354
8.77467959900	0.08424771942	0.03470683807
8.78300380900	0.08799688623	0.02328311659
8.79132801900	0.09042588119	0.01156478719
8.79965222900	0.09115757546	-0.00052926293
8.80797643900	0.09066947627	-0.01210894313
8.81630064900	0.08844113143	-0.02355361815
8.82462485900	0.08476621623	-0.03494103038
8.83294906900	0.07990208240	-0.04562234825
8.84127327900	0.07340511918	-0.05549247489
8.84959748900	0.06578341361	-0.06442089895
8.85792169900	0.05692781728	-0.07240818517
8.86624590900	0.04695584639	-0.07914186185
8.87457011900	0.03623105647	-0.08463278818
8.88289432900	0.02461457491	-0.08846128097
8.89121853900	0.01288518378	-0.09087580773
8.89954274900	0.00087171552	-0.09170409352
8.90786695900	-0.01109795636	-0.09103801492
8.91619116900	-0.02297270908	-0.08905555990
8.92451538000	-0.03468849427	-0.08496002591
8.93283959000	-0.04549144155	-0.08000919655
8.94116380000	-0.05526561498	-0.07357027647
8.94948801000	-0.06372385319	-0.06616834814
8.95781222000	-0.07150796822	-0.05768793195
8.96613643000	-0.07793453056	-0.04816629538
8.97446064000	-0.08319784379	-0.03798685285
8.98278485000	-0.08725387489	-0.02688549454
8.99110906000	-0.08950032843	-0.01563788037
8.99943327000	-0.09084973708	-0.00475486556
9.00775748000	-0.09012788835	0.00746372264
9.01608169000	-0.08885197703	0.01905588876
9.02440590000	-0.08576922256	0.03028849253
9.03273011000	-0.08132354363	0.04112758618
9.04105432000	-0.07601014885	0.05129126294
9.04937853000	-0.06923059056	0.06040716813
9.05770274000	-0.06162406046	0.06847870106
9.06602695000	-0.05283344792	0.07586855497
9.07435116000	-0.04316737400	0.08145493750
9.08267537000	-0.03247256236	0.08620655810
9.09099958100	-0.02127149808	0.08944802878
9.09932379100	-0.00980681415	0.09111230943
9.10764800100	0.00170487601	0.09141836667
9.11597221100	0.01333421373	0.09027076887
9.12429642100	0.02470087702	0.08761883491
9.13262063100	0.03619657521	0.08390779606
9.14094484100	0.04682543159	0.07853007180
9.14926905100	0.05679512722	0.07205061192
9.15759326100	0.06578028406	0.06448493141
9.16591747100	0.07341794115	0.05579226453
9.17424168100	0.07995592540	0.04622861890
9.18256589100	0.08490860292	0.03575319198
9.19089010100	0.08857000438	0.02466933278
9.19921431100	0.09080189631	0.01321442602
9.20753852100	0.09134122123	0.00143437187
9.21586273100	0.09041145252	-0.01035364229
9.22418694100	0.08799043815	-0.02183453279
9.23251115100	0.08418260675	-0.03322219404
9.24083536100	0.07901117728	-0.04406266968
9.24915957100	0.07277079113	-0.05412742074
9.25748378200	0.06533485316	-0.06336228712
9.26580799200	0.05696315656	-0.07170912492
9.27413220200	0.04757032975	-0.07869796082
9.28204020100	0.03749167206	-0.08434127796
9.29036441100	0.02653846238	-0.08851494382
9.29868862100	0.01499784432	-0.09125073502
9.30701283100	0.00339897128	-0.09220889551
9.31533704100	-0.00837655480	-0.09183114716
9.32366125100	-0.01995651896	-0.08970369594
9.33198546100	-0.03168784526	-0.08584614986
9.34030967200	-0.04267756790	-0.08062187439
9.34863388200	-0.05301425136	-0.07400719474
9.35695809200	-0.06250693622	-0.06639405633
9.36528230200	-0.07071258454	-0.05782647334
9.37360651200	-0.07776129325	-0.04814165220
9.38193072200	-0.08375538232	-0.03764765723
9.39025493200	-0.08804556425	-0.02682115610
9.39857914200	-0.09078489884	-0.01557380497
9.40690335200	-0.09203329944	-0.00459932843
9.41522756200	-0.09191629264	0.00713813892
9.42355177200	-0.09015289488	0.01813563993
9.43187598200	-0.08723403891	0.02914226564
9.44020019200	-0.08243566604	0.03971943365
9.44852440200	-0.07653344713	0.04997065327
9.45684861200	-0.06931708959	0.05913874366
9.46517282200	-0.06108062097	0.06746639254
9.47349703200	-0.05197016654	0.07451731995
9.48182124200	-0.04238558632	0.08053617073
9.49014545200	-0.03229359357	0.08545484855
9.49846966200	-0.02112100006	0.08875271715
9.50679387200	-0.00986298276	0.09129304223
9.51511808300	0.00137869120	0.09188729919
9.52344229300	0.01270561453	0.09101608483
9.53176650300	0.02373352126	0.08895245691
9.54009071300	0.03452062362	0.08509043365
9.54841492300	0.04463182510	0.08003250047
9.55673913300	0.05401476621	0.07369260151
9.56506334300	0.06280266211	0.06585041216
9.57338755300	0.07043277147	0.05740685248
9.58171176300	0.07725847108	0.04769800918
9.59003597300	0.08303291469	0.03709164997
9.59836018300	0.08744933742	0.02561271712
9.60668439300	0.09059494288	0.01389769832
9.61500860300	0.09211173346	0.00190779586
9.62333281300	0.09183860066	-0.00976835552
9.63165702300	0.09005221988	-0.02139574524
9.63998123300	0.08664639822	-0.03265244072
9.64830544300	0.08170442307	-0.04323008623
9.65662965300	0.07542009007	-0.05316927197
9.66495386300	0.06775270227	-0.06204611150
9.67327807300	0.05890412106	-0.07021988168
9.68160228400	0.04897300376	-0.07735539253
9.68992649400	0.03847691456	-0.08295556044
9.69825070400	0.02725512213	-0.08731582666
9.70657491400	0.01528235771	-0.09026992949
9.71489912400	0.00321946963	-0.09170481384
9.72322333400	-0.00874431588	-0.09153361422
9.73154754400	-0.01994197967	-0.08993402234
9.73987175400	-0.03214213898	-0.08665400676
9.74819596400	-0.04300392001	-0.08176993058
9.75652017400	-0.05286765011	-0.07558986953
9.76484438400	-0.06166883136	-0.06820546585
9.77316859400	-0.06930576736	-0.05950069105
9.78149280400	-0.07617691366	-0.05002508527
9.78981701400	-0.08165537795	-0.03941864352
9.79814122400	-0.08595774757	-0.02822680314
9.80646543400	-0.08875241764	-0.01693265338
9.81478964400	-0.09020548343	-0.00533463168
9.82269764400	-0.09041691404	0.00649126918
9.83102185400	-0.08909290669	0.01779646194
9.83934606400	-0.08673250865	0.02864728394
9.84767027400	-0.08309421578	0.03930237965
9.85599448400	-0.07785795693	0.04940170095
9.86431869400	-0.07132979930	0.05882032633
9.87264290400	-0.06367139605	0.06713979223
9.88096711400	-0.05477414931	0.07426491757
9.88929132400	-0.04516127070	0.08024042308
9.89761553400	-0.03452174004	0.08460778818
9.90593974400	-0.02348651473	0.08826605846
9.91426395400	-0.01168644519	0.09039469255
9.92258816400	0.00041672879	0.09121969046
9.93091237500	0.01223261977	0.09072472619
9.93923658500	0.02390628460	0.08843909853
9.94756079500	0.03494701870	0.08519017939
9.95588500500	0.04527403980	0.08041674738
9.96420921500	0.05488697171	0.07459985789
9.97253342500	0.06354404072	0.06735207024
9.98085763500	0.07108493545	0.05918580666
9.98918184500	0.07760298921	0.04965585435
9.99750605500	0.08294657401	0.03919429927
10.00583026000	0.08676746692	0.02796772583
10.01415448000	0.08941154091	0.01615295967
10.02247869000	0.09053826413	0.00425997617
10.03080290000	0.09028169942	-0.00804077577
10.03912711000	0.08852862133	-0.01980585964
10.04745132000	0.08544155015	-0.03159543522
10.05577553000	0.08091419032	-0.04268773885
10.06409974000	0.07516476468	-0.05294292434
10.07242395000	0.06836496778	-0.06203751625
10.08074816000	0.06030049573	-0.07040773904
10.08907237000	0.05107888470	-0.07739822762
10.09739658000	0.04115535547	-0.08314402587
10.10572079000	0.03031766791	-0.08723610970
10.11404500000	0.01883450889	-0.08997525885
10.12236921000	0.00721277285	-0.09130802307
10.13069342000	-0.00486247185	-0.09107425749
10.13901763000	-0.01674415611	-0.08943121740
10.14734184000	-0.02900596018	-0.08643389398
10.15566605000	-0.04049205118	-0.08180214554
10.16399026000	-0.05119111291	-0.07591665429
10.17231447000	-0.06085060789	-0.06881419324
10.18063868000	-0.06925192668	-0.06065828965
10.18896289000	-0.07645467857	-0.05161395018
10.19728710000	-0.08242274088	-0.04164961761
10.20561131000	-0.08682595236	-0.03090688298
10.21393552000	-0.08972662626	-0.01981903250
10.22225973000	-0.09089351360	-0.00824344931
10.23058394000	-0.09076212846	0.00373320166
10.23890815000	-0.08920933246	0.01515977330
10.24723236000	-0.08625755972	0.02657399241
10.25555657000	-0.08221798721	0.03741935103
10.26388078000	-0.07674112679	0.04780434546
10.27220499000	-0.07037964178	0.05707277144
10.28052920000	-0.06283005093	0.06600234936
10.28885341000	-0.05462391934	0.07355184993
10.29717762000	-0.04535885973	0.08000307675
10.30550183000	-0.03533612196	0.08516441877
10.31340983000	-0.02479278107	0.08897779551
10.32173404000	-0.01384434686	0.09122360432
10.33005825000	-0.00221291269	0.09194603456
10.33838246000	0.00884155885	0.09122144237
10.34670667000	0.02035349668	0.08911326097
10.35503088000	0.03133185072	0.08566533616
10.36335509000	0.04242789438	0.08079721560
10.37167930000	0.05270225285	0.07456034410
10.38000351000	0.06213203075	0.06741430894
10.38832772000	0.07058073422	0.05897272794
10.39665193000	0.07795022884	0.04972540824
10.40497614000	0.08380501545	0.03964554308
10.41330035000	0.08826729232	0.02871295963
10.42162456000	0.09126206253	0.01752965395
10.42994877000	0.09245264523	0.00581113811
10.43827298000	0.09200721203	-0.00603408392
10.44659719000	0.09005909890	-0.01752928485
10.45492140000	0.08655368242	-0.02901133657
10.46324561000	0.08172532755	-0.03994589777
10.47156982000	0.07546217068	-0.05025049257
10.47989403000	0.06799180049	-0.05999340026
10.48821824000	0.05965873848	-0.06867088577
10.49654245000	0.05043178819	-0.07619809830
10.50486666000	0.04029979404	-0.08256101593
10.51319087000	0.02941725049	-0.08730442342
10.52151508000	0.01800044999	-0.09060192133
10.52983929000	0.00661356807	-0.09217150471
10.53816350000	-0.00498310720	-0.09216010055
10.54648771000	-0.01623303839	-0.09047342128
10.55481192000	-0.02805425416	-0.08719065330
10.56313613000	-0.03878781683	-0.08236692943
10.57146034000	-0.04917300313	-0.07610787675
10.57978455000	-0.05873323842	-0.06870505434
10.58810876000	-0.06704761096	-0.06018479186
10.59643297000	-0.07474700189	-0.05069171979
10.60475718000	-0.08093800478	-0.04055120792
10.61308139000	-0.08595691425	-0.02969717786
10.62140560000	-0.08962910244	-0.01859177866
10.62972981000	-0.09158217611	-0.00739015952
10.63805402000	-0.09218889539	0.00439929161
10.64637823000	-0.09119833659	0.01536485702
10.65470244000	-0.08879562357	0.02614721945
10.66302665000	-0.08500633556	0.03649699425
10.67135086000	-0.07963359681	0.04642667945
10.67967507000	-0.07283766853	0.05600985389
10.68799928000	-0.06470485183	0.06485590076
10.69632349000	-0.05560285578	0.07255650199
10.70464770000	-0.04580740243	0.07904636232
10.71297191000	-0.03556358149	0.08428356653
10.72129612000	-0.02463654321	0.08799881111
10.72962033000	-0.01326523821	0.09075908143
10.73794454000	-0.00147642397	0.09218142366
10.74626875000	0.00982816453	0.09177269028
10.75459296000	0.02121127280	0.09025132913
10.76291717000	0.03204117444	0.08698932306
10.77124138000	0.04213688693	0.08222318833
10.77956559000	0.05181652502	0.07652612733
10.78788980000	0.06053800829	0.06909510710
10.79621401000	0.06828810219	0.06078764638
10.80453822000	0.07525279671	0.05138219096
10.81286243000	0.08095922790	0.04077794485
10.82118664000	0.08577590299	0.02963088220
10.82951085000	0.08897193066	0.01800916951
10.83783506000	0.09067653384	0.00592457762
10.84990516000	0.09103867895	-0.00562655603
10.85822937000	0.08893344749	-0.02277651220
10.86655358000	0.08563433340	-0.03371641721
10.87487779000	0.08096993627	-0.04431827659
10.88320200000	0.07486575281	-0.05388193948
10.89152621000	0.06736702266	-0.06270429412
10.89985042000	0.05882380965	-0.07043879085
10.90817463000	0.04920212379	-0.07712539618
10.91649884000	0.03859314446	-0.08273546239
10.92482305000	0.02708261895	-0.08711702699
10.93314726000	0.01518773488	-0.08974712055
10.94147147000	0.00288797434	-0.09104296972
10.94979568000	-0.00924081899	-0.09084500399
10.95811989000	-0.02113038881	-0.08908606752
10.96644410000	-0.03251381708	-0.08567082637
10.97476831000	-0.04404783809	-0.08103163036
10.98309252000	-0.05488880678	-0.07429496754
10.99141673000	-0.06329643225	-0.06722720762
10.99974094000	-0.07138471889	-0.05807307474
