t
-0.00028642499
0.01636199511
0.02468620516
0.03301041521
0.04133462526
0.04965883531
0.05798304536
0.06630725541
0.07463146546
0.08295567551
0.09127988556
0.09960409561
0.10792830570
0.11625251570
0.12457672580
0.13290093580
0.14122514590
0.14954935590
0.15787356600
0.16619777600
0.17452198610
0.18284619610
0.19117040610
0.19949461620
0.20781882620
0.21614303630
0.22446724630
0.23279145640
0.24111566640
0.24943987650
0.25776408650
0.26983419110
0.27815840120
0.28648261120
0.29480682130
0.30313103130
0.31145524140
0.31977945140
0.32810366150
0.33642787150
0.34475208160
0.35307629160
0.36140050170
0.36972471170
0.37804892180
0.38637313180
0.39469734190
0.40302155190
0.41134576200
0.41966997200
0.42799418210
0.43631839210
0.44464260220
0.45296681220
0.46129102230
0.46961523230
0.47793944240
0.48626365240
0.49458786250
0.50291207250
0.51123628260
0.51956049260
0.52788470270
0.53620891270
0.54453312270
0.55285733280
0.56118154280
0.56950575290
0.57782996290
0.58615417300
0.59447838300
0.60280259310
0.61112680310
0.61945101320
0.62777522320
0.63609943330
0.64442364330
0.65274785340
0.66107206340
0.66939627350
0.67772048350
0.68604469360
0.69436890360
0.70269311370
0.71101732370
0.71934153380
0.72766574380
0.73598995390
0.74431416390
0.75263837400
0.76096258400
0.76928679410
0.77761100410
0.78593521420
0.79425942420
0.80258363430
0.81049163380
0.81881584390
0.82714005390
0.83546426400
0.84378847400
0.85211268410
0.86043689410
0.86876110420
0.87708531420
0.88540952430
0.89373373430
0.90205794440
0.91038215440
0.91870636450
0.92703057450
0.93535478460
0.94367899460
0.95200320470
0.96032741470
0.96865162480
0.97697583480
0.98530004490
0.99362425490
1.00194846500
1.01027267500
1.01859688500
1.02692109500
1.03524530500
1.04356951500
1.05189372500
1.06021793500
1.06854214500
1.07686635500
1.08519056500
1.09351477600
1.10183898600
1.11016319600
1.11848740600
1.12681161600
1.13513582600
1.14346003600
1.15178424600
1.16010845600
1.16843266600
1.17675687600
1.18508108600
1.19340529600
1.20172950600
1.21005371600
1.21837792600
1.22670213600
1.23502634600
1.24335055600
1.25167476600
1.25999897600
1.26832318700
1.27664739700
1.28497160700
1.29329581700
1.30162002700
1.30994423700
1.31826844700
1.32659265700
1.33491686700
1.34324107700
1.35114907700
1.35947328700
1.36779749700
1.37612170700
1.38444591700
1.39277012700
1.40109433700
1.40941854700
1.41774275700
1.42606696700
1.43439117700
1.44271538700
1.45103959700
1.45936380700
1.46768801700
1.47601222700
1.48433643700
1.49266064700
1.50098485700
1.50930906700
1.51763327800
1.52595748800
1.53428169800
1.54260590800
1.55093011800
1.55925432800
1.56757853800
1.57590274800
1.58422695800
1.59255116800
1.60087537800
1.60919958800
1.61752379800
1.62584800800
1.63417221800
1.64249642800
1.65082063800
1.65914484800
1.66746905800
1.67579326800
1.68411747900
1.69244168900
1.70076589900
1.70909010900
1.71741431900
1.72573852900
1.73406273900
1.74238694900
1.75071115900
1.75903536900
1.76735957900
1.77568378900
1.78400799900
1.79233220900
1.80065641900
1.80898062900
1.81730483900
1.82562904900
1.83395325900
1.84227746900
1.85060168000
1.85892589000
1.86683388900
1.87515809900
1.88348230900
1.89180651900
1.90013072900
1.90845493900
1.91677914900
1.92510335900
1.93342757000
1.94175178000
1.95007599000
1.95840020000
1.96672441000
1.97504862000
1.98337283000
1.99169704000
2.00002125000
2.00834546000
2.01666967000
2.02499388000
2.03331809000
2.04164230000
2.04996651000
2.05829072000
2.06661493000
2.07493914000
2.08326335000
2.09158756000
2.09991177000
2.10823598100
2.11656019100
2.12488440100
2.13320861100
2.14153282100
2.14985703100
2.15818124100
2.16650545100
2.17482966100
2.18315387100
2.19147808100
2.19980229100
2.20812650100
2.21645071100
2.22477492100
2.23309913100
2.24142334100
2.24974755100
2.25807176100
2.26639597100
2.27472018200
2.28304439200
2.29136860200
2.29969281200
2.30801702200
2.31634123200
2.32466544200
2.33298965200
2.34131386200
2.34963807200
2.35796228200
2.36628649200
2.37419449200
2.38251870200
2.39084291200
2.39916712200
2.40749133200
2.41581554200
2.42413975200
2.43246396200
2.44078817200
2.44911238200
2.45743659200
2.46576080200
2.47408501200
2.48240922200
2.49073343200
2.49905764200
2.50738185200
2.51570606200
2.52403027300
2.53235448300
2.54067869300
2.54900290300
2.55732711300
2.56565132300
2.57397553300
2.58229974300
2.59062395300
2.59894816300
2.60727237300
2.61559658300
2.62392079300
2.63224500300
2.64056921300
2.64889342300
2.65721763300
2.66554184300
2.67386605300
2.68219026300
2.69051447300
2.69883868400
2.70716289400
2.71548710400
2.72381131400
2.73213552400
2.74045973400
2.74878394400
2.75710815400
2.76543236400
2.77375657400
2.78208078400
2.79040499400
2.79872920400
2.80705341400
2.81537762400
2.82370183400
2.83202604400
2.84035025400
2.84867446400
2.85699867400
2.86532288500
2.87364709500
2.88197130500
2.89029551500
2.89861972500
2.90694393500
2.91526814500
2.92359235500
2.93191656500
2.94024077500
2.94814877500
2.95647298500
2.96479719500
2.97312140500
2.98144561500
2.98976982500
2.99809403500
3.00641824500
3.01474245500
3.02306666500
3.03139087500
3.03971508500
3.04803929500
3.05636350500
3.06468771500
3.07301192500
3.08133613500
3.08966034500
3.09798455500
3.10630876500
3.11463297600
3.12295718600
3.13128139600
3.13960560600
3.14792981600
3.15625402600
3.16457823600
3.17290244600
3.18122665600
3.18955086600
3.19787507600
3.20619928600
3.21452349600
3.22284770600
3.23117191600
3.23949612600
3.24782033600
3.25614454600
3.26446875600
3.27279296600
3.28111717700
3.28944138700
3.29776559700
3.30608980700
3.31441401700
3.32273822700
3.33106243700
3.33938664700
3.34771085700
3.35603506700
3.36435927700
3.37268348700
3.38100769700
3.38933190700
3.39765611700
3.40598032700
3.41430453700
3.42262874700
3.43095295700
3.43927716700
3.44760137700
3.45592558800
3.46424979800
3.47215779700
3.48048200700
3.48880621700
3.49713042700
3.50545463700
3.51377884700
3.52210305700
3.53042726700
3.53875147800
3.54707568800
3.55539989800
3.56372410800
3.57204831800
3.58037252800
3.58869673800
3.59702094800
3.60534515800
3.61366936800
3.62199357800
3.63031778800
3.63864199800
3.64696620800
3.65529041800
3.66361462800
3.67193883800
3.68026304800
3.68858725800
3.69691146800
3.70523567900
3.71355988900
3.72188409900
3.73020830900
3.73853251900
3.74685672900
3.75518093900
3.76350514900
3.77182935900
3.78015356900
3.78847777900
3.79680198900
3.80512619900
3.81345040900
3.82177461900
3.83009882900
3.83842303900
3.84674724900
3.85507145900
3.86339566900
3.87171988000
3.88004409000
3.88836830000
3.89669251000
3.90501672000
3.91334093000
3.92166514000
3.92998935000
3.93831356000
3.94663777000
3.95496198000
3.96328619000
3.97119419000
3.97951840000
3.98784261000
3.99616682000
4.00449103000
4.01281524000
4.02113945000
4.02946366000
4.03778787000
4.04611208000
4.05443629000
4.06276050000
4.07108471000
4.07940892000
4.08773313000
4.09605734000
4.10438155000
4.11270576000
4.12102997000
4.12935418100
4.13767839100
4.14600260100
4.15432681100
4.16265102100
4.17097523100
4.17929944100
4.18762365100
4.19594786100
4.20427207100
4.21259628100
4.22092049100
4.22924470100
4.23756891100
4.24589312100
4.25421733100
4.26254154100
4.27086575100
4.27918996100
4.28751417100
4.29583838200
4.30416259200
4.31248680200
4.32081101200
4.32913522200
4.33745943200
4.34578364200
4.35410785200
4.36243206200
4.37075627200
4.37908048200
4.38740469200
4.39572890200
4.40405311200
4.41237732200
4.42070153200
4.42902574200
4.43734995200
4.44567416200
4.45399837200
4.46232258300
4.47064679300
4.47897100300
4.48729521300
4.49561942300
4.50352742200
4.51185163200
4.52017584200
4.52850005200
4.53682426200
4.54514847300
4.55347268300
4.56179689300
4.57012110300
4.57844531300
4.58676952300
4.59509373300
4.60341794300
4.61174215300
4.62006636300
4.62839057300
4.63671478300
4.64503899300
4.65336320300
4.66168741300
4.67001162300
4.67833583300
4.68666004300
4.69498425300
4.70330846300
4.71163267400
4.71995688400
4.72828109400
4.73660530400
4.74492951400
4.75325372400
4.76157793400
4.76990214400
4.77822635400
4.78655056400
4.79487477400
4.80319898400
4.81152319400
4.81984740400
4.82817161400
4.83649582400
4.84482003400
4.85314424400
4.86146845400
4.86979266400
4.87811687400
4.88644108500
4.89476529500
4.90308950500
4.91141371500
4.91973792500
4.92806213500
4.93638634500
4.94471055500
4.95303476500
4.96135897500
4.96968318500
4.97800739500
4.98633160500
4.99465581500
5.00298002500
5.01130423500
5.01962844500
5.02795265500
5.03627686500
5.04460107500
5.05292528600
5.06083328500
5.06915749500
5.07748170500
5.08580591500
5.09413012500
5.10245433500
5.11077854500
5.11910275500
5.12742696500
5.13575117600
5.14407538600
5.15239959600
5.16072380600
5.16904801600
5.17737222600
5.18569643600
5.19402064600
5.20234485600
5.21066906600
5.21899327600
5.22731748600
5.23564169600
5.24396590600
5.25229011600
5.26061432600
5.26893853600
5.27726274600
5.28558695600
5.29391116600
5.30223537700
5.31055958700
5.31888379700
5.32720800700
5.33553221700
5.34385642700
5.35218063700
5.36050484700
5.36882905700
5.37715326700
5.38547747700
5.39380168700
5.40212589700
5.41045010700
5.41877431700
5.42709852700
5.43542273700
5.44374694700
5.45207115700
5.46039536700
5.46871957800
5.47704378800
5.48536799800
5.49369220800
5.50201641800
5.51034062800
5.51866483800
5.52698904800
5.53531325800
5.54363746800
5.55196167800
5.56028588800
5.56861009800
5.58068020300
5.58900441300
5.59732862300
5.60565283300
5.61397704300
5.62230125300
5.63062546300
5.63894967300
5.64727388300
5.65559809300
5.66392230300
5.67224651300
5.68057072300
5.68889493300
5.69721914300
5.70554335300
5.71386756300
5.72219177400
5.73051598400
5.73884019400
5.74716440400
5.75548861400
5.76381282400
5.77213703400
5.78046124400
5.78878545400
5.79710966400
5.80543387400
5.81375808400
5.82208229400
5.83040650400
5.83873071400
5.84705492400
5.85537913400
5.86370334400
5.87202755400
5.88035176400
5.88867597400
5.89700018500
5.90532439500
5.91364860500
5.92197281500
5.93029702500
5.93862123500
5.94694544500
5.95526965500
5.96359386500
5.97191807500
5.98024228500
5.98856649500
5.99689070500
6.00521491500
6.01353912500
6.02186333500
6.03018754500
6.03851175500
6.04683596500
6.05516017500
6.06348438600
6.07180859600
6.08013280600
6.08845701600
6.09636501500
6.10468922500
6.11301343500
6.12133764500
6.12966185500
6.13798606500
6.14631027600
6.15463448600
6.16295869600
6.17128290600
6.17960711600
6.18793132600
6.19625553600
6.20457974600
6.21290395600
6.22122816600
6.22955237600
6.23787658600
6.24620079600
6.25452500600
6.26284921600
6.27117342600
6.27949763600
6.28782184600
6.29614605600
6.30447026600
6.31279447700
6.32111868700
6.32944289700
6.33776710700
6.34609131700
6.35441552700
6.36273973700
6.37106394700
6.37938815700
6.38771236700
6.39603657700
6.40436078700
6.41268499700
6.42100920700
6.42933341700
6.43765762700
6.44598183700
6.45430604700
6.46263025700
6.47095446700
6.47927867800
6.48760288800
6.49592709800
6.50425130800
6.51257551800
6.52089972800
6.52922393800
6.53754814800
6.54587235800
6.55419656800
6.56252077800
6.57084498800
6.57916919800
6.58749340800
6.59581761800
6.60414182800
6.61204982800
6.62037403800
6.62869824800
6.63702245800
6.64534666800
6.65367087800
6.66199508800
6.67031929800
6.67864350800
6.68696771800
6.69529192800
6.70361613800
6.71194034800
6.72026455800
6.72858876800
6.73691297900
6.74523718900
6.75356139900
6.76188560900
6.77020981900
6.77853402900
6.78685823900
6.79518244900
6.80350665900
6.81183086900
6.82015507900
6.82847928900
6.83680349900
6.84512770900
6.85345191900
6.86177612900
6.87010033900
6.87842454900
6.88674875900
6.89507296900
6.90339718000
6.91172139000
6.92004560000
6.92836981000
6.93669402000
6.94501823000
6.95334244000
6.96166665000
6.96999086000
6.97831507000
6.98663928000
6.99496349000
7.00328770000
7.01161191000
7.01993612000
7.02826033000
7.03658454000
7.04490875000
7.05323296000
7.06155717000
7.06988138100
7.07820559100
7.08652980100
7.09485401100
7.10317822100
7.11150243100
7.11982664100
7.12815085100
7.13647506100
7.14479927100
7.15312348100
7.16144769100
7.16935569100
7.17767990100
7.18600411100
7.19432832100
7.20265253100
7.21097674100
7.21930095100
7.22762516100
7.23594937100
7.24427358100
7.25259779100
7.26092200100
7.26924621100
7.27757042100
7.28589463100
7.29421884100
7.30254305100
7.31086726100
7.31919147100
7.32751568200
7.33583989200
7.34416410200
7.35248831200
7.36081252200
7.36913673200
7.37746094200
7.38578515200
7.39410936200
7.40243357200
7.41075778200
7.41908199200
7.42740620200
7.43573041200
7.44405462200
7.45237883200
7.46070304200
7.46902725200
7.47735146200
7.48567567200
7.49399988300
7.50232409300
7.51064830300
7.51897251300
7.52729672300
7.53562093300
7.54394514300
7.55226935300
7.56059356300
7.56891777300
7.57724198300
7.58556619300
7.59389040300
7.60221461300
7.61053882300
7.61886303300
7.62718724300
7.63551145300
7.64383566300
7.65215987300
7.66048408400
7.66880829400
7.67671629300
7.68504050300
7.69336471300
7.70168892300
7.71001313300
7.71833734300
7.72666155300
7.73498576300
7.74330997400
7.75163418400
7.75995839400
7.76828260400
7.77660681400
7.78493102400
7.79325523400
7.80157944400
7.80990365400
7.81822786400
7.82655207400
7.83487628400
7.84320049400
7.85152470400
7.85984891400
7.86817312400
7.87649733400
7.88482154400
7.89314575400
7.90146996400
7.90979417500
7.91811838500
7.92644259500
7.93476680500
7.94309101500
7.95141522500
7.95973943500
7.96806364500
7.97638785500
7.98471206500
7.99303627500
8.00136048500
8.00968469500
8.01800890500
8.02633311500
8.03465732500
8.04298153500
8.05130574500
8.05962995500
8.06795416500
8.07627837500
8.08460258600
8.09292679600
8.10125100600
8.10957521600
8.11789942600
8.12622363600
8.13454784600
8.14287205600
8.15119626600
8.15952047600
8.16784468600
8.17616889600
8.18449310600
8.19240110600
8.20072531600
8.20904952600
8.21737373600
8.22569794600
8.23402215600
8.24234636600
8.25067057600
8.25899478600
8.26731899600
8.27564320600
8.28396741600
8.29229162600
8.30061583600
8.30894004600
8.31726425600
8.32558846600
8.33391267700
8.34223688700
8.35056109700
8.35888530700
8.36720951700
8.37553372700
8.38385793700
8.39218214700
8.40050635700
8.40883056700
8.41715477700
8.42547898700
8.43380319700
8.44212740700
8.45045161700
8.45877582700
8.46710003700
8.47542424700
8.48374845700
8.49207266700
8.50039687800
8.50872108800
8.51704529800
8.52536950800
8.53369371800
8.54201792800
8.55034213800
8.55866634800
8.56699055800
8.57531476800
8.58363897800
8.59196318800
8.60028739800
8.60861160800
8.61693581800
8.62526002800
8.63358423800
8.64190844800
8.65023265800
8.65855686800
8.66688107900
8.67520528900
8.68352949900
8.69185370900
8.70017791900
8.70850212900
8.71682633900
8.72473433800
8.73305854800
8.74138275800
8.74970696800
8.75803117900
8.76635538900
8.77467959900
8.78300380900
8.79132801900
8.79965222900
8.80797643900
8.81630064900
8.82462485900
8.83294906900
8.84127327900
8.84959748900
8.85792169900
8.86624590900
8.87457011900
8.88289432900
8.89121853900
8.89954274900
8.90786695900
8.91619116900
8.92451538000
8.93283959000
8.94116380000
8.94948801000
8.95781222000
8.96613643000
8.97446064000
8.98278485000
8.99110906000
8.99943327000
9.00775748000
9.01608169000
9.02440590000
9.03273011000
9.04105432000
9.04937853000
9.05770274000
9.06602695000
9.07435116000
9.08267537000
9.09099958100
9.09932379100
9.10764800100
9.11597221100
9.12429642100
9.13262063100
9.14094484100
9.14926905100
9.15759326100
9.16591747100
9.17424168100
9.18256589100
9.19089010100
9.19921431100
9.20753852100
9.21586273100
9.22418694100
9.23251115100
9.24083536100
9.24915957100
9.25748378200
9.26580799200
9.27413220200
9.28204020100
9.29036441100
9.29868862100
9.30701283100
9.31533704100
9.32366125100
9.33198546100
9.34030967200
9.34863388200
9.35695809200
9.36528230200
9.37360651200
9.38193072200
9.39025493200
9.39857914200
9.40690335200
9.41522756200
9.42355177200
9.43187598200
9.44020019200
9.44852440200
9.45684861200
9.46517282200
9.47349703200
9.48182124200
9.49014545200
9.49846966200
9.50679387200
9.51511808300
9.52344229300
9.53176650300
9.54009071300
9.54841492300
9.55673913300
9.56506334300
9.57338755300
9.58171176300
9.59003597300
9.59836018300
9.60668439300
9.61500860300
9.62333281300
9.63165702300
9.63998123300
9.64830544300
9.65662965300
9.66495386300
9.67327807300
9.68160228400
9.68992649400
9.69825070400
9.70657491400
9.71489912400
9.72322333400
9.73154754400
9.73987175400
9.74819596400
9.75652017400
9.76484438400
9.77316859400
9.78149280400
9.78981701400
9.79814122400
9.80646543400
9.81478964400
9.82269764400
9.83102185400
9.83934606400
9.84767027400
9.85599448400
9.86431869400
9.87264290400
9.88096711400
9.88929132400
9.89761553400
9.90593974400
9.91426395400
9.92258816400
9.93091237500
9.93923658500
9.94756079500
9.95588500500
9.96420921500
9.97253342500
9.98085763500
9.98918184500
9.99750605500
10.00583026000
10.01415448000
10.02247869000
10.03080290000
10.03912711000
10.04745132000
10.05577553000
10.06409974000
10.07242395000
10.08074816000
10.08907237000
10.09739658000
10.10572079000
10.11404500000
10.12236921000
10.13069342000
10.13901763000
10.14734184000
10.15566605000
10.16399026000
10.17231447000
10.18063868000
10.18896289000
10.19728710000
10.20561131000
10.21393552000
10.22225973000
10.23058394000
10.23890815000
10.24723236000
10.25555657000
10.26388078000
10.27220499000
10.28052920000
10.28885341000
10.29717762000
10.30550183000
10.31340983000
10.32173404000
10.33005825000
10.33838246000
10.34670667000
10.35503088000
10.36335509000
10.37167930000
10.38000351000
10.38832772000
10.39665193000
10.40497614000
10.41330035000
10.42162456000
10.42994877000
10.43827298000
10.44659719000
10.45492140000
10.46324561000
10.47156982000
10.47989403000
10.48821824000
10.49654245000
10.50486666000
10.51319087000
10.52151508000
10.52983929000
10.53816350000
10.54648771000
10.55481192000
10.56313613000
10.57146034000
10.57978455000
10.58810876000
10.59643297000
10.60475718000
10.61308139000
10.62140560000
10.62972981000
10.63805402000
10.64637823000
10.65470244000
10.66302665000
10.67135086000
10.67967507000
10.68799928000
10.69632349000
10.70464770000
10.71297191000
10.72129612000
10.72962033000
10.73794454000
10.74626875000
10.75459296000
10.76291717000
10.77124138000
10.77956559000
10.78788980000
10.79621401000
10.80453822000
10.81286243000
10.82118664000
10.82951085000
10.83783506000
10.84990516000
10.85822937000
10.86655358000
10.87487779000
10.88320200000
10.89152621000
10.89985042000
10.90817463000
10.91649884000
10.92482305000
10.93314726000
10.94147147000
10.94979568000
10.95811989000
10.96644410000
10.97476831000
10.98309252000
10.99141673000
10.99974094000
