y
-0.00117088509
0.01696349695
0.02929586570
0.03909236992
0.04891498198
0.05890353124
0.06744561238
0.07498052651
0.08232320035
0.08724879826
0.09035408626
0.09309195848
0.09339692549
0.09319016654
0.09168795727
0.08841238745
0.08411469059
0.07788097577
0.07088818444
0.06248516312
0.05295617516
0.04306179871
0.03269748923
0.02153297719
0.00967711706
-0.00224994505
-0.01456656647
-0.02655211010
-0.03700735282
-0.04718810105
-0.05644165108
-0.06485795499
-0.07634652657
-0.08228073662
-0.08658334505
-0.08925455515
-0.09007705707
-0.08933927028
-0.08752800507
-0.08463067476
-0.07969063944
-0.07381042340
-0.06637292152
-0.05759310252
-0.04816384124
-0.03824833654
-0.02729481105
-0.01589520857
-0.00467935033
0.00710893206
0.01895986852
0.03040875542
0.04084263311
0.05098841749
0.05995070446
0.06788653354
0.07545566883
0.08170383674
0.08664706240
0.09054919054
0.09307653615
0.09336121297
0.09238995823
0.09000737236
0.08608893865
0.08122879083
0.07500659873
0.06751777317
0.05877160056
0.04900900286
0.03858110346
0.02735168426
0.01609002554
0.00450377981
-0.00709756399
-0.01869914751
-0.02993011128
-0.04079129302
-0.05063679956
-0.05974108638
-0.06803558773
-0.07537501726
-0.08116298964
-0.08580781497
-0.08890449305
-0.09032593688
-0.09045425978
-0.08902387808
-0.08600255644
-0.08127406161
-0.07527300018
-0.06819337344
-0.05983743572
-0.05093381159
-0.04044479313
-0.02928571117
-0.01752292595
-0.00585719764
0.00595277567
0.01737302528
0.02849767573
0.03921944216
0.04939056934
0.05844402353
0.06690158899
0.07455794501
0.08069519645
0.08590863214
0.08975982038
0.09204890117
0.09307317784
0.09272901298
0.09077865516
0.08728161062
0.08240130790
0.07623828182
0.06889630217
0.06038978481
0.05111225060
0.04100920512
0.03009759355
0.01835670533
0.00623280304
-0.00552045249
-0.01690476935
-0.02851856154
-0.03938059510
-0.04939733435
-0.05883636416
-0.06729865402
-0.07462186601
-0.08070353754
-0.08527322961
-0.08854830771
-0.09033850647
-0.09062196671
-0.08941454127
-0.08654199491
-0.08209935202
-0.07647494201
-0.06935379070
-0.06131935301
-0.05239012533
-0.04227535480
-0.03138754836
-0.02042538155
-0.00883907145
0.00275472370
0.01420216850
0.02553571705
0.03684411743
0.04737873856
0.05684929662
0.06533504043
0.07281588688
0.07933560077
0.08420679143
0.08835796440
0.09111255676
0.09218005579
0.09225663729
0.09018810182
0.08732338990
0.08276752219
0.07696713694
0.07017780129
0.06210291529
0.05300191858
0.04269210397
0.03177258010
0.02028561527
0.00845874651
-0.00341118581
-0.01518424569
-0.02667321635
-0.03752910398
-0.04779700222
-0.05753006148
-0.06628786531
-0.07370087758
-0.08012522958
-0.08516849976
-0.08876859052
-0.09081048768
-0.09114295023
-0.09016248310
-0.08766754679
-0.08348798575
-0.07808593959
-0.07138323561
-0.06339064951
-0.05436854040
-0.04461744396
-0.03408068599
-0.02287538829
-0.01191089883
-0.00007974879
0.01144598586
0.02313649557
0.03416042122
0.04470259942
0.05470823671
0.06334380719
0.07136178966
0.07799937102
0.08365752313
0.08800025670
0.09068058408
0.09244533803
0.09219214409
0.09075443996
0.08769485527
0.08323938447
0.07765507349
0.07063433951
0.06271307991
0.05387864815
0.04382065810
0.03311055853
0.02179798199
0.01027308640
-0.00150670692
-0.01327999043
-0.02469726264
-0.03568380122
-0.04608138654
-0.05552040947
-0.06461667489
-0.07268911158
-0.07932354308
-0.08470719659
-0.08857920729
-0.09073399767
-0.09160287238
-0.09076304782
-0.08854609159
-0.08467597065
-0.07922986111
-0.07261822569
-0.06498953848
-0.05612578672
-0.04648909666
-0.03588956388
-0.02482469643
-0.01368683813
-0.00284448861
0.00929123796
0.02052987021
0.03173505096
0.04237397952
0.05236110407
0.06128946812
0.06924917475
0.07634166190
0.08231807294
0.08682509772
0.09021605840
0.09191322947
0.09231154214
0.09106018355
0.08841500105
0.08441317459
0.07890403508
0.07230574347
0.06434874782
0.05550404551
0.04569984662
0.03507059026
0.02384417473
0.01214672800
0.00043815480
-0.01138055447
-0.02257570477
-0.03386547241
-0.04415981190
-0.05399292237
-0.06318648882
-0.07101200524
-0.07807790669
-0.08348466007
-0.08783266780
-0.09061247623
-0.09166401152
-0.09149746031
-0.08939886866
-0.08615937212
-0.08112035030
-0.07466196545
-0.06729954256
-0.05882302362
-0.04931746376
-0.03887185525
-0.02754637903
-0.01599748012
-0.00456298883
0.00750735287
0.01909331367
0.03024042208
0.04070258684
0.05057163666
0.05957458328
0.06789217909
0.07489820604
0.08069529979
0.08554845781
0.08889638796
0.09119732794
0.09174038750
0.09087205721
0.08853584698
0.08489427336
0.07985235941
0.07349004227
0.06580223076
0.05721901208
0.04778210033
0.03715714332
0.02610021938
0.01413207941
0.00231962141
-0.00940950932
-0.02087998632
-0.03216625625
-0.04298763593
-0.05269255530
-0.06190995577
-0.06990101515
-0.07688986415
-0.08281839422
-0.08715914096
-0.08999419716
-0.09133617396
-0.09117762471
-0.08961237660
-0.08629114407
-0.08171895290
-0.07563961976
-0.06856116429
-0.06033873528
-0.05109573438
-0.04080847912
-0.02991671027
-0.01863170656
-0.00670815075
0.00524158669
0.01679218219
0.02800271015
0.03888133985
0.04900743690
0.05836006028
0.06676623938
0.07417057496
0.08042362034
0.08552093826
0.08898713745
0.09134941386
0.09195286544
0.09120073689
0.08902517100
0.08538421262
0.08055398296
0.07425982341
0.06696368228
0.05845029611
0.04909234743
0.03893017981
0.02792631530
0.01644959207
0.00469945913
-0.00701648662
-0.01855338379
-0.02978958904
-0.04061705697
-0.05075242794
-0.06019809818
-0.06898917765
-0.07629615336
-0.08230494351
-0.08707528117
-0.09013464086
-0.09170414851
-0.09174120824
-0.09015643484
-0.08716462384
-0.08250826795
-0.07645850706
-0.06923563725
-0.06106101020
-0.05184932062
-0.04177642012
-0.03088897734
-0.01971854856
-0.00839544526
0.00303257632
0.01454373595
0.02600869941
0.03693530456
0.04710996340
0.05671082284
0.06502733501
0.07266789047
0.07924639888
0.08437746315
0.08844469707
0.09103066745
0.09194021304
0.09174890130
0.08969681836
0.08640396527
0.08167314903
0.07569227120
0.06861654399
0.06018303260
0.05085197796
0.04049102635
0.02940427392
0.01799224997
0.00614387756
-0.00565675996
-0.01705787654
-0.02825632883
-0.03890267632
-0.04905503416
-0.05849986683
-0.06718169808
-0.07451438977
-0.08094019019
-0.08596275542
-0.08932640890
-0.09136969828
-0.09173462668
-0.09069682974
-0.08815264151
-0.08400063132
-0.07819107200
-0.07144330147
-0.06328310792
-0.05420647736
-0.04415221633
-0.03339854611
-0.02192658348
-0.01067075061
0.00127729195
0.01295016219
0.02446707544
0.03536261539
0.04556256503
0.05505916701
0.06360277366
0.07119293166
0.07771965990
0.08302016187
0.08722861260
0.08986594425
0.09119637526
0.09104206465
0.08953784940
0.08653320972
0.08218479939
0.07671873979
0.06971849910
0.06180911412
0.05279847749
0.04269922273
0.03186070104
0.02032258764
0.00855669603
-0.00339719863
-0.01536509443
-0.02721217267
-0.03826602083
-0.04862422411
-0.05835063483
-0.06701645066
-0.07458989440
-0.08092054260
-0.08604397764
-0.08948170855
-0.09160161413
-0.09227079469
-0.09132382502
-0.08904085628
-0.08485184592
-0.07948701467
-0.07285633080
-0.06503769626
-0.05607726863
-0.04614307883
-0.03539013193
-0.02424713583
-0.01299913266
-0.00165164869
0.00992297189
0.02197356947
0.03299122344
0.04341762939
0.05322558738
0.06216753454
0.06989645226
0.07682518196
0.08249384909
0.08676168350
0.08963732432
0.09112633621
0.09119950543
0.08976281397
0.08663608702
0.08233418385
0.07664220213
0.06966206707
0.06199961403
0.05310253668
0.04336332827
0.03284731523
0.02150689945
0.00998877405
-0.00175863822
-0.01340114704
-0.02476209427
-0.03615515596
-0.04662068027
-0.05624378997
-0.06534962775
-0.07328490868
-0.08031659167
-0.08580766916
-0.08972268841
-0.09209675462
-0.09270586736
-0.09204149875
-0.08966292418
-0.08575355304
-0.08049815208
-0.07381671818
-0.06605088020
-0.05748359485
-0.04741575634
-0.03682361792
-0.02580603219
-0.01485597568
-0.00363954980
0.00816627991
0.01999429329
0.03121270380
0.04153894224
0.05145785596
0.06021768353
0.06821849297
0.07521112474
0.08074728145
0.08574438309
0.08891856633
0.09072917032
0.09115214571
0.09014987310
0.08755196596
0.08356907776
0.07814858729
0.07150261664
0.06368005081
0.05493327687
0.04490289653
0.03433226703
0.02277778795
0.01097984193
-0.00077164191
-0.01237631286
-0.02373879823
-0.03475021072
-0.04495957984
-0.05479846601
-0.06382697529
-0.07156944327
-0.07866875444
-0.08399148660
-0.08821975599
-0.09086819938
-0.09197222413
-0.09179888698
-0.08993574026
-0.08653823847
-0.08168134545
-0.07520609834
-0.06784183990
-0.05923996022
-0.04962199899
-0.03917597079
-0.02820262323
-0.01661733474
-0.00556443398
0.00667399034
0.01850260584
0.02999578572
0.04056696811
0.05065077350
0.05944820457
0.06778759344
0.07474293179
0.08059349299
0.08520693378
0.08856303421
0.09040810128
0.09088899522
0.09002580000
0.08755537349
0.08398105931
0.07887351115
0.07233893953
0.06507506832
0.05651002677
0.04702664118
0.03652453262
0.02545929331
0.01381570913
0.00168663860
-0.01003391092
-0.02160229254
-0.03288817394
-0.04365508850
-0.05372139337
-0.06310938118
-0.07135556372
-0.07829213981
-0.08381671714
-0.08793577354
-0.09060195071
-0.09160989978
-0.09143856211
-0.08948288404
-0.08615402995
-0.08139395121
-0.07513484536
-0.06803171321
-0.05971989739
-0.05056530389
-0.04034732793
-0.02981374624
-0.01863216941
-0.00710946678
0.00470290693
0.01641717389
0.02767512376
0.03864580839
0.04896315025
0.05836594606
0.06673005584
0.07406439687
0.08028171454
0.08534684635
0.08886407221
0.09129162987
0.09174305296
0.09105055185
0.08855432738
0.08478850947
0.07984535629
0.07346500497
0.06609255943
0.05765293088
0.04823934349
0.03802284751
0.02698652273
0.01558134248
0.00385665639
-0.00763872417
-0.01897492860
-0.03022841908
-0.04086579307
-0.05106418465
-0.06062978389
-0.07337660767
-0.08011654361
-0.08546765562
-0.08938277570
-0.09171867582
-0.09239699304
-0.09169853425
-0.08916151327
-0.08508219046
-0.07950754887
-0.07272644223
-0.06497727025
-0.05591077335
-0.04606730854
-0.03545055012
-0.02429391719
-0.01322731311
-0.00150784760
0.01002886916
0.02141593311
0.03221841183
0.04282166050
0.05246587892
0.06136174962
0.06917497592
0.07594479558
0.08170827538
0.08626926830
0.08959009033
0.09131867442
0.09175006543
0.09059991631
0.08796453333
0.08367860391
0.07826964432
0.07159530624
0.06373901787
0.05474225695
0.04483789010
0.03406598511
0.02275110591
0.01084759416
-0.00100872421
-0.01248504060
-0.02392870990
-0.03475707055
-0.04498412580
-0.05467060041
-0.06376274772
-0.07166731134
-0.07828770881
-0.08359293089
-0.08769527618
-0.09013375339
-0.09118023423
-0.09078511241
-0.08884040656
-0.08543794769
-0.08034179828
-0.07400720491
-0.06650487234
-0.05775238804
-0.04821372552
-0.03752909157
-0.02664672577
-0.01533593327
-0.00372553463
0.00844163172
0.02022521798
0.03148102212
0.04211958939
0.05204073248
0.06089167658
0.06873732934
0.07573457125
0.08136478921
0.08591082785
0.08913719886
0.09086872425
0.09121710684
0.09016974861
0.08780640803
0.08403631693
0.07899109383
0.07258538350
0.06508255861
0.05647195512
0.04701869804
0.03651048441
0.02561693886
0.01386284328
0.00188912974
-0.00973114016
-0.02124463059
-0.03268501961
-0.04352624602
-0.05365052771
-0.06283802853
-0.07115458481
-0.07800846582
-0.08352637639
-0.08774091189
-0.09024270298
-0.09135387454
-0.09086034773
-0.08886651924
-0.08535228495
-0.08042516870
-0.07424738702
-0.06695496207
-0.05860824452
-0.04927056585
-0.03895188193
-0.02803869023
-0.01697528211
-0.00569059168
0.00616821471
0.01779564005
0.02920431955
0.04008473467
0.05003544048
0.05952866444
0.06772221213
0.07513238498
0.08118587252
0.08597655842
0.08973849571
0.09164169186
0.09223787017
0.09148655099
0.08887544426
0.08519748825
0.08012208595
0.07373481267
0.06637272030
0.05772650352
0.04799831163
0.03766948753
0.02678525026
0.01544688242
0.00378163173
-0.00775178867
-0.01928529073
-0.03040808108
-0.04112161107
-0.05113993775
-0.06067919877
-0.06922580945
-0.07662306677
-0.08244671979
-0.08721234446
-0.09019487115
-0.09175359290
-0.09174499214
-0.09001861753
-0.08703395665
-0.08218495437
-0.07579187934
-0.06849106364
-0.05990356210
-0.05044792195
-0.04009749692
-0.02934697220
-0.01805276019
-0.00698312877
0.00471477879
0.01627082257
0.02763967920
0.03823831560
0.04833609572
0.05724140254
0.06575077496
0.07325584501
0.07940479659
0.08467516541
0.08843495741
0.09100147538
0.09185463883
0.09125160506
0.08952709179
0.08589213321
0.08124696714
0.07503278229
0.06781078302
0.05955464259
0.04996729865
0.03955798668
0.02853490676
0.01705597778
0.00502117741
-0.00675116703
-0.01804020444
-0.02942324554
-0.03989848827
-0.05012300344
-0.05956115511
-0.06802887514
-0.07515688738
-0.08126009506
-0.08585682549
-0.08911083716
-0.09070325608
-0.09090984509
-0.08967323880
-0.08675857580
-0.08237275032
-0.07657989755
-0.06958347127
-0.06150713244
-0.05221581167
-0.04225101029
-0.03115861816
-0.01997189692
-0.00877422393
0.00323715149
0.01494494075
0.02652943812
0.03733808253
0.04769159067
0.05711653868
0.06552838428
0.07293437800
0.07923364420
0.08435321488
0.08816243303
0.09074409662
0.09167901994
0.09138987493
0.08956386330
0.08637345377
0.08192230985
0.07607662549
0.06888348326
0.06073437325
0.05178702040
0.04164362435
0.03092141426
0.01920416700
0.00748901480
-0.00412141760
-0.01619073530
-0.02751290519
-0.03834766918
-0.04851490561
-0.05834815442
-0.06705302442
-0.07440111343
-0.08082416764
-0.08547468353
-0.08872971401
-0.09069837645
-0.09067501122
-0.08952125857
-0.08666030998
-0.08220084570
-0.07664747839
-0.06978996786
-0.06188417029
-0.05298514303
-0.04301985642
-0.03266565665
-0.02164767222
-0.01041773096
0.00131811722
0.01303409428
0.02453036925
0.03559656924
0.04631975898
0.05597653035
0.06455181324
0.07237936084
0.07902626387
0.08449186177
0.08852922895
0.09129824421
0.09248965701
0.09220702830
0.09054589212
0.08717274481
0.08277431926
0.07695294576
0.06995178177
0.06198349860
0.05295837061
0.04299822501
0.03223870174
0.02087848754
0.00938577025
-0.00243896812
-0.01396853935
-0.02524195519
-0.03599938955
-0.04646353013
-0.05611395928
-0.06519232110
-0.07280560331
-0.07953660891
-0.08465752067
-0.08831644158
-0.09055595392
-0.09102986631
-0.09012645406
-0.08745371177
-0.08331136317
-0.07775311629
-0.07102100119
-0.06302984354
-0.05422215919
-0.04410330634
-0.03354388802
-0.02250439467
-0.01129700533
0.00019165154
0.01166946840
0.02309391180
0.03413229173
0.04465910033
0.05437044685
0.06315486215
0.07100127450
0.07781107030
0.08350262431
0.08783062771
0.09075882473
0.09230464228
0.09248552579
0.09115985672
0.08826054682
0.08406199889
0.07844747403
0.07164340108
0.06330695867
0.05453068517
0.04435061136
0.03350149643
0.02227209459
0.01056434757
-0.00131643043
-0.01272344137
-0.02421535196
-0.03508048936
-0.04543168684
-0.05503794189
-0.06397748298
-0.07162527366
-0.07827504138
-0.08350909977
-0.08752033667
-0.08995131600
-0.09068319172
-0.09012474868
-0.08783738876
-0.08421661484
-0.07886376229
-0.07342396348
-0.06579359567
-0.05723213880
-0.04726755073
-0.03695125297
-0.02593571829
-0.01453096914
-0.00260825914
0.00973719868
0.02129779823
0.03221844110
0.04264036366
0.05240276667
0.06124259653
0.06912318142
0.07580137708
0.08147045093
0.08589850699
0.08901769373
0.09078655101
0.09082081278
0.08996745010
0.08716475793
0.08332434295
0.07811362274
0.07145707769
0.06392527219
0.05499849853
0.04533931354
0.03470683807
0.02328311659
0.01156478719
-0.00052926293
-0.01210894313
-0.02355361815
-0.03494103038
-0.04562234825
-0.05549247489
-0.06442089895
-0.07240818517
-0.07914186185
-0.08463278818
-0.08846128097
-0.09087580773
-0.09170409352
-0.09103801492
-0.08905555990
-0.08496002591
-0.08000919655
-0.07357027647
-0.06616834814
-0.05768793195
-0.04816629538
-0.03798685285
-0.02688549454
-0.01563788037
-0.00475486556
0.00746372264
0.01905588876
0.03028849253
0.04112758618
0.05129126294
0.06040716813
0.06847870106
0.07586855497
0.08145493750
0.08620655810
0.08944802878
0.09111230943
0.09141836667
0.09027076887
0.08761883491
0.08390779606
0.07853007180
0.07205061192
0.06448493141
0.05579226453
0.04622861890
0.03575319198
0.02466933278
0.01321442602
0.00143437187
-0.01035364229
-0.02183453279
-0.03322219404
-0.04406266968
-0.05412742074
-0.06336228712
-0.07170912492
-0.07869796082
-0.08434127796
-0.08851494382
-0.09125073502
-0.09220889551
-0.09183114716
-0.08970369594
-0.08584614986
-0.08062187439
-0.07400719474
-0.06639405633
-0.05782647334
-0.04814165220
-0.03764765723
-0.02682115610
-0.01557380497
-0.00459932843
0.00713813892
0.01813563993
0.02914226564
0.03971943365
0.04997065327
0.05913874366
0.06746639254
0.07451731995
0.08053617073
0.08545484855
0.08875271715
0.09129304223
0.09188729919
0.09101608483
0.08895245691
0.08509043365
0.08003250047
0.07369260151
0.06585041216
0.05740685248
0.04769800918
0.03709164997
0.02561271712
0.01389769832
0.00190779586
-0.00976835552
-0.02139574524
-0.03265244072
-0.04323008623
-0.05316927197
-0.06204611150
-0.07021988168
-0.07735539253
-0.08295556044
-0.08731582666
-0.09026992949
-0.09170481384
-0.09153361422
-0.08993402234
-0.08665400676
-0.08176993058
-0.07558986953
-0.06820546585
-0.05950069105
-0.05002508527
-0.03941864352
-0.02822680314
-0.01693265338
-0.00533463168
0.00649126918
0.01779646194
0.02864728394
0.03930237965
0.04940170095
0.05882032633
0.06713979223
0.07426491757
0.08024042308
0.08460778818
0.08826605846
0.09039469255
0.09121969046
0.09072472619
0.08843909853
0.08519017939
0.08041674738
0.07459985789
0.06735207024
0.05918580666
0.04965585435
0.03919429927
0.02796772583
0.01615295967
0.00425997617
-0.00804077577
-0.01980585964
-0.03159543522
-0.04268773885
-0.05294292434
-0.06203751625
-0.07040773904
-0.07739822762
-0.08314402587
-0.08723610970
-0.08997525885
-0.09130802307
-0.09107425749
-0.08943121740
-0.08643389398
-0.08180214554
-0.07591665429
-0.06881419324
-0.06065828965
-0.05161395018
-0.04164961761
-0.03090688298
-0.01981903250
-0.00824344931
0.00373320166
0.01515977330
0.02657399241
0.03741935103
0.04780434546
0.05707277144
0.06600234936
0.07355184993
0.08000307675
0.08516441877
0.08897779551
0.09122360432
0.09194603456
0.09122144237
0.08911326097
0.08566533616
0.08079721560
0.07456034410
0.06741430894
0.05897272794
0.04972540824
0.03964554308
0.02871295963
0.01752965395
0.00581113811
-0.00603408392
-0.01752928485
-0.02901133657
-0.03994589777
-0.05025049257
-0.05999340026
-0.06867088577
-0.07619809830
-0.08256101593
-0.08730442342
-0.09060192133
-0.09217150471
-0.09216010055
-0.09047342128
-0.08719065330
-0.08236692943
-0.07610787675
-0.06870505434
-0.06018479186
-0.05069171979
-0.04055120792
-0.02969717786
-0.01859177866
-0.00739015952
0.00439929161
0.01536485702
0.02614721945
0.03649699425
0.04642667945
0.05600985389
0.06485590076
0.07255650199
0.07904636232
0.08428356653
0.08799881111
0.09075908143
0.09218142366
0.09177269028
0.09025132913
0.08698932306
0.08222318833
0.07652612733
0.06909510710
0.06078764638
0.05138219096
0.04077794485
0.02963088220
0.01800916951
0.00592457762
-0.00562655603
-0.02277651220
-0.03371641721
-0.04431827659
-0.05388193948
-0.06270429412
-0.07043879085
-0.07712539618
-0.08273546239
-0.08711702699
-0.08974712055
-0.09104296972
-0.09084500399
-0.08908606752
-0.08567082637
-0.08103163036
-0.07429496754
-0.06722720762
-0.05807307474
