ra
30.97010761703984
18.33877656142065
9.889089719398061
1.210515513267224
-7.26733092584451
-16.200226540718905
-25.185068447630414
-34.112535344374066
-43.251129209325164
-52.581503913429714
-61.46994867407685
-70.24289397813513
-79.1106549891581
-87.68234194670593
-96.35829279354547
-105.10933542213743
-113.58906108270207
-121.92235567145974
-130.24154061803316
-138.51114767930326
-146.8907351396586
-155.07979600302534
-163.20761098760912
-171.32281245703572
-179.3385603367225
-187.16875652615252
-195.10032963777113
-203.02672955291422
-210.97445175766106
-218.95808504622963
-226.78738743522942
-234.43087344640128
-245.76808890022363
-253.55048365871403
-261.5355591378353
-269.33291186859327
-277.2311500780828
-285.17575751163974
-293.14637159438337
-301.1340939487382
-309.19134848737366
-317.27029532494373
-325.5846483612943
-333.8256487460634
-342.3661276361819
-350.9634539588869
-359.5542835018328
-368.437128607508
-377.39170003947186
-386.38128154523304
-395.51737727311354
-404.55142938111146
-413.6847241071151
-422.4543440684627
-431.1820801454482
-440.13077911733126
-448.92723391076436
-457.66391733008396
-466.23249639799695
-474.71131606245814
-483.10584250210457
-491.56234641454813
-499.7381380520808
-507.8422461790694
-515.9201250523931
-523.9519876270913
-532.0096940445387
-539.9395161829609
-547.9972120130426
-555.9267011258378
-563.7142045934495
-571.3705895200344
-579.0317332902911
-586.7208931940468
-594.300265116262
-602.0142997147905
-609.7140640951017
-617.5755564777926
-625.4333285006792
-633.251569984958
-641.4299773594076
-649.5235904378698
-657.9063747152701
-665.9394886740283
-674.2863140984307
-682.8107319531077
-691.0916012962591
-699.7996983921739
-708.3589655118294
-717.1754895705589
-725.8478720720337
-734.8283678823233
-743.9217392217653
-753.1503971973267
-762.5942454500864
-771.6431421437553
-780.6589215386534
-789.5397074281229
-798.2892015831984
-807.0994894077709
-815.6822493339969
-824.295294143844
-832.6989057968119
-840.9945143503742
-849.1783304646949
-857.273773068971
-865.3186844176089
-873.300168080832
-881.257371967858
-889.0706748092025
-896.9268651551467
-904.8650333603955
-912.862744320124
-920.573814946002
-928.3914792173275
-936.0250875921422
-943.8220257426448
-951.4433646096847
-959.0854248775997
-966.826308801401
-974.679849322901
-982.6160112522615
-990.5086263249436
-998.3789739142039
-1006.3256524402648
-1014.1968206592805
-1022.2215639541874
-1030.3716135869831
-1038.5677412493549
-1046.7300705541743
-1054.9555832977767
-1063.358896446422
-1072.126120208892
-1081.0690384521936
-1090.0763788778356
-1099.2986175835922
-1108.6012618641519
-1117.9292143808173
-1127.146256634916
-1136.4750040891643
-1145.7229039415602
-1154.739935876722
-1163.6021974491205
-1172.4299579165988
-1180.962443364759
-1189.4291455772625
-1197.9821183329316
-1206.2838167921896
-1214.724132351878
-1222.821002136681
-1231.0215944151971
-1238.8920146295518
-1246.7669310046904
-1254.5407647839227
-1262.3837172356175
-1270.1791949990184
-1277.8881674992804
-1285.601176262471
-1293.3388843965956
-1301.0021430625459
-1308.5297332100486
-1316.0232606354407
-1323.6546082044713
-1331.2972577582525
-1339.0770395259851
-1346.8032723175738
-1354.4042511830469
-1362.3044998969324
-1370.26977863712
-1378.3757759122648
-1386.6069539947075
-1394.993307681549
-1403.4201722704863
-1412.083404622973
-1420.4162561268547
-1428.8301165032165
-1437.494401286108
-1446.2030249919371
-1455.1576715916733
-1464.0449908877586
-1473.0833444637622
-1482.2978948501354
-1491.4367495014524
-1500.564695665323
-1509.6930713290976
-1518.9185457681197
-1528.08274906922
-1537.1269442572798
-1545.9260285472515
-1554.4496166195452
-1562.8261120598077
-1571.34792920207
-1579.716293889516
-1588.0359843759134
-1596.3131586107722
-1604.3581199878904
-1612.1811493363982
-1620.279379285403
-1628.2361756776181
-1636.1997290480695
-1644.1349950161953
-1651.8038358910392
-1659.486450052048
-1667.1953812693127
-1674.7509900494892
-1682.2473096560186
-1689.8755976945638
-1697.5492318718475
-1705.3834093959613
-1713.2278023723698
-1721.0189878994115
-1728.8656234237133
-1736.7506075110136
-1744.6333056981628
-1752.727065864697
-1761.0308114642316
-1769.25182502005
-1777.5373846989094
-1785.7894357173298
-1794.379855315343
-1803.1346300527885
-1811.95259929055
-1820.9407901660973
-1830.3113942727823
-1839.6828940308635
-1849.0456514926982
-1858.265132757633
-1867.3625666018606
-1876.3152766845956
-1885.2238772831627
-1894.1548821487538
-1903.1182430795657
-1911.697114273389
-1920.5023277548992
-1928.9394376570856
-1937.6663361101778
-1946.0319151040758
-1954.317656077488
-1962.6185464577093
-1970.6324655913859
-1978.530374119927
-1986.3397089490927
-1994.2819145471647
-2002.0614631843162
-2009.7636566956808
-2017.4713000513023
-2025.1545415100568
-2032.8904503988201
-2040.5206553350188
-2048.316232228112
-2056.0953594317552
-2063.8699160984897
-2071.5170689973224
-2079.3862153877703
-2087.1798886375254
-2094.969592514944
-2102.577153380798
-2110.4766096358467
-2118.736867865594
-2126.775908718974
-2134.9749851474735
-2143.3831718633446
-2151.8930088931575
-2160.68218609393
-2169.455500518909
-2178.4940813967296
-2187.81119635307
-2197.057290759511
-2206.3712392410216
-2210.9479525690003
-2224.520735760656
-2233.532036670863
-2242.639473510624
-2251.499630688058
-2260.6408343702465
-2269.374121759091
-2278.152730120103
-2286.7012475502006
-2295.19810876174
-2303.7420621825668
-2312.07946693617
-2320.396217073744
-2328.6217431033806
-2336.255912934983
-2340.8782029285135
-2352.0282458421507
-2359.86813001327
-2367.594747883269
-2375.37119629893
-2383.104274524267
-2390.793278738318
-2398.460213953288
-2406.1302661061263
-2413.9649138422524
-2421.646784606614
-2429.3091342198763
-2437.028691390729
-2444.781678884207
-2452.6825117859566
-2456.981922408457
-2468.4589828183643
-2476.6540991759093
-2484.824164238459
-2492.7898185979084
-2501.12857303197
-2509.490599637036
-2518.093040586601
-2526.7123963778986
-2535.561785247774
-2544.74558990609
-2553.5921761962604
-2562.8574966136484
-2571.967781686365
-2581.012370374129
-2585.5639321522403
-2599.3753515318003
-2608.529648872523
-2617.6206009994903
-2626.62462003306
-2635.4336910059847
-2644.239732445767
-2653.024828739705
-2661.501222947923
-2670.1732985974527
-2678.4064513435246
-2686.7497716002713
-2694.518742410276
-2702.5465614504437
-2710.39734610738
-2715.019421628798
-2726.1310365395875
-2733.858212933016
-2741.3887184594255
-2749.223612488493
-2756.831712739048
-2764.5240083844724
-2772.1016909484174
-2779.7739652581618
-2787.395841628601
-2795.031604890721
-2802.8230263700734
-2810.7234151981897
-2818.3519894812443
-2826.1300391664804
-2830.1420436227318
-2842.177990035507
-2849.9978726281606
-2858.298499027606
-2866.3834827470764
-2874.9722460692014
-2883.5281025519425
-2892.202936652653
-2901.05679239578
-2910.188484770731
-2919.344494133619
-2928.181816570773
-2937.32355744877
-2946.515744001207
-2955.9035044983543
-2960.548603814077
-2974.4119016876643
-2983.307740292033
-2992.407628374737
-3001.3569377173353
-3010.151638091034
-3019.0244701965175
-3027.76449222715
-3036.0862722353586
-3044.338652935208
-3052.304538032294
-3060.3029529023243
-3068.3469819023985
-3076.094133417355
-3084.0340044441896
-3088.4005656353547
-3099.5394652825644
-3107.1074541471376
-3114.920309299969
-3122.3277417825193
-3130.0847673844623
-3138.0444159778995
-3145.7347592509286
-3153.342983949042
-3160.9429183437396
-3168.7024950364203
-3176.206823142221
-3183.9044064566297
-3191.820410457829
-3199.701999715596
-3203.5098483566003
-3215.709228396806
-3223.7921183232634
-3232.0945510228444
-3240.594651159461
-3249.001397766988
-3257.7974622375486
-3266.682438779417
-3275.516716822994
-3284.6936417844827
-3293.397194331699
-3302.402208246817
-3311.2678183298135
-3320.3457091395335
-3329.644772257782
-3334.5107525498074
-3348.0957745403243
-3357.054924845943
-3366.2121009505004
-3375.0833123505604
-3383.8355815629902
-3392.4641057852245
-3401.162832767272
-3409.3936191628927
-3417.27466389685
-3425.5635095635193
-3433.605124384583
-3441.4631483026587
-3449.4054704425153
-3457.2631371956295
-3461.949142117676
-3472.9540736274535
-3480.692407414337
-3488.5321640035286
-3496.127217781297
-3503.654488290923
-3511.4953466863603
-3519.206523212064
-3526.7713207962706
-3534.502089856746
-3542.3934907204484
-3550.0140627905953
-3557.871558320881
-3565.7318945499255
-3573.5065142369594
-3577.150556405366
-3589.6811302347764
-3597.770231451722
-3606.364338165581
-3614.837489189075
-3623.6346374870477
-3632.437931920498
-3641.339479434154
-3650.1789014018423
-3659.158022817076
-3668.083292368697
-3677.2892990955006
-3686.1263494192344
-3695.447873611963
-3704.4145286028847
-3709.156931170652
-3722.338985298599
-3731.155586185975
-3739.94710449771
-3748.71884815781
-3757.4624075496554
-3766.098188308969
-3774.274138761058
-3782.4248326758216
-3790.420135318736
-3798.7253010435384
-3806.6823882370645
-3814.2717544673765
-3822.014297238323
-3830.019905333549
-3834.573066306564
-3845.577677367441
-3853.2699967967956
-3861.141989723535
-3868.858761868012
-3876.5029192994552
-3884.3546102584955
-3892.2501191111473
-3900.006910881163
-3907.741568625474
-3915.7778581290886
-3923.517399540062
-3931.5236701419635
-3939.7833812172803
-3947.8543804684323
-3951.5373218318323
-3964.443581451829
-3972.991388926891
-3981.6622468347628
-3990.5485773731607
-3999.48585756153
-4008.274845314232
-4016.7713038471356
-4025.800012718469
-4034.568269120091
-4043.6543841945845
-4052.39423499024
-4061.3253760978946
-4070.3356057035903
-4079.032503280087
-4083.875718953995
-4096.43406861954
-4105.046385019516
-4113.591526899821
-4121.8428793446865
-4130.121673392009
-4138.524241394692
-4146.586024463538
-4154.741413935536
-4162.775660579559
-4170.662298755249
-4178.589826496554
-4186.416790589426
-4194.293528140764
-4202.10063074936
-4206.520101218154
-4217.842202484308
-4225.575296725657
-4233.461420190362
-4241.193705397081
-4249.255030600887
-4257.278170029318
-4265.017453788194
-4273.178648955568
-4281.20638708697
-4289.532951750744
-4297.723799574876
-4306.217574195568
-4314.508267862798
-4322.7649916527635
-4326.205811386834
-4339.95536471449
-4348.736579527934
-4357.779341833376
-4366.68899608526
-4375.647849574329
-4384.378500564064
-4393.396637163689
-4401.914687433661
-4410.723866189731
-4419.264284770801
-4427.843189398055
-4436.468661713887
-4445.073976973859
-4453.486100880385
-4457.736360581906
-4469.7172642981
-4477.872695497514
-4485.989426606466
-4494.16332344662
-4502.323380986334
-4510.292005238999
-4518.295643103805
-4526.249179538482
-4534.067470451632
-4541.953793171567
-4549.796528341504
-4557.449114769959
-4565.221041554128
-4573.1915559845775
-4577.473154517146
-4589.101769859994
-4597.19104112966
-4605.114488354787
-4613.09655442606
-4621.235951548988
-4629.410554303459
-4637.552271176648
-4645.703620025178
-4653.99706957249
-4662.213148785269
-4670.435914676263
-4679.179235076174
-4687.748082119798
-4695.646241145628
-4699.346095843903
-4713.113179380577
-4722.016512539872
-4731.020864369475
-4740.090585721471
-4748.885290619103
-4757.67582044427
-4766.653328929384
-4775.542649583263
-4784.309260944345
-4793.002462197876
-4801.582872425491
-4810.224217206061
-4818.645059248802
-4827.154616684319
-4831.456617742533
-4843.7233125967
-4851.783886145785
-4859.908796697578
-4867.952566683201
-4875.987444120865
-4884.02152299477
-4891.792679856496
-4899.6517129833055
-4907.384284437438
-4915.260131403608
-4923.036552868201
-4930.850777966806
-4938.561857662964
-4946.4985816409135
-4950.28110977894
-4962.186171366829
-4969.892748652176
-4977.8204085676925
-4985.717116774631
-4993.725207732694
-5001.735453779373
-5010.026851861985
-5018.256644771328
-5026.589879117868
-5035.027401577471
-5043.526166348276
-5052.192004546401
-5060.77574445193
-5070.208353424525
-5074.041155776792
-5087.973934392305
-5097.096804035605
-5105.878660832106
-5114.815316468021
-5123.734798464759
-5132.680915956316
-5141.517759000347
-5150.223047839041
-5158.8728570952735
-5167.356262337091
-5175.85156760532
-5184.2985536243705
-5192.792939550313
-5201.056137024382
-5205.178736426332
-5217.2951936937225
-5225.333238863536
-5233.2500483006115
-5241.26415293152
-5249.316875531208
-5257.133078376541
-5265.032014890576
-5272.910098924624
-5280.702725870735
-5288.636672390278
-5296.407847248577
-5304.24112686958
-5311.964314629574
-5319.685530630008
-5323.157191036799
-5335.589987171
-5343.628150116189
-5352.042678020475
-5360.108984804513
-5368.214737650111
-5376.325771275108
-5384.789693329013
-5393.049823708444
-5401.335925430864
-5409.818471965935
-5418.51805385205
-5427.38062273126
-5436.409201921583
-5445.440018857333
-5449.414688110285
-5463.838375523892
-5472.922607253195
-5481.942068757086
-5490.72799554228
-5499.421048943103
-5511.854781439169
-5520.3926083891665
-5528.788847922938
-5537.302759773124
-5545.726055300823
-5553.912910994047
-5562.229678225438
-5570.33672727617
-5578.552249490236
-5582.357270061971
-5594.517147987547
-5602.790116246514
-5610.601592534013
-5618.468129578413
-5626.318853553116
-5634.155790711924
-5641.777733300296
-5649.400983457803
-5657.326979892336
-5664.977983994107
-5672.700732007911
-5680.7486635046325
-5688.635407933889
-5696.70312031325
-5701.2797502940875
-5712.82041467866
-5721.023036434103
-5729.182386222664
-5737.373471189325
-5745.810149649515
-5754.049076234902
-5762.54839620179
-5771.118828357331
-5780.014927101252
-5788.964282101047
-5797.899602956787
-5806.920979764752
-5816.156470324164
-5825.169352936771
-5830.367192066669
-5843.008346519405
-5851.624251151334
-5860.367544155434
-5869.05507657415
-5877.848913925675
-5886.496368179473
-5894.820083252606
-5903.071347703239
-5911.309239809634
-5919.701941335391
-5927.808351852234
-5935.816720905762
-5943.772343714627
-5951.749622672133
-5955.555595686936
-5967.556496092482
-5975.4459340818275
-5983.470377472787
-5991.162302151441
-5998.876333598121
-6006.701194648773
-6014.324548765851
-6022.064016527874
-6029.740558652838
-6037.3491544562985
-6044.977944426765
-6052.919973618673
-6060.599819322439
-6068.591511485457
-6073.450558598774
-6084.981209995714
-6093.139289432511
-6101.467630451553
-6109.855862137263
-6118.531011583513
-6127.015386622137
-6135.884517721751
-6144.652854056526
-6153.488534227058
-6162.555781395084
-6171.803530551635
-6180.806447274555
-6189.992025622241
-6199.0710391153725
-6204.330701384574
-6217.193420429038
-6226.301981256549
-6234.936789228042
-6243.628602976119
-6252.037222595997
-6260.410684410261
-6268.465871845815
-6276.712571084755
-6284.716300292291
-6292.6481789939435
-6300.7280001271265
-6308.481870074864
-6316.506584379324
-6324.396817995787
-6328.646172699262
-6340.481138290087
-6348.194418013966
-6355.872507703916
-6363.605242066267
-6371.188036640784
-6378.5130939149985
-6386.186005496054
-6393.860108219269
-6401.689613390752
-6409.430827270398
-6417.455054890983
-6425.559439732019
-6433.664477885834
-6441.862861386056
-6446.56764513509
-6458.225393976199
-6466.334830912134
-6474.859476421865
-6483.2162289002745
-6491.576434472717
-6500.065338332374
-6508.8070976079935
-6517.847311595195
-6526.884158936797
-6536.143284344116
-6545.429435700342
-6554.737445922916
-6563.670727533227
-6572.798300566472
-6577.912329215853
-6590.562345600859
-6599.279639099571
-6607.880268569444
-6616.372655496089
-6624.874786894714
-6633.365449730661
-6641.508353483578
-6649.672456816892
-6657.747230026739
-6665.779715068503
-6673.662411758994
-6681.583532054065
-6689.291484488202
-6697.2729660617215
-6701.293063478469
-6712.510372960775
-6720.000721666932
-6727.5793055813965
-6735.209474743531
-6742.767760334696
-6750.418726183523
-6758.237198951691
-6766.149572513087
-6774.013856448068
-6781.963470983373
-6789.894823197858
-6798.065918525822
-6805.880647073632
-6813.759135752248
-6818.313840632763
-6830.289181293354
-6838.4984800909715
-6847.034302630058
-6855.370608625558
-6864.191812876895
-6872.9208784969915
-6881.77369617952
-6890.890389405722
-6900.001159604083
-6909.177943569449
-6918.432226562072
-6927.423361327477
-6936.240977049239
-6945.367505797742
-6950.412888022707
-6963.1492940597545
-6971.792717100011
-6980.608799527257
-6989.166099151416
-6997.548802013313
-7005.826901964313
-7013.776123424572
-7022.006039284387
-7029.982944545894
-7037.785734853702
-7045.530197963089
-7053.457181852464
-7061.2620025864135
-7068.88598227427
-7073.372774108835
-7084.3434150579915
-7091.941495404746
-7099.648122777069
-7107.3467078020885
-7115.010344277229
-7122.728248317664
-7130.646465671194
-7138.4333921642
-7146.144698239595
-7154.07733568393
-7162.055949264319
-7170.0462781474
-7178.089271016858
-7186.456026981396
-7190.873571875639
-7203.129499297014
-7211.69104574666
-7220.263528993407
-7228.609841360691
-7237.352675571614
-7246.192400913047
-7255.1013341157895
-7264.102495931772
-7273.25603143142
-7282.430863918497
-7291.589483935767
-7300.771098928765
-7309.702443135714
-7318.49415082237
-7323.599917970181
-7335.914611496662
-7344.136130787288
-7352.545464097232
-7360.66256490857
-7368.716284815084
-7376.7746740767125
-7384.794144959502
-7392.785360452793
-7400.929004787377
-7408.938546260346
-7416.885230613466
-7424.670855770813
-7432.348274529207
-7439.944061376245
-7444.421853188463
-7455.133357520358
-7462.825173381796
-7470.487483528891
-7478.156365545862
-7485.96603900622
-7493.912163534864
-7501.976535847641
-7509.863386295628
-7517.758274195194
-7525.927703941283
-7533.971308547977
-7542.26056703415
-7550.374205257046
-7558.72764763744
-7563.0863420270325
-7575.4758307758175
-7584.2860247832
-7592.9327462011
-7601.816756542416
-7610.843193483056
-7619.836102268957
-7629.138947100042
-7638.334720030993
-7647.468854055173
-7656.562833498897
-7665.592680866251
-7674.417014611801
-7683.202178823106
-7691.793424953369
-7696.695913872556
-7708.708329248322
-7717.248007155841
-7725.350878492769
-7733.499813293706
-7741.70074532019
-7749.595667090813
-7757.503563224182
-7765.518003129112
-7773.192049221526
-7780.996187940709
-7788.449695694125
-7796.086832754113
-7803.608505499356
-7811.178060357183
-7815.516666837262
-7826.538101987619
-7834.207714830502
-7842.045430214138
-7849.777780513992
-7857.806244715091
-7865.565890945627
-7873.325974841834
-7881.269188650393
-7889.211040333017
-7897.136068144729
-7905.356910699257
-7913.734381393429
-7922.173758992067
-7930.6873615918175
-7934.964446334239
-7947.7936300687625
-7956.602823554115
-7965.442276468917
-7974.497254031235
-7983.821011675964
-7993.101255602893
-8002.2109750362215
-8011.48669804123
-8020.585895180226
-8029.537688000544
-8038.446917840014
-8047.224850558813
-8055.966454182165
-8064.54279781359
-8069.268623597607
-8081.319265763108
-8089.211608322244
-8097.196352749576
-8105.232899105422
-8113.252153729573
-8121.436161269312
-8129.460566732002
-8137.182800333287
-8144.918459466878
-8152.467501945454
-8160.213801003182
-8167.869806427574
-8175.605097872501
-8183.219987917057
-8187.701252982131
-8198.6383008531
-8206.46310632355
-8214.285167529699
-8221.907628805922
-8229.797906429063
-8237.61261866819
-8245.505704203073
-8253.58562588456
-8261.55872188355
-8269.766317809985
-8278.288596183902
-8286.520217565909
-8294.79735119935
-8303.354876189238
-8307.691615612503
-8320.454113971839
-8329.497831749535
-8338.61594228665
-8347.463815527906
-8356.496984418656
-8365.647149617636
-8374.859589290007
-8384.00535158044
-8392.933536398776
-8401.808143345708
-8410.413229915528
-8419.04596681446
-8427.380069977788
-8435.615875268853
-8440.386443379106
-8452.037568879641
-8460.1482835614
-8468.183793970384
-8476.482624487957
-8484.582685629617
-8492.870495130484
-8500.734469381689
-8508.47644837142
-8516.0356579015
-8523.713326329891
-8531.544861041759
-8539.168017383292
-8546.942058084962
-8554.723153039926
-8559.276439339781
-8570.336581496707
-8578.178981065354
-8585.838214454432
-8593.77411858643
-8601.48229858672
-8609.651529325356
-8617.440321081507
-8625.78831526338
-8634.007970119546
-8642.381260652779
-8650.52322052706
-8658.905481486612
-8667.426863299132
-8676.092489122966
-8680.49278599371
-8693.971688462389
-8703.108636995943
-8712.127854409997
-8721.318629978863
-8730.340875599783
-8739.402070436856
-8748.255032414474
-8757.103014079425
-8765.694158230875
-8774.392040026702
-8782.955526124928
-8791.229549534788
-8799.50201900434
-8807.757861409062
-8812.342078768703
-8823.821362290417
-8832.021349947354
-8840.159863491195
-8848.211681200284
-8856.06757438354
-8863.80455860171
-8871.372799343571
-8878.987337925519
-8886.492410000961
-8894.301576031245
-8901.918201947132
-8909.854255922533
-8917.649777395283
-8925.398397711073
-8929.689539725308
-8941.16160888324
-8948.980168207341
-8957.066753280256
-8964.944549649745
-8972.893189570661
-8981.20064590106
-8989.527342306616
-8997.920211881708
-9006.18672090236
-9014.554049499871
-9023.170720801863
-9031.845798305636
-9040.391774830352
-9049.506878269873
-9053.942848013194
-9067.545036560741
-9076.35468515467
-9085.37947706433
-9094.423555298603
-9103.326853418686
-9112.194635544993
-9120.86795922494
-9129.454842643168
-9137.98741304156
-9146.470168740218
-9154.831360546441
-9163.013297972362
-9170.986886755527
-9178.937396612198
-9183.571969658478
-9195.020031597205
-9203.010326424266
-9210.930401105303
-9218.761100941538
-9226.671439544085
-9234.406393023688
-9242.053357322366
-9249.781734429058
-9257.580125433446
-9265.421324421912
-9273.158120577904
-9280.799649092452
-9288.609265697014
-9296.533115254955
-9300.869905065058
-9312.25167451047
-9320.37407391542
-9328.38818328196
-9336.595533388787
-9344.771130651588
-9353.15621584241
-9361.695109511431
-9369.844813500802
-9378.335572892569
-9386.838560235576
-9395.570912559819
-9404.181993262226
-9412.810649042505
-9421.62999266328
-9426.174287913007
-9439.636021408207
-9448.736107255523
-9457.850159728585
-9466.823479344943
-9475.668866672639
-9484.62283067785
-9493.382409092741
-9501.93416687342
-9510.312899242395
-9518.488605354822
-9526.4392893479
-9534.503057732383
-9542.364569474656
-9550.26906937783
-9555.083436119674
-9566.457102989918
-9574.330110562889
-9582.33765516572
-9590.12321088364
-9597.535065236143
-9605.121018477896
-9612.769568117583
-9620.527162871284
-9628.114601105812
-9635.74559123478
-9643.660082124754
-9651.477652076606
-9659.304694633202
-9667.203327135254
-9671.15011751572
-9683.492447447932
-9691.426154250976
-9699.79612204344
-9707.934212435077
-9716.317970156308
-9724.750927864272
-9733.051039646514
-9741.427582242399
-9750.200308191166
-9758.907589977944
-9767.706641152488
-9776.685329947799
-9785.67427211809
-9794.786988662192
-9799.140452065898
-9812.8692950231
-9821.883985674911
-9830.694853940948
-9839.638893933912
-9848.411767586487
-9856.918071299182
-9865.258491404971
-9873.695297454342
-9881.973981348692
-9889.723520621308
-9897.842055133502
-9905.668758142025
-9913.673021915709
-9921.609238499672
-9926.297291220146
-9937.25841931653
-9945.154990665698
-9952.795925309656
-9960.305616586445
-9967.901746350071
-9975.57467899054
-9983.203288633316
-9991.04464312444
-9998.83663605445
-10006.909789217816
-10014.82132638245
-10022.517808069308
-10030.548946977455
-10038.411526760696
-10042.064204542174
-10054.531500357021
-10062.575354505732
-10070.749484932212
-10079.030666218803
-10087.40656282303
-10095.918854045054
-10104.53417561636
-10113.223854100544
-10121.943566750688
-10130.873197718613
-10139.818055713069
-10148.746482732144
-10157.84572193155
-10167.037256127895
-10171.382858991075
-10185.089860954933
-10193.974597367558
-10202.750099653877
-10211.562974484783
-10220.380075880177
-10228.775019458722
-10236.912537769707
-10245.152794578791
-10252.950544226507
-10260.894055168585
-10268.73342062883
-10276.728701634698
-10284.722856399532
-10292.69495473594
-10297.306766312879
-10308.459993651128
-10315.977122947657
-10323.6051268247
-10331.157167687408
-10339.028348534248
-10346.646593572166
-10354.372108824478
-10361.982001072842
-10369.97928723699
-10377.980295412028
-10385.641877973723
-10393.58094227773
-10401.459732297633
-10409.609272179325
-10413.198744506302
-10426.061767018578
-10434.236055668105
-10442.482597016295
-10450.919990903525
-10459.459223931452
-10468.105529976941
-10476.563649728976
-10485.559150383524
-10494.500472329446
-10503.538537072005
-10512.608156986189
-10521.529638267919
-10530.655610773181
-10539.441687126573
-10543.808936629699
-10556.822785817916
-10565.96549540364
-10574.756353040531
-10582.916942982503
-10591.045931273067
