th
60.51453694584671
59.53701544018231
58.7507575835763
58.5256841923369
57.81286891195404
57.61910401099705
57.357982750877746
57.22433023032778
56.87718500312164
56.838979951210085
57.03818929649682
57.41851383390582
57.70524969117797
58.162205668508065
58.241097266562036
58.37780403422015
58.71798527051855
59.07082013033412
59.408894269824096
59.75278804275405
60.30424033666529
60.78057443393179
61.22560091911345
61.7969098924088
62.29728364318529
62.727215965891595
63.27019426999636
63.75463808164443
64.11605487246862
64.78483471161012
65.04032561592197
65.14011836849157
65.10306804578609
64.63938481863828
64.60118760999009
64.27329707681098
64.23818189261246
63.75671218471209
63.13149512374013
62.50730503128944
61.60487080738742
60.788056845304006
59.57774650777445
58.86781718938015
57.65694669233688
57.11619250347005
56.71429213382963
56.266786134911285
56.01161948690874
55.897577209346345
55.883294375366404
55.980149646207266
55.98710613276249
56.34272398346925
56.50913332699901
56.89627933207377
57.31741839551491
57.93108290036238
58.368104461352424
59.121090206059584
59.72284312488564
60.65963055245207
61.429592906218716
62.17026755178803
62.7087423174573
63.54926770063119
64.11399288619985
64.42993044530417
65.06124403621978
65.71618753719648
66.08620286582395
66.4975246723851
66.94499003586245
66.7414197951831
66.70608369440285
66.21265824646214
65.88753399983126
65.45964989079532
64.8771064995007
64.22016962713498
63.140435888058775
62.178939355577974
61.316738719560036
60.44655555955718
59.63782808555137
58.739238653020735
58.20299662636983
57.6045673278174
56.76329418879281
56.353271157158716
55.66460354360863
55.187119022452464
55.100406107933985
54.87534963708704
55.49481744905091
55.60563552745992
55.75686752376722
56.334406418899626
56.812345834173215
57.57506418392797
58.38118325018024
59.01086640093852
59.81768725001466
60.26066210262216
60.946044600184415
61.88281154972711
62.31658751455096
62.8492745185398
63.67153197437116
63.90649099114018
64.31171713224154
64.78264172063078
65.37056089222634
65.47342479019929
65.92911854650391
66.22571986571462
66.25359901803772
66.11662656470546
66.01263673183549
65.62245957573329
65.28770440064729
64.75235898859506
64.35502271173559
63.97790561224363
63.16925875412761
62.296075631041994
61.49450634729353
60.634838049955654
59.893349734604264
58.548683163259355
57.48560788406536
56.28603670034573
55.501238832074385
54.68577837777777
54.18113556636317
53.911669608668575
53.81001959760659
53.907376975235685
53.963713675273
54.31717416075992
54.852902403685796
55.305197453770944
55.89101629074769
56.506985001850566
57.22116999380312
57.972976196319
58.880033066546154
59.56946061572211
60.43171420725381
61.359119184898155
62.38008487476867
63.045751228069484
63.76937684540556
64.61307921855557
64.9920840575615
65.79719812583818
66.55078540191182
67.12069774558002
67.18709404592954
67.63906746780262
67.59363175938019
67.81966847415956
67.50451371385873
66.952255882207
66.69951777487816
66.30367330422105
65.8365447475937
65.04265008279637
63.90995312376751
62.99471161375261
61.83746785108426
60.94016327056417
60.01438476955606
59.02610432761835
58.135344534166535
57.44056516075247
56.63646133655284
56.17879941409668
55.54400732465067
55.20258645910064
54.966320966774425
54.95535750539476
54.954924009117896
54.794153824553376
54.982791862120216
55.26181881309178
55.51174722658018
56.056676451457925
56.895002290814425
57.56763949273939
58.35475656777416
59.35851119517111
59.883788811423386
60.92822238829255
61.739903423221236
62.638346672974144
63.43606521225976
64.2993078333895
65.06229767979481
65.98873112850917
66.76537329624628
67.48408488112757
67.9472819318779
68.33150180318444
68.48319874304124
68.30052264268804
68.25869938194265
67.71876040223813
67.16314077736439
66.91089346960466
66.14803523036224
65.18020360896692
64.36455437905123
62.91920828463031
61.768783737896776
60.959797888051895
59.63071515753652
59.002192282917484
57.747378733687796
56.7501248068492
55.841157698502336
54.93209324377097
54.30240552646066
53.98122828509375
53.943091908131386
54.106920794423935
53.969761810591066
53.96410036133808
54.3186579650039
54.820713857378735
55.41642757483954
56.12390759325681
56.85966196459197
57.68907116824626
58.52595883117734
59.588620502339744
60.57356127020764
61.59506522851576
62.51613215206349
63.54325402932943
64.64678417982762
65.32274069229392
66.15674316145655
66.69786506185811
67.4046573950629
67.37791241370097
67.89242689317432
67.80263277144073
67.6662036309721
67.60349550931379
67.58534738639541
67.51515566241092
67.2800161661689
67.03296102968595
66.12841884081163
65.01829770264052
64.053283208208
62.8651328344377
61.744764871637585
60.43866901859894
59.44168861791822
58.20758279477274
57.0513710182406
56.124422225642725
55.530261762571975
54.9353679118417
54.7019027111216
54.509406648204205
54.431069463098424
54.338079276721125
54.37071169401657
54.56521375175726
54.865188561441016
55.29319393771419
55.869536321269955
56.58916987700509
57.41955077800527
58.25002150439947
59.20193570572328
60.19009278525608
61.10682171876317
62.31314707965391
63.303348741515194
64.30932037536924
64.65212898969241
65.79602337300366
66.69171763154165
67.26152520658172
67.6476865573357
68.06177607193807
68.57998716702772
68.4863774055287
68.7575066741009
68.38688224916372
67.97799377749953
67.53692709225037
67.06025915341633
66.38956055722882
65.41558461586737
64.5562369585898
63.20216019137099
62.31512406686399
61.26306851178347
60.22535084238505
58.92181008287095
57.71438542964774
56.952364371762904
56.08114128927443
55.25672168925758
54.87194777796894
54.493921346377135
54.30352295145454
53.75916100763693
53.73183012485846
53.685144934163894
53.88934267166264
54.19031096373784
54.716709377564094
55.434405153556796
56.14684405027278
57.06660239595306
57.909732043065276
58.8267243787782
60.03839990402864
61.1725394152105
62.01920130142226
62.979796482601294
63.66517464323455
64.60394396116791
64.92797773344923
66.34213076065323
67.08580794649393
67.538365155505
68.21962270424382
68.05307296916637
68.17282428841293
68.4643588676858
67.98623059094909
67.89419281191799
67.2631823598921
66.90470416095371
66.16383698782582
65.20623456402853
64.22160163968866
63.76855016634561
61.73689377704885
60.564115727382536
59.446775123264295
58.41534386358781
57.192902238445285
55.95681064267935
55.03792150316016
54.264217991257475
54.00375507850705
53.64723575371705
53.542663154165105
53.40473673396984
53.22018068644092
53.29033075488214
53.50159360973988
53.888046220051294
54.46332146595735
55.22521608309167
55.98404997764862
56.75323763203408
58.05653659665612
58.59504298055638
60.058629483058446
61.071716674430334
62.20775076285176
63.218558285678384
64.14813859582782
65.16855372242198
66.07215172944935
66.18487290983558
67.23557312950388
67.81808655374502
68.11513351328273
68.30038061047134
68.29837743799526
68.46931130123147
68.10817383842814
68.09439329841713
68.04240895825494
67.50484301940719
66.81311858258474
65.9822661698095
64.75899199111588
63.357733187168144
62.72384543268288
61.55668380171333
60.01633526430118
58.85933791287272
57.73726082603299
56.78486140203002
56.10591071135143
55.23030557918848
54.79818118813003
54.15104240337192
53.961799638770934
53.50559216656927
53.30892830740057
53.17196201221124
53.26570410164107
53.44282444769739
53.8284581760194
54.343255640602
55.07845399957711
55.97852000364435
56.942170670987046
57.996007961214076
59.20486450123695
60.33032329560254
61.347869376081825
62.264552817307965
63.339275181436726
64.26860717050093
64.95450257343884
65.61299293311644
65.7668853638416
66.78563885626663
67.18371665684887
67.46405123542614
67.6733307691945
67.79524816754417
67.86617044902448
68.04026056931407
67.7273202164169
67.4619303530177
66.57949217023945
65.55786425080844
64.37692419228458
63.43137760158375
62.26265177964662
61.7669358436578
59.98369479722809
58.95607513093323
57.66664323786466
56.91696382555559
55.90132901322015
55.43931076445929
55.117272345091216
54.59043555286473
54.17903641365148
53.911325157489586
53.935079871193985
54.01221793395497
54.07197252679249
54.432575462365456
54.75663980358025
55.36214608436947
55.89289153298051
56.51010884865808
57.362946715551985
58.0708902131524
58.89631576710621
59.779595132216535
60.47009319354458
61.31529348530702
62.304703939981465
62.86993821347104
63.52453715528436
64.09549390558018
64.49838083607182
64.52742410707997
64.99041278672128
65.18697992214868
65.29829653319736
65.16280820021957
65.17156006340666
65.2420627020078
65.16361042163882
64.73310144117374
64.0145537528967
63.395098055745805
62.355451943107546
61.351794859958076
60.67236179687489
59.806663776732606
59.46368621450753
58.136193619852264
57.23460998585275
56.66304913183606
56.12296213159163
56.05950780905452
56.0644319305481
55.825595987051216
55.61091821457698
55.73525908513301
55.85353728762716
55.90423950021473
56.04717504561846
56.41755048856323
56.66448856571296
56.86815663003635
57.75987766296603
58.31141537104585
58.98913431934014
59.40146466031123
60.14135038748738
60.51504838210085
61.20837775293844
61.71342815642296
62.00229385058488
62.18152351906954
62.73482344178302
62.72422525805903
62.88022024452334
63.252470983058075
63.16474925209976
62.703822615954074
62.71071773427023
62.545773121019145
62.428136931634356
62.226947603935514
61.82778985427443
61.37078979570196
60.63200257981621
60.141329059123684
59.46246145314372
58.876343265004394
58.31647074032156
57.67502556616802
56.89280378862043
56.60778961456419
55.84115305799229
55.33611430281301
55.13604740033786
55.08828728064151
55.18838730247801
55.40990900391311
55.735221359728015
56.15168934983623
56.7844003186853
57.31577018274886
57.87372373097632
58.46004793288116
59.052114302777234
60.027905464981274
60.3098708143641
61.580791545040114
61.94828999481295
62.59073176332403
62.821960534117
63.294675284824734
63.68152457866104
63.71453154224853
63.87138770826366
63.795782837396345
63.87646665230738
63.872875258024294
63.60173356394389
63.07877456770388
62.80325111024899
62.61036562081521
61.94197179622523
61.587281714847855
61.00682744713111
60.45362732047382
60.16627124065154
59.56482864318285
58.89775799208168
58.39015247580856
57.884402465009195
57.015452066274484
55.81790079902325
55.2864775006416
54.75518066152206
56.104067252880846
55.930532538865876
55.10742932946248
54.74427773730561
54.36535591294412
54.30222631702202
54.458356371091554
54.81340351844281
55.387228171643365
55.858101909579226
56.331584986248316
56.756191950057534
57.33185372541139
58.23054900010758
58.548177395973156
59.37313920348128
59.48464040921536
60.46022711904527
61.417983415350236
62.185229360110114
62.58972115524906
63.16780791067467
63.67334926487079
64.1847543595452
64.17320337781479
64.46246429301203
64.44813918276736
64.53240643357772
64.33796920350589
63.88446828557086
63.83811317673858
63.84804068550862
63.21046260851201
62.82069670774539
62.27726503844974
61.568854001571104
60.98607004997636
60.04395876742116
59.02757814785293
58.32120549818735
57.48730408319551
56.738548906385134
56.21196142560479
55.52288524016229
54.98729447429944
55.554454578677316
55.41713393169049
54.96324647431363
54.71192502336497
54.98120927963287
55.121874958771585
55.58097415158164
55.76485755636393
56.5651712118959
57.15975835272407
57.749827191828345
58.52660202069867
59.07992423486594
59.57922909230105
60.40401142980551
60.65258276111723
61.028693092080296
61.77598765914889
62.415751748262956
62.60350593155102
62.90087293034459
63.43676322435517
63.462593437996816
63.93104978373036
63.94291491765317
63.732031032866445
63.90325516573558
63.760010318138775
63.75859232160255
63.324132765138735
62.985573874440256
62.817059739298074
61.83115890566712
61.33363378305169
60.937225160743765
60.26392845933965
59.775776560544735
58.99942834697669
58.56319875349121
57.74413023568244
57.18233505088428
56.30901436650562
55.52856574525467
54.82512787939616
54.221212162032046
53.85104418346924
53.83637778622554
53.869789484115884
54.17267780638966
54.73716152931191
55.59021875841478
56.46213253440358
57.573515373302314
58.15649700181701
58.97022254622945
59.52637888844742
60.38894692324093
60.621202203592844
61.61505074865011
62.22288204477083
62.773893269595376
63.327166235375415
64.06759040772236
64.35548205082306
64.50741127902666
64.74032939731421
64.44633742327983
64.45260252213092
63.985556301722376
63.649501540221685
63.2731975376207
62.75206809349076
62.410156555609674
61.77058279613012
61.09550238286833
60.64873844729498
60.32562089815325
59.281374148653114
58.74773176737939
58.25686044051586
57.36222398490674
56.61917489086924
55.69844701148036
54.97125428580237
54.334677736176765
53.91824937872798
53.60051755131039
53.4002069459775
53.24899695246727
53.07234727399819
53.31099630347291
53.61369237049501
54.67137383676582
55.343268712799585
56.19312230157582
56.95922566145331
57.63079635246754
58.72645830700773
59.839324918345426
60.851783260827375
61.9950335708449
63.138072953697986
64.19669735282089
64.87922766306866
65.53029583570638
65.97231385176336
65.92205894164275
66.07141703278288
65.6547891446623
65.22559324392081
65.09904009150021
64.69616407814013
64.72731035154071
64.39830061676635
63.927191571399824
63.71430188522556
63.386444458605666
62.67713141520276
61.96485147770297
61.05029213583194
60.104163001793644
59.66907657913962
58.48515047021027
57.66115297527554
56.82215365665703
56.036231609916506
55.16308792868191
54.58434437061887
54.22292351878818
53.81491352147534
53.41457136300528
53.08196769832159
52.86372060747327
52.84286497058278
52.99704959381327
53.500467585532554
53.71614040478765
54.78913282740998
55.735927772089774
56.63339101619245
58.074828754030875
59.385437371579414
60.502913329909404
61.909318507051026
62.90554025410331
63.71319380590067
64.30249250059589
64.4007102182886
64.70395769328799
64.7055973734214
64.85800543072457
65.16853543553913
65.15432418095558
65.27235286975257
65.25895605868716
65.52543389473111
65.43439711946084
65.26141958912505
64.63159613546195
64.1764234727075
63.591079144914005
62.61862225348823
61.936918255272076
61.20480270477119
60.4620109150774
59.87224380734565
59.337783299124986
58.26065074252133
57.404663668477504
56.872204968771165
56.20156719239206
55.63275601144316
54.920528606657584
54.07901663432096
53.122758070743295
52.60044623209221
52.34003293639485
52.42009142987263
52.712702969899034
53.125429587240696
53.741694691646
54.055453988704095
55.349416848099374
56.48740049259622
57.71539439340888
58.707394997377996
59.63367070090456
60.65283301388135
61.61911774253221
62.189142366010195
63.28787465572463
63.95935706403677
64.72004865735086
65.45800937592763
65.59431078174782
66.43687622841922
66.31946912514942
66.66582873113644
66.45488017746933
66.24005950875042
66.00795789380805
65.65392928662075
64.99572086676922
64.54364599833491
63.96885774709657
63.341025126716275
62.638518473663396
62.056688468283326
61.354163562503956
60.558232937840735
59.87984092237219
59.35072107089286
57.923957934368424
56.91908293637486
55.8642893310175
55.03250915950826
54.00739597781779
53.21890322885629
52.683067357526284
52.369108014534426
52.06182306714764
52.10998106128404
52.23485251047799
52.56084074410436
53.15865626534133
53.636093381202414
54.02598379659878
55.163627684457325
56.04801241745651
57.23054368002708
58.507743940346465
59.514660142926076
60.79388781496139
61.773210780729556
62.710128925695415
63.45394562589063
63.95201062222977
64.18868924380786
64.47301251826416
64.93070237752576
64.89632825067476
64.7749472714722
65.04838383592467
64.77962154552716
64.76355028366915
64.54904731513591
64.36557993309042
64.00729011227934
63.577981727124474
62.8475524982101
62.08248555245451
61.589449411626276
60.60736954192217
59.72374386597334
58.85221392550831
57.92499551533537
57.43623391989882
56.47378348351581
55.8531911906209
55.340939578067164
54.63441321121506
54.087957389834074
53.43231607420279
53.18352494704915
52.819447923091715
52.76364236281567
53.043576131701066
53.54453918129793
54.092336948613834
54.965322798000486
55.990607165041276
56.69685721146403
58.294184485099194
59.683112026346805
60.598591526654296
61.61191379251168
62.37448997854358
62.8383858593338
63.21200784140168
63.392648175414855
63.7255905410444
63.82444142762997
64.02158785600118
64.38745454754302
64.48181175610611
64.86504296270265
64.73869358161195
64.7954919580918
64.1318361550747
63.812568255100715
63.374934804889165
62.701886216907006
62.11911567760928
61.46177881913512
60.722745213530395
60.01151119034409
59.38433696934176
58.93723573184733
58.201751485218075
57.49613380796491
56.83387017737705
56.466318167121486
55.29040844075552
54.54190918295549
53.84308682031488
53.34866706954923
52.85619580376843
52.788446628657894
52.68901542652464
52.88564415709757
53.30647728570497
54.18943241182715
55.116053975971674
55.97126606118564
56.84230708803048
57.85315489032516
58.65712245288989
60.04269267222572
61.03930312621456
62.0456335076149
62.68446689921903
63.63823529008798
64.22790260588538
64.89834680762843
65.57323250174265
65.75877597988394
66.30016748852098
66.26835532749399
66.31103176036312
66.3433329424412
66.64764236095937
66.0316501208297
65.23905391768915
64.62797269655299
64.08735805869206
63.8524139910144
63.02621418888514
62.123400914411064
61.54431075653327
60.400568883727196
59.57365352327969
58.89480617059058
57.896781119016936
57.03918845420673
56.19043663172428
55.411034566926396
55.010251291405794
54.141374654331436
53.27146884135178
52.70730617987407
52.29060512144807
52.04146523193147
52.114012606204575
52.10589981534138
52.36124865527514
53.13607632756247
53.6151412850464
54.52623142044344
55.55904303952897
56.5375552999901
57.96738709761736
58.61955064227591
60.202307724006424
61.270956262605544
61.88968357930887
62.79621137571789
63.24200493375482
63.67251067860379
64.26193747503386
64.48134839055166
64.94328787633792
65.13894428656693
65.30987557849676
65.3848199068533
65.46419218094937
65.07171325571926
65.11360266424292
64.91721866745107
64.20156840001634
63.873958641179264
62.983921576747086
62.28834152736846
61.65711639708145
60.496196996886965
59.79388142049887
58.74179589411935
57.79449572616832
57.07871140369507
56.430297976609914
55.86105001448019
55.17469125416686
54.77417267871911
54.039047097087234
53.28067509830552
52.95242731493455
52.69729836037424
52.48269232324797
52.583774406974285
52.98059762512559
53.66603851972651
54.479172721802314
55.42571014112977
56.61390316089921
57.59598060614505
58.86952220301756
59.819914336080906
60.31622767922317
61.047582692710854
61.6271274004163
62.11573488946801
62.29459663986845
62.88513970345082
63.22859552214914
63.28913999514662
63.740787576609144
63.99749228024414
63.975050980140146
64.1656959912152
63.9857811899556
63.44443096143393
63.13400996900211
63.048258026213844
62.29124491470147
61.92330264186112
61.24675620951215
60.85492371522876
59.97693156869908
59.40425817062308
58.73932149748807
57.980559407979015
57.5300646843675
56.99412386480962
56.25983651244082
55.63046190847806
54.904225972086884
54.32115478974699
54.02969849294177
53.302305397722186
53.12524020591297
52.89079417786794
52.8243545279173
53.2322088964988
53.90741743019693
54.662259197849586
55.55444567427585
56.47888481818888
57.43346308271101
58.50041511177426
59.44975181628596
60.18918687468506
61.014080550673434
61.23437457594272
61.93391870382011
62.26534933928622
62.82592562894744
63.22270366404936
63.58508603891288
63.74666232593542
64.21824804493873
63.91331376221149
64.05722876387632
63.72410256546279
63.588671291349904
62.97952918999693
62.37115227469961
62.06070441037785
61.85926158063798
60.92750102462247
60.57268306895347
59.9094817845497
59.44611646976629
58.45441254249891
57.69265596011511
57.19235138222223
56.638290833441374
56.132358445554175
55.47887759134538
54.7567773512334
54.31775980133028
53.78040937704299
53.32637848446647
53.19118005845464
52.98624325676379
53.00601434948501
53.0514563260844
53.4866489492506
54.03888561488281
54.83573995071558
55.50686581563777
56.45323299481366
57.48588438781549
58.349250277094896
59.75550484556207
60.602932423755234
61.49676388070725
62.249489603859615
62.390633198067206
63.21071514784982
63.454528410995096
63.819748441797536
64.28468468850403
64.11815356321178
64.00283513587664
64.04199177568862
63.83715073132267
63.903003920528995
63.51313018146647
63.087344895069165
62.70364294749699
62.1312958038679
61.559055238751675
61.20997568027805
60.215185750355175
59.39558288702696
58.849204982346016
58.09889384402462
57.48803029776107
57.03243337806122
56.28757871255516
55.79741408259117
55.373635122500374
54.82842533727068
54.3214090931493
54.002558269790526
53.51070494635376
53.182177661243585
53.205029230757006
53.020571633929535
53.05414180903835
53.46397700223971
54.22306206221326
54.98347071097467
56.045507707197025
57.28290279808443
58.40974120618394
59.79374185437829
61.007183308856725
61.79279437422603
62.57423608715601
63.09589772104512
63.26664735342047
63.571740108455934
63.66876059735518
64.0453472141859
64.53685409693634
64.58844467396246
64.56914150844901
64.42404398573271
64.18415857737142
63.90618092362288
63.497209498504745
62.973958039051666
62.18056750143917
61.53194224792226
60.897046519571646
60.079586761836666
59.64404464506135
58.683677663496375
58.25583563776277
57.728340881520865
56.917125242022216
56.530620358692424
55.9329956531792
55.67143361013489
55.195529749131076
54.65197078747603
54.18378816279321
53.66109752569784
53.506711135394305
53.17432349166744
53.10556596945378
53.129678356877655
53.472267161393766
54.07431931899911
54.81060301207339
55.776392537437985
56.407527154516735
57.78433062326336
58.80980353695262
59.72023753806097
60.58072130830876
61.60343203342733
62.12471438770531
62.653332159757944
63.07640870474969
63.57882879934073
63.54576179588787
64.55453646544203
64.76421770338452
64.96209214811773
65.0612121920791
64.65488375320923
64.71064048622037
64.27654305408907
63.76301802656347
63.82310580002849
62.979624002300895
62.395052877900355
61.78618789739583
61.323657869314594
60.680274785478
60.632224507925194
59.46692787580648
58.53999496789493
57.83040480015462
57.12533318746984
56.488922818905145
55.79260916581158
55.03071100174474
54.34265455939805
53.680746801252404
53.15282170708011
52.66767802769215
52.43508098650121
52.2518845362585
52.19764516236893
52.26904537283085
52.95660516774559
53.72186684004683
54.61245756059279
55.73928664396073
56.835811917407625
58.252159082709106
59.35492854827244
60.55993566215488
61.44333424763002
62.23702609548402
62.948535952098354
63.43213697584078
63.549963684509514
63.974082618525166
64.24067315699918
64.6514131864143
64.63044512771917
64.58762002559772
64.61095568556519
64.28192216007024
64.08294701158744
63.7884929642043
63.19351017987004
62.73907543905381
62.32706501597409
61.91406869449053
60.98409357927479
60.44116005604204
59.641518570725665
59.31172623614629
58.10081549561338
57.226126525505435
56.66711103713209
56.11940220535535
55.46848071166454
54.882343094961996
54.31899742545038
53.71081142369968
53.25209404406969
52.967222653173465
53.02485461736204
52.98494271472646
53.18037121498896
53.36022288485011
54.428639007769654
55.38309178661717
55.448697489306895
57.28780187235057
58.01363167660332
59.002521024319066
