r
0.06808966665099563
0.06811280739086938
0.068506673728023
0.06830193317113585
0.06793592011223507
0.06698473170746917
0.06615055020017814
0.06623652188943055
0.06654986996400197
0.06697996664176206
0.06689011697884446
0.06643199049808232
0.06556056021836745
0.06491341475717594
0.06514838652581452
0.06606088579225346
0.0665500272301829
0.0669627812133948
0.06671268459940949
0.06609350012404851
0.06600822416040261
0.06614650441235671
0.06650018797248257
0.06679981699950342
0.06697600705727622
0.0671191666794858
0.06693899650540604
0.06726864733298464
0.06769643590224106
0.06777514406803448
0.06784550914381936
0.06776355955559567
0.06811715505546864
0.06857323557387644
0.06912106181443074
0.06910063707453404
0.0689175182257473
0.0683788991231763
0.0684010419115645
0.06840649459892706
0.06883853431919741
0.06941558743709589
0.06938601243386674
0.06890309378248259
0.06891254502483114
0.06811066462486037
0.06785510614918498
0.06823058459242881
0.0682893475414317
0.06806959088076306
0.06799533687363822
0.06774945680143231
0.06739666629059704
0.0672294514460084
0.06732400218088619
0.06725787800548019
0.06729448603238035
0.06727635639667076
0.06735433447115813
0.06745688767037494
0.06708693107856918
0.0667561256322463
0.06654178922568288
0.06621654958361704
0.06590457882916162
0.06589905422426959
0.06587501627603076
0.0655876058846945
0.0655439610507237
0.06540820123742096
0.06513914036518863
0.06535601796893956
0.06531714087579915
0.06562565251952217
0.06557860250557603
0.06577454578908196
0.06585156802845545
0.06580940985364361
0.0660036043412435
0.06596425309025344
0.0662359484004534
0.06634780386864648
0.06658548085949607
0.0668806671882173
0.06676746540896177
0.06703432268396568
0.06713880061360747
0.06726269804468181
0.06749069414231343
0.06744671666790224
0.06761666269817332
0.06781433732678772
0.06785607989249
0.06791840984600159
0.06802046324270916
0.0680158800968029
0.06804723654096742
0.06818302851767198
0.06825962981874693
0.06846602505657859
0.06859682021030683
0.06854972635232141
0.06860884993317258
0.06838201081820787
0.06820640320473835
0.06812298444926412
0.06805398956774936
0.06799893014352172
0.06781992407074565
0.06778618681127382
0.06770355269483806
0.06748471359998763
0.06748296229850712
0.06741805592589342
0.06740522558065482
0.06744036513492689
0.06720452701516436
0.06726892593564136
0.067227919662063
0.06719526404902758
0.06697160476364034
0.06693376736152297
0.06687684874359581
0.06655292087580557
0.06644385815255544
0.0664487990682993
0.06617882367315808
0.06613258390195575
0.06598089217799587
0.06584035938356356
0.06578740931312027
0.0656630675461669
0.06574591458000677
0.06600676734465831
0.06614273877410637
0.06611138114283822
0.06621516954040643
0.06634868878016839
0.06652799022440829
0.0666953705992349
0.06680860788501466
0.06695158932741845
0.06721073290225368
0.06739648403360607
0.06754222686963207
0.06758604181711617
0.06767230880472346
0.06787346939884309
0.06789288449556127
0.0679569274796187
0.06801769354216528
0.06817052553887391
0.06826518541625115
0.06819424451101305
0.06818090725740711
0.06825681041966618
0.06832870714412706
0.06840860445122313
0.06846511976030963
0.06858003726341565
0.06857403339805956
0.06848798779383047
0.06838751406142698
0.06843303729557647
0.06837520074281045
0.06819941181197003
0.06814433771853765
0.06805406589306116
0.06806377232158087
0.06786100668555003
0.06770600709912347
0.0676368007242653
0.06759635607428045
0.06755623185920849
0.06737707090253288
0.06744242222041377
0.06725812622630344
0.06735858661476535
0.06725229878292002
0.0671665880167328
0.06702566030736827
0.06685576098867625
0.06687126680037957
0.06671039801422177
0.06667907180773328
0.06648879184839361
0.06620310001135624
0.06614233502119149
0.06596645839178601
0.06598504075264905
0.06599084138988004
0.06594074755700659
0.06617636636652906
0.06621195889828595
0.06634819025893976
0.06635709669042043
0.06643665170438784
0.06662583845769449
0.06669579218141888
0.06694924252540534
0.06690621949474279
0.06709899953116105
0.06718606843599889
0.06722797852049733
0.06744062140914395
0.06753284883800512
0.06767787153941948
0.06781713649107012
0.06801428785974076
0.067996387052052
0.06826126943077565
0.06816215849311194
0.06821625514402006
0.0682080375074351
0.0681743562621677
0.06812423273501649
0.06808145544060538
0.06824870780262819
0.06825257670234591
0.06847379741145472
0.06834339367202703
0.0682668900088589
0.06824227539098325
0.06815872172384135
0.06809528630443888
0.06800034662068065
0.0678763242760634
0.06754094060654348
0.06728792841643487
0.06719418934421738
0.06700966496410138
0.06683433505253802
0.06668788645918396
0.06662894717415829
0.06635377246349805
0.06648839908742399
0.06635658705956175
0.06639489111873012
0.06618733190348591
0.06624305422073945
0.06628958741148505
0.06626982452212773
0.06639982710070048
0.06638606082919728
0.06664767719184059
0.0665752987370406
0.06681825890438982
0.06696011552146196
0.06700258211702406
0.06729680875785715
0.06753020983716945
0.06788106417980821
0.06784172934784974
0.06793584831228777
0.0681545305200846
0.0683443491206893
0.06856186442698035
0.06868265916961017
0.06887064366364384
0.06897243355434916
0.0691154378780388
0.06912136822006724
0.06913937459019584
0.06930907836620177
0.06934289370252361
0.06942631959289837
0.06938718539868044
0.06928851255587153
0.06929508206002281
0.06910935982344518
0.0691811839483484
0.0692297620917697
0.06898180608287587
0.06899364868403386
0.06909392435526152
0.0689078268123789
0.06902733719062232
0.06895106015873091
0.06901222269029127
0.06896378687167787
0.06899589254013792
0.06883156046169872
0.06869970238201087
0.06864323457940867
0.06872253675924737
0.06849122087088166
0.06835041774222587
0.06817262475915845
0.06803685110087866
0.06796299454311869
0.06792352142179776
0.06780933042080514
0.06761559256613218
0.06749238504861363
0.06741328752076546
0.06713069714274522
0.06697320043127059
0.06700968178192705
0.06680763111401307
0.06674488424564155
0.06669059440457235
0.06664485752419769
0.0667186307063145
0.06654749904001603
0.06652587813533273
0.06651562227578596
0.06636008412009102
0.06635820214934061
0.06604202862808309
0.06607555315927907
0.06638400499030589
0.06628139334180473
0.06623493703030045
0.0663044777382992
0.0664598177115603
0.06650278905906636
0.06655117188073859
0.06668509597589677
0.06678402372391061
0.0669071433125131
0.06712116836802255
0.06722069026805437
0.0672855473558599
0.06746133951532092
0.06750491496070249
0.06783672689866348
0.06783385483813865
0.06774597463826876
0.06784594420602992
0.06801129740598204
0.06819436824923233
0.06823047997454292
0.0683172998252484
0.0683664252708362
0.06839621606425798
0.06839548804328155
0.06831436742523955
0.06850129127517467
0.06839840813101099
0.0681441838274468
0.06840040539851748
0.06817552805671583
0.06814202784809197
0.0681112534212108
0.06806863042278762
0.0679869485505851
0.0679861644612815
0.06792631622072674
0.06790123043705473
0.0678412833192949
0.06761235660896531
0.06788273791658102
0.06760288894994411
0.06777192167644987
0.06758327243452841
0.06744717348426137
0.06750339719209036
0.06736792476507761
0.06733234676312737
0.06720787788526893
0.06732617621477278
0.06715508647705676
0.06700739017289387
0.06709181037984226
0.06709864032127583
0.06692999178911234
0.06676734983447881
0.06671988315279143
0.06671674401268697
0.0665097175039298
0.06672024931389
0.06645586321354045
0.06648039394449216
0.06654393118613665
0.06674824671557739
0.06677006491105844
0.06704821440224822
0.06722527466378636
0.06756919156663778
0.06766900287824874
0.06775309757916151
0.0678329085237648
0.06807836896348528
0.06831255101043247
0.06836415846524516
0.06852713378296318
0.06849392346764767
0.06858553846131923
0.0685720873023194
0.0684837573223084
0.06868968648343746
0.0687362996563619
0.06892843426752174
0.06874498454206734
0.06886080432180271
0.06874321573425934
0.06869772519193361
0.06868705964256053
0.06856006471986363
0.06856127142849663
0.06842296468092902
0.06846159291096134
0.06836029525955671
0.06836279353683612
0.06834804306418991
0.06810747266083868
0.0679676045765536
0.06787049165144193
0.06767820470689119
0.06758614626069774
0.06760341081295795
0.067573391317158
0.06730609903546893
0.06726700473790381
0.06728826719246742
0.0668667523929675
0.06680052167033133
0.06677945058266371
0.06690661139348016
0.06658250132262232
0.0666921628366077
0.06657464734132518
0.06653334642220017
0.06618617043457108
0.06633574194535301
0.06645325871593638
0.06641373829726048
0.06614124689191342
0.06595822380608451
0.06594579269747688
0.06589457544605194
0.06612221828244559
0.06613556782913498
0.0660774450612429
0.06639798863642343
0.06639916083508042
0.06654497587577939
0.06675822846080086
0.0668889178384881
0.06705678105292652
0.06709422744722734
0.06722357943503317
0.06720022106676728
0.0673701919076356
0.06748691357864181
0.06734378045619266
0.06747844227553207
0.0675036123040988
0.06745599053259699
0.06759239664229635
0.06762789464332324
0.06769947164007947
0.06784584829368873
0.06775673509261212
0.06776143390515592
0.06787827200880098
0.06798162218063247
0.06798454756815099
0.06801293056816476
0.06824626836712001
0.06812343198310795
0.06826600613513678
0.0684159110248904
0.0683922209627406
0.06844908240366118
0.0684065606297685
0.0681845165759117
0.06820671917057043
0.06799565116277845
0.06786276417288047
0.06803234025566644
0.06775001752041077
0.06780086972101344
0.06773683509625213
0.06768505695947914
0.06732603491539126
0.06753162186894482
0.06754557445025526
0.06738096622333709
0.06715363278189299
0.06727901501970238
0.06724609730934838
0.0671331782283431
0.0670998785369939
0.06725730153898297
0.06692947722908656
0.06713778521203595
0.06706882794409591
0.06699785899814859
0.0668548187220312
0.06682389732028868
0.06662498135361754
0.06679286419143309
0.06668159040966759
0.06674020274367838
0.06697533869400114
0.06686841759013425
0.06679875157560568
0.06681123039472177
0.06700487169815561
0.06706064122639062
0.06706792532105697
0.06717063462168125
0.06723980541281295
0.06723420942784711
0.06744734878476544
0.06749427467296865
0.06766681099189176
0.06775426885476973
0.06770246353664636
0.06783834207984332
0.06797066231501142
0.0680317975195691
0.06833363612572399
0.06843912728035582
0.06846206717528337
0.06844110801300073
0.0684581285517357
0.06835591240789415
0.06847011954555239
0.06861756972566714
0.06863548047884098
0.06850836092962359
0.06836767520324817
0.06831349889001015
0.06811506939506291
0.06810670601625611
0.06799355954763077
0.06798208758054337
0.06763823013769239
0.06778729771475596
0.0674201276794324
0.06750019803318032
0.0672929423749411
0.06742693123745548
0.06712716673681306
0.06704061540612664
0.0672017589286232
0.06704012794578125
0.06681352616177845
0.0668136599860858
0.06655119926129457
0.06666629654559394
0.06650572264444803
0.0665913015845559
0.0666882434808969
0.06673400129548338
0.06648363533023724
0.06629106553210493
0.06614581096395088
0.06604597563888162
0.06593617661657829
0.06595032209953564
0.0659067905090671
0.0659913302532445
0.06622432400285293
0.0662852327333723
0.0663696066763678
0.06665665038438923
0.06688107820251524
0.0668419797258265
0.06694250830111066
0.06688886044158093
0.06714085425672138
0.06717570576070356
0.06733400125862223
0.067386178230692
0.0672582624708371
0.06756455877092242
0.06757447027261936
0.06770462300975714
0.0677537309553463
0.06779662040793588
0.06799679687455033
0.06775016670224455
0.06780227444779707
0.06786399791884022
0.06778742091995989
0.06785490859547381
0.06785227751334526
0.06802666591073028
0.06781500515324067
0.06797912989965739
0.06771444833010846
0.06787284761228655
0.06781214232425929
0.06768157372088338
0.06761539290416016
0.06746616393371668
0.06733633949287453
0.06717275282742968
0.06744132509874438
0.06723633959192317
0.06713154353988783
0.06702958438678544
0.06682268897333506
0.06655565445952583
0.06662710576697167
0.06663149126449742
0.06616360937569872
0.06633324622769554
0.06630479244879273
0.066278192759342
0.06597764387351039
0.06593296305300964
0.06611370384680029
0.06618659183437328
0.06608958167813087
0.06598437780414763
0.0660432134950273
0.06586674658825763
0.06602968336586558
0.06596830524306534
0.06583780609859352
0.0659302334275834
0.06591489278871106
0.06634031666814995
0.06623311913151518
0.06655044143425326
0.06656545753933538
0.06683489458043014
0.0670375984839795
0.06710967774500028
0.06728547207120832
0.0673870833702495
0.06725016637236583
0.06739328467370231
0.0674796237036867
0.06754870006047249
0.06765189436973922
0.0675063167622333
0.06763792229552268
0.06768408753785103
0.06761972590061084
0.06761841073237625
0.06781155250526479
0.06779962537965138
0.0678598229848618
0.06784212537503205
0.06791384460588033
0.0680284705120938
0.06802443980555013
0.06811572355726943
0.06821726024114858
0.06799568236309216
0.06808707086411707
0.06810452050640697
0.06797511495577462
0.06799755573241886
0.0678438072834597
0.06746149406543762
0.06737427513172825
0.06739385960898059
0.06732478352782256
0.06712826152079959
0.06735587532125192
0.06740562627808727
0.06716555735416262
0.06733964286463016
0.06722865329568013
0.06721686128536437
0.06697947551832949
0.0669593765770289
0.06781687268245895
0.06738768428439142
0.06723789693886595
0.06703909630881474
0.06664104138366446
0.066437858170895
0.06613003344799705
0.06608562284459549
0.06590292056195322
0.06590464675600778
0.06562328361631249
0.0656723198092737
0.06546974202312313
0.06557082619888342
0.06547299208093642
0.06545207722602034
0.0653002238940835
0.0652981227071708
0.06527361787570767
0.06553014719097172
0.06552473472159775
0.06576048171070463
0.06595236850321687
0.06605316796304618
0.0665509750831354
0.06648257302628591
0.06659443373801723
0.06667201363148528
0.06684765957776223
0.0670827766845404
0.06720603994926817
0.06749207146218371
0.06791743861138892
0.06790430239429145
0.06808990575947446
0.06830927070764159
0.06845700754440551
0.06895795902826625
0.06917839125492861
0.06931100031537606
0.06935208217953734
0.06964554503981576
0.0694855194647586
0.06953694153628785
0.06957647063609762
0.06931668460557543
0.0693120595314402
0.06933397580893721
0.0691361290754835
0.06911107554269266
0.06901106464182193
0.06885812679620047
0.06884020663826458
0.06875521894858283
0.06864480707721904
0.06862727925684114
0.0684894549166313
0.06807296620472063
0.06820617800725284
0.0677760219224178
0.06781305595741573
0.06761676129020877
0.06735773728238965
0.06717673188639964
0.06690598521269327
0.06697911238640289
0.06667939405920603
0.0665254714260851
0.06632132664446291
0.06624228867672716
0.06635490201255256
0.06607627980285834
0.06597954453010425
0.06586705886542274
0.06570948017027715
0.06602299626318915
0.06593777870593442
0.06587324822114214
0.06613532850667243
0.06619105185164387
0.06625012796524431
0.06637072721560425
0.06640438281848812
0.0665871201009092
0.06679825015771937
0.0670271211723063
0.06717284971141382
0.06730192546658495
0.06718915838775846
0.0674803645184599
0.06754936391264325
0.06791114053160116
0.06806892479773036
0.06826411735457047
0.06830435717399577
0.06843238124579605
0.0683123916394274
0.06852920960673207
0.06864947895369923
0.06862805086554052
0.06881051221342468
0.06886865888884018
0.06869163312235416
0.06881234547242493
0.06886142264101211
0.06879528784640838
0.0688070521349687
0.06882289657359299
0.0684665952745918
0.06860809635509803
0.06844265935127243
0.06834890672940185
0.06835261310652799
0.06819373730259037
0.06795103837844856
0.06759984634633825
0.06768392704746437
0.06756241295679337
0.0672712958940555
0.06739509496751231
0.06713617748218134
0.06693032128591289
0.06687632448711256
0.06675593920952208
0.0665832736018676
0.06637430599789242
0.06614548832091376
0.06588278528470032
0.06586154593954058
0.06564955436679012
0.06576925236486278
0.06566015551530772
0.06563504811422993
0.06574256571954584
0.06564826738678031
0.06577066274783554
0.06579212133285546
0.06589810294159561
0.06586443226367189
0.06580987820939628
0.0659849608573863
0.06575761051713944
0.06581033201459238
0.06601992697557403
0.0658577302485858
0.06627838479133899
0.06607185474206709
0.06647773017006683
0.06633458244084599
0.06643909785535307
0.06671461485078341
0.06693521001738371
0.0670408518584754
0.06706235747667669
0.06709908144485831
0.06720054490120528
0.06739267684718493
0.06752746815280128
0.06792110259215264
0.06798265650583281
0.06828957238675552
0.06808141497072846
0.068243714410785
0.06815376342115144
0.068478362906945
0.06832730414525691
0.06820033191581132
0.06821563406444803
0.06820057371380481
0.06835433748017297
0.06821629541134777
0.06807631221453936
0.06812539334000427
0.06797317443271672
0.067942130135263
0.06782989633333976
0.06781360265552412
0.06775276540128577
0.06770441720299455
0.06778426288160076
0.06736670562666193
0.06748825961343058
0.0672602565782362
0.06718644883448771
0.06703389908953622
0.06699809847287042
0.06683925589016917
0.06673943756644087
0.06651367134653184
0.06619630516246335
0.06635169556612855
0.06614117875650621
0.06603594283268117
0.06586882514333688
0.06568450761431828
0.06562806688832
0.06569398110046099
0.06575796552813111
0.06571185735291744
0.06585903986772713
0.0658648775644345
0.06592652102184421
0.06613506510506022
0.06604330020873864
0.06627869245356947
0.06660051443871748
0.06656733264340917
0.06684997226551266
0.0669406774982827
0.06695336198085625
0.06718564701667425
0.06721708773015306
0.06745910777781636
0.06750660970699479
0.06767265105630411
0.06764187739163044
0.06753098988531175
0.06766083488531201
0.06786462759397509
0.06787465879391702
0.06808686547779619
0.06798023191628355
0.06807717463840984
0.06811948577256223
0.06848835930611005
0.06841469462489097
0.06854405150397817
0.06857447498878658
0.06865574665540149
0.06879619674725428
0.06865460082680068
0.06855187469428693
0.06849000214262851
0.06846590271838959
0.06848111917166172
0.0683752415777813
0.06852833746796057
0.06832934179054183
0.06827425772931267
0.068068001055807
0.06817262802653365
0.06815422224171822
0.0681717380641537
0.06791522732261619
0.06785848674612809
0.06775032302535568
0.06744644537060183
0.06718432560748067
0.06695243823091163
0.0668088579003737
0.06660741882091675
0.06662698413937843
0.06650815460706588
0.06645280386817057
0.0662846529777517
0.06638764814634074
0.06657388427500416
0.0666320516832218
0.06659953192925518
0.0665179391429862
0.06645036935925078
0.06657403533482237
0.06652996626641439
0.06646026785900126
0.06654376529991311
0.06641375656434718
0.06661605107078872
0.06659541914921306
0.06658979739843433
0.06647313783101405
0.06659706230629071
0.06688278043325693
0.0668590572253491
0.06706103154412804
0.06691915137613431
0.06725684680938702
0.06719277347123634
0.06756952966457158
0.06740191337987325
0.06770362208233734
0.0678144422417969
0.06778742739775546
0.06823511296256718
0.06850705889921985
0.06859961085133671
0.06869566893814495
0.06869482682517365
0.0687008227481817
0.06868882756435263
0.06854775959921879
0.06883273274404977
0.06879791446960519
0.06885363497227669
0.06889493991343443
0.06899004966056334
0.06868543188528763
0.06873145015190912
0.06882738229685029
0.06861993357496653
0.06873809367485427
0.068457918561494
0.06827992611631417
0.06808337398679928
0.06776596322286343
0.06776467209946842
0.06757872514489181
0.06748301138318673
0.06734503614443717
0.06709293065391575
0.06689624290983061
0.06672496416478099
0.06659685016571569
0.06653110944480974
0.06667147849392008
0.06637009480336363
0.06666580996570602
0.0666564575475985
0.06677102440619667
0.06669300003646765
0.06669980315274936
0.06654197289693613
0.06672641818781214
0.0666764092166459
0.06690823832664218
0.06681657610973776
0.0667955615170833
0.06698633841351685
0.06699566437421835
0.06711166704412448
0.06707695091428234
0.06702647508968174
0.06731848853498698
0.06718934562584354
0.06726055270275383
0.06747923187386387
0.06750313654265662
0.06741373394928198
0.06740901059758611
0.06737194962022194
0.06736757961855665
0.06767354979989403
0.06774659808977067
0.06769403201800077
0.06761703693443198
0.06779332754502765
0.06787325250980239
0.06776567548054835
0.06781295724386632
0.06773904153446625
0.06785572623498139
0.06778032312630376
0.06772647179696434
0.06770258440159534
0.06778626772767067
0.06755499014108886
0.06776895418816158
0.06762755270830619
0.06759840399969777
0.06774404438368267
0.06768157709972614
0.06770521566380136
0.06747990744753195
0.06767213240240114
0.06769846421208947
0.06758140893059657
0.06769094340039544
0.06773639548524354
0.06756758636899127
0.06745907689271154
0.06750369804880015
0.0674044530289889
0.0674251343022532
0.0673600972695931
0.06738769820199456
0.06714215476756542
0.06720269501902022
0.06707923358872593
0.06692883501615664
0.0671250480088824
0.06691990645336543
0.06700634482093755
0.06689923983252075
0.06685410992576707
0.06677233547252841
0.06675543809815492
0.06696313301053279
0.06652837155989755
0.06675816616436682
0.06679779405130006
0.06659377389691228
0.0665865084837629
0.06653423678104148
0.06665827816148223
0.06678392320072944
0.06662733404740041
0.06677052045162857
0.06685394449282255
0.06699512642972302
0.06710700842053369
0.06709300384531505
0.06746580105442374
0.06757024364832954
0.06775593083180599
0.0677427457768886
0.06790427303536554
0.06790355953818814
0.0680106809458972
0.06797711010315373
0.06794736617677836
0.0677896842167289
0.06769451963672049
0.06780521997400091
0.06765036405706387
0.06780230140681197
0.06790461035524503
0.0678256631112083
0.06784457273063214
0.06784688371922452
0.06784258213192344
0.06779340175063035
0.06808556561916447
0.06804438259027212
0.0677420815911457
0.06771699543683535
0.06775838681086353
0.06778886319272051
0.06786555115159944
0.06772754867870837
0.06760514234466257
0.06755460824465469
0.06746364747730794
0.06717235745081132
0.0672860457720642
0.06715171426771155
0.06715451154787291
0.06716101209975744
0.06719152055425032
0.06716799905488159
0.06713707793552537
0.06729757469492925
0.06726133518173791
0.06712858976835118
0.06707376454295641
0.06715086971311726
0.06701825868590848
0.06703939126110173
0.06679652366392155
0.06720334519317557
0.06687579825286889
0.06695188174865385
0.06684175862172939
0.06696664920080501
0.06710717612028423
0.06717444562323548
0.06753164768960948
0.06760302407217865
0.06764084134341238
0.06771779128220756
0.06754448909539233
0.06774004555281449
0.06788949890859954
0.06797739998798107
0.06782243297604004
0.06786135876294071
0.06776022966388408
0.06794551316916717
0.06793218445833736
0.0681478917192302
0.06808319345761675
0.06823015918805432
0.0681241067640935
0.06823317459927762
0.06821956825704338
0.0681359907223047
0.0681807931928456
0.06825313905338114
0.06821979404368991
0.06799301799659567
0.06787464624069284
0.06792793244847034
0.06803488025602923
0.06782082325811141
0.067849183626694
0.06796714925510464
0.06803191631756118
0.06801539393842472
0.06817727597354646
0.0681644648941438
0.06801984449771577
0.06801420518641076
0.06785343106829651
0.06781489396373032
0.06754972383101059
0.06754475535045575
0.06757161634107363
0.06755318286193432
0.0674961743632928
0.06754561036965862
0.06764605704140234
0.06774326023431725
0.06766543768494764
0.06776160515924716
0.06777950416272364
0.06764103147819851
0.06759444752916215
0.06763306283571885
0.06752421308873786
0.06766127825891173
0.06759959380302953
0.06764148944017034
0.06750113272494287
0.06757041357466996
0.06777766506231064
0.0678780827742115
0.06795223446882455
0.0678275400877701
0.06790757177022132
0.06783236833470739
0.06769057439550018
0.06751244507320352
0.06742450432396474
0.06741719288065003
0.06746894859263164
0.06736161070584297
0.06749087854731271
0.06750906336244024
0.06758954355996673
0.06787333280785025
0.06774658279152856
0.06785393086494323
0.06793608409932451
0.06780770970537627
0.06774008631822614
0.06760013614276478
0.06772427124183795
0.06766032039040691
0.06757276194794486
0.06777820267844033
0.06754209266453373
0.06783319523577822
0.06764173270723685
0.06782742919429333
0.06805269604556669
0.06800268168688087
0.06783399789324947
0.06783848115339997
0.06783249099761408
0.06770817597939346
0.06741916170154573
0.06743067687474626
0.06717066021024683
0.06718778468819343
0.06703249755519988
0.06692251677586719
0.06711075857188926
0.0671054821008408
0.0671351268892185
0.06720341634584645
0.06726238143056606
0.06741279255075483
0.06721598455092173
0.06722099394097182
0.06711034068942337
0.06712126281658058
0.06703498901646557
0.06703878312731708
0.0671244220256844
0.06723443510644521
0.0676717788365328
0.06758568665391951
0.06789615417851395
0.06794818201403327
0.06794351227164126
0.06814085600098557
0.06799398222363504
0.06762468094418685
0.06770379195928218
0.06732188788105628
0.06725563481978628
0.06698419866740284
0.06693934386186187
0.0672768089083039
0.06734492703084916
0.06769421897643135
0.06746277850598324
0.06787174832202188
0.06797448042494868
0.06814027716513614
0.06802799463093434
0.06788975577927
0.06770705577270593
0.06781298307074227
0.06753924542523845
0.067411659313503
0.06750928897332363
0.06751984113163596
0.06754629532753358
0.06782328742763148
0.06782462458797492
0.06810335559953593
0.06809096470215273
0.06830361584325072
0.0681144885577992
0.06787729398731937
0.06780561591538091
0.0675087066331237
0.06721631851796099
0.06707069058768579
0.0668203082134313
0.06672089528395614
0.06669652528914416
0.06683501176520493
0.0669775531879872
0.06712882433564736
0.06727821205547084
0.06745925141692809
0.06742717087969428
0.0673621095033059
0.06730126852433646
0.06718098841708868
0.06725019032484736
0.06715065857897401
0.06727547813553114
0.06710493087366408
0.0671655754695889
0.06749632529657072
0.06717141821442613
0.06772469906571937
0.06786327511052494
0.06771044783157178
0.0676589431369545
0.06767193217245335
0.06765446634435793
0.06773108557721302
0.06753652769231483
0.06743152234138813
0.06736416846465353
0.06728097195748588
0.06734894850944538
0.06763781360928721
0.06760021330871746
0.06854124800012978
0.06803780042842117
0.06859467311182002
0.0686693893922501
