ra
17.19839017117988
7.629177415991549
1.6646357137072643
-4.104885512175092
-9.945408615554767
-15.75588423040966
-21.59062318612938
-28.03918145568814
-34.453218704840864
-40.685702736619376
-46.80406781366779
-53.106131164451256
-59.05904531705871
-65.64492630031427
-69.13686425963554
-78.18183100241045
-84.05961040136869
-89.9658226282582
-96.13755461822781
-103.06876410320584
-109.37529057622876
-115.59335149850547
-121.36523480136094
-126.78414762669951
-132.34201205748303
-138.8796401191921
-145.27830312119525
-151.774008702462
-157.97701429863167
-160.67501115274752
-168.5091671057575
-174.51839034371096
-183.49244073777228
-189.59634876950614
-195.97851400090457
-201.81448794466297
-207.45696271933627
-212.86988566238728
-218.74257554708421
-224.2559013381154
-229.94204619411394
-235.6977110721985
-241.56415938678728
-247.27189051087623
-249.9791566987465
-259.071465577468
-264.99988873906887
-270.458292265953
-276.15731913953175
-282.035212832182
-288.09734813597487
-294.331141176517
-300.69840709871966
-306.41159905835457
-312.09280435961006
-317.58963474361667
-323.58907784084255
-329.24526629770406
-335.5121142566138
-338.2362361285107
-347.8784289063838
-353.7537256517821
-359.80200057528594
-365.7700904441065
-371.84261457091037
-377.8749931688373
-384.1470839400417
-390.38829469528616
-396.8122769487339
-403.13877428756155
-409.4137002757821
-415.29332750005125
-421.3011518003457
-427.2037479274394
-429.96655927656434
-439.329567362271
-445.6341127105636
-451.55063178682826
-457.68018418969973
-463.75810425803746
-469.67831635029063
-475.65609326830656
-481.65469040573487
-487.7887421557106
-493.71897597812034
-499.693584701177
-505.85317677987547
-511.58449353574247
-517.3505203098177
-520.0825725986352
-529.1114905451301
-535.0307339053977
-541.1428118659121
-546.7669274463818
-552.8749839932507
-558.7581088464862
-564.9050923669308
-570.5588903682095
-576.5274580718263
-582.2161737424706
-587.8573838102913
-593.4042666486647
-599.1287783247265
-604.7071415626716
-607.3087950028658
-616.4626541657973
-622.4050871596261
-628.2164387476237
-633.8725507195655
-639.7725515382701
-645.7020682416905
-651.5981363634389
-657.7159467161085
-663.7159922562562
-669.869478999668
-675.6269534109763
-681.4219230178386
-687.3129921670333
-693.3563711131073
-695.8975136749244
-705.2394932027853
-711.1868443019252
-717.117586846922
-723.2628295484295
-729.2914595626373
-735.4706244608027
-741.6662756111882
-747.8621068871054
-753.9754589363025
-760.2470096280272
-766.5328111786183
-772.6921047841631
-778.6562454864065
-784.6645907592869
-787.1030556083748
-796.8242363044674
-802.97738155134
-809.1979692093639
-815.2243585642996
-821.2156299197776
-827.2682451039159
-833.2982106274961
-839.2918640510819
-845.4601880649142
-851.7132432404485
-857.4129640094102
-863.4148380125839
-869.2747947567193
-875.1861877851939
-877.8260051022992
-887.2264518337639
-893.0912322665695
-899.090784330792
-904.9750441312149
-910.7630532639195
-916.875104531594
-922.7881035092072
-928.5922233653292
-934.2938336212412
-939.9793894262887
-945.6152506685335
-951.6033077779473
-957.1852566711015
-963.0082733510342
-965.525312702664
-974.7548257632527
-980.5432727865398
-986.5367462981776
-992.2503970602231
-998.1888403027259
-1004.0978969149025
-1009.9631776669628
-1016.0220604906276
-1022.0178689513257
-1027.862662668251
-1033.974485064638
-1039.6776476447965
-1045.5423852028546
-1051.4047063213848
-1053.8931165411873
-1063.1487706109453
-1069.1112263831374
-1074.9908361672929
-1081.0022375177612
-1087.0367355680576
-1093.209848186559
-1099.2904243928842
-1105.49013063559
-1111.582895069033
-1117.9109613867095
-1124.0074862509612
-1130.147101864014
-1136.1195626514016
-1142.1526137991839
-1144.6237890507473
-1154.4049931671243
-1160.5339054029496
-1166.6752853830599
-1172.666193831169
-1178.6868542449095
-1184.8183607250278
-1190.8654084391774
-1196.9822470744602
-1203.2424740953463
-1209.1262282935625
-1215.0875242460565
-1221.1847621561224
-1227.057937393212
-1232.9276363480471
-1235.3748129941382
-1244.7872386068552
-1250.5473650718145
-1256.367099924889
-1262.1894361661584
-1268.1044089644768
-1273.983376199952
-1279.9458866275852
-1285.858445026178
-1291.6501249721027
-1297.6489943676404
-1303.1870115890413
-1308.8736149472145
-1314.5625835822614
-1320.1971960005228
-1322.6924019479623
-1331.8875248537324
-1337.6468140934521
-1343.4758512841697
-1349.2498038055644
-1355.186568635116
-1361.0642314514132
-1366.8269842096568
-1372.864951122721
-1378.6916225170953
-1384.784249753702
-1390.8327315624956
-1396.7343938353138
-1402.9784797659186
-1408.8370425821124
-1411.5777454806125
-1420.9886266855742
-1426.9779273393092
-1433.0361229985872
-1439.2600363157355
-1445.5047219684684
-1451.3399903755433
-1457.3622359739616
-1463.6015175323157
-1469.5469053776924
-1475.59428299489
-1481.6590780147765
-1487.9127965958205
-1494.0382955464092
-1499.7650703764423
-1502.493178175417
-1511.9774083663274
-1518.0053639794198
-1524.0616707223796
-1530.0687665720393
-1535.9894902857611
-1541.9729458804372
-1547.8430265951538
-1553.9544072679273
-1559.8772728312342
-1565.9149474619949
-1571.9510125588538
-1577.9290010556701
-1584.0855352031458
-1589.9434306366652
-1592.3586442947296
-1601.904800599801
-1607.875540375623
-1613.6695369079646
-1619.835938479067
-1625.7540571916406
-1631.8706968244703
-1637.5918725220424
-1643.4271229031885
-1649.343598074774
-1655.1977379984044
-1661.0420346194478
-1666.9794958238817
-1672.9595183400993
-1678.688724990869
-1681.3270976466254
-1690.6407551612688
-1696.3789919614312
-1702.3053592378226
-1708.3426448000448
-1714.3332813989923
-1719.9788369427922
-1725.7959449082034
-1731.5669829017108
-1737.4599551362248
-1743.3527779647507
-1749.2551355158394
-1755.1882117829764
-1760.8752963467482
-1766.8580477086678
-1769.574340303568
-1778.7135786417846
-1784.7178408859488
-1791.014175969496
-1796.953098692604
-1803.1668912093617
-1809.1995227597633
-1815.0565033127732
-1821.0810888239816
-1827.169178868967
-1833.3736509072492
-1839.5304396476972
-1845.5925305052153
-1851.7624950207926
-1857.7880433301452
-1860.5260665988226
-1869.5573662610138
-1875.7850481559406
-1881.710043712017
-1887.7241981572872
-1893.7532677688102
-1899.894482888616
-1905.8004297811585
-1911.9978483632106
-1917.9811618179938
-1923.889441839866
-1930.0394175973158
-1935.8456302820896
-1941.898910834822
-1947.867792581633
-1950.5563056759252
-1959.7551204857928
-1965.4817158915328
-1971.2425693953128
-1977.2800361425948
-1983.0972190231766
-1989.0443276482458
-1994.9134758907926
-2000.6861343361654
-2006.5551715593767
-2012.311643011627
-2018.0870677255748
-2024.0045737272148
-2029.6730880885473
-2035.6886730657498
-2038.2786014205565
-2047.6547274377444
-2053.718911553128
-2059.871888240733
-2065.588270551433
-2071.3206045246197
-2077.2280234931327
-2082.9948280281424
-2088.803043206424
-2094.7249610878125
-2100.6958731323953
-2106.831527553171
-2112.7668897231815
-2118.553429907983
-2124.379507739526
-2127.273686103774
-2136.2580546241365
-2142.250689175149
-2148.410395820647
-2154.4197078491707
-2160.5658014380106
-2167.009665353924
-2172.7103902208564
-2178.631253524571
-2184.7450952333957
-2190.695060917112
-2197.025140670078
-2202.9678776874484
-2209.153729170703
-2215.150838230207
-2218.254102407508
-2227.334765313364
-2233.363177170452
-2239.6198114528256
-2245.7781372651807
-2251.9602073751403
-2257.6942180088236
-2263.78388857735
-2269.8305727258116
-2275.8347185797998
-2281.6318864228506
-2287.7286144571967
-2293.742938627653
-2299.6062444521194
-2305.6087489557585
-2308.1089314354986
-2317.1589338609365
-2323.1888076732607
-2328.9894626874197
-2334.8748866961473
-2340.7609149190334
-2346.696987718778
-2352.4233629513365
-2358.3004524132275
-2364.0490265349686
-2369.7955412397046
-2375.5375881098357
-2381.298310858362
-2387.0950742888153
-2392.9189477377063
-2395.3329143933615
-2404.626538851667
-2410.693216111354
-2416.676226012551
-2422.576567700359
-2428.612818276104
-2434.7690920229325
-2440.527780318112
-2446.1796814091463
-2452.169212829755
-2457.738340901242
-2463.7657641282817
-2469.7809129027164
-2475.898073413624
-2481.7926807835265
-2484.69704117319
-2493.823287799721
-2499.755895554769
-2505.8429589090615
-2512.1393792944486
-2517.980573032895
-2524.229973228785
-2530.251947237763
-2536.0765496989866
-2542.2966105593227
-2548.5252496987614
-2554.7463495493666
-2560.7891099324515
-2566.8590054910364
-2573.150185582721
-2575.9223884839776
-2585.179669429228
-2590.838624697697
-2596.858735971041
-2602.8499025966307
-2608.5461544511904
-2614.725357514378
-2620.723159667823
-2626.751518720034
-2632.903656671547
-2638.736307653462
-2644.7733563538063
-2650.9280104369163
-2656.939549597981
-2663.0586209668954
-2665.5668726419403
-2674.9816402339065
-2680.7520389361835
-2686.456963154044
-2692.4286914939594
-2698.2938107445116
-2704.2139547297093
-2709.962217318318
-2715.9575954474294
-2721.962915913902
-2727.6722879750146
-2733.489917944954
-2739.4364765476275
-2745.0680107517933
-2750.916772018485
-2753.3780465339623
-2762.7407897394964
-2768.6637401058297
-2774.5388379937303
-2780.406344504093
-2786.4769343971716
-2792.3370892465955
-2798.0631434198804
-2803.99193558557
-2809.9379859658893
-2815.9214601204058
-2821.796880254766
-2827.437899804263
-2833.3286109944866
-2839.308353168677
-2842.299380992733
-2851.368780012571
-2857.2931137628066
-2863.311411555005
-2869.433872661269
-2875.248106809542
-2881.3779992220657
-2887.1168787574743
-2893.295569686555
-2899.251675544458
-2905.434912177742
-2911.36129216429
-2917.493499412648
-2923.659389154303
-2929.9055426190944
-2932.8956853719865
-2942.064753804777
-2948.0937374843716
-2953.8477512960612
-2960.0586929300343
-2966.3065060065856
-2972.3958350061876
-2978.2695596981735
-2984.421743763719
-2990.467386361074
-2996.6675044470567
-3002.6950212555307
-3008.967881077287
-3015.0148109168435
-3021.1781367388185
-3023.6201095382476
-3033.2168243877404
-3039.025908911573
-3044.945934073131
-3051.0203737099896
-3056.7479693396226
-3062.3942497469566
-3068.1846287149156
-3073.932671100316
-3079.826220690732
-3085.6483624989755
-3091.397075385107
-3097.155417122503
-3102.7844284617395
-3108.8390795216087
-3111.2525147757083
-3120.5732968657194
-3126.71832528563
-3132.3860246319896
-3138.23990650439
-3144.454978958057
-3150.1535517928073
-3155.9482855289643
-3161.7616583403915
-3167.5672300749234
-3173.431309276722
-3179.3408425844723
-3185.5624163869434
-3191.0844044108712
-3197.2334869832866
-3199.912828245988
-3208.9722736360495
-3214.8901331200555
-3220.4434561367075
-3226.51078728095
-3232.697779600303
-3238.678217424545
-3244.998616958199
-3250.748321592784
-3256.646288717349
-3262.8375191644172
-3268.9112680617372
-3275.378598009644
-3281.3156190367376
-3287.615744631139
-3290.946069458975
-3299.8105106286807
-3305.720989574139
-3311.540071313387
-3317.6537642100293
-3323.696872154376
-3329.789798691625
-3335.6802227864396
-3341.8413358289845
-3347.782464388923
-3353.7607692632864
-3359.640880542084
-3365.9983328256694
-3371.766967880444
-3377.9401735487672
-3380.4700856534782
-3390.004819925651
-3395.635402305519
-3401.5539543981736
-3407.599714794454
-3413.3383220045575
-3419.218266737423
-3424.961452978101
-3430.7690530985874
-3437.0542004410877
-3442.6960145100015
-3448.3456362614556
-3454.1224275922077
-3459.9464312976647
-3465.6621161854027
-3467.9683942910724
-3477.4152168309543
-3483.2342272172564
-3489.2468285922296
-3495.173446291474
-3500.8881154805144
-3507.0113385395953
-3512.845026096608
-3518.523587771555
-3524.4375497638466
-3530.2719878481407
-3535.921032756215
-3541.950964719929
-3547.96824898986
-3553.6596647712113
-3556.9449506738424
-3566.002364369888
-3571.974877828159
-3577.8294286065147
-3584.044495871185
-3590.0547363372402
-3596.2904196825984
-3602.375885665334
-3608.4654951195803
-3614.4753264417077
-3620.4976812945747
-3626.933984069447
-3632.8039368410537
-3638.886021998646
-3645.0231064924774
-3648.8745770457726
-3657.4414485357224
-3663.52636142521
-3669.3788542543743
-3675.017116749828
-3681.2277056568973
-3687.1614220923866
-3693.354646807113
-3699.114440616282
-3705.138266213988
-3711.095314950409
-3717.1400370851197
-3722.868837342186
-3729.0361742991663
-3734.9457973689223
-3737.6047913125003
-3747.2336917913944
-3752.9084732507636
-3758.864314157886
-3764.807735713336
-3770.7124492035114
-3776.7108928295243
-3782.7090851358043
-3788.310407173359
-3794.3186829163656
-3800.155184941691
-3805.860929834164
-3811.610455267063
-3817.36998046088
-3823.120326480647
-3825.4190874693604
-3834.548019852933
-3840.2759088268376
-3846.1330507533457
-3852.206777866436
-3857.9420592297497
-3863.9490106542326
-3869.765655956146
-3875.871400750291
-3881.8170790222525
-3887.9774198439854
-3893.764842382198
-3900.1214917217253
-3906.185016475124
-3911.9623762760357
-3914.6976775069425
-3923.6872768196513
-3929.603074283397
-3935.6213591621836
-3942.636233298012
-3948.4327845758835
-3954.471200779881
-3960.673100973645
-3966.8170267146215
-3972.9602268649064
-3979.3480856704614
-3985.3131929911447
-3991.447404618248
-3997.7666010000125
-4004.1627448528634
-4007.27007861381
-4016.5706560475373
-4022.286340569928
-4028.4921723276225
-4034.573961705039
-4041.048621772134
-4047.2492574662747
-4053.4809428611898
-4059.68320815505
-4065.788448634249
-4072.0024898327265
-4077.9687691677445
-4084.2656757693244
-4090.3437434621246
-4096.41538790628
-4099.59143705834
-4108.456870282236
-4114.435850389094
-4120.146109104986
-4126.018235391856
-4131.96905162488
-4138.17337509025
-4144.05151191909
-4149.810882183471
-4155.651659321862
-4161.577690975591
-4167.347813686263
-4173.154426420205
-4178.837836128543
-4184.771561623252
-4188.013621323401
-4196.23923658264
-4201.96284690728
-4207.526466520729
-4213.47803136163
-4219.335306160703
-4225.276578778867
-4231.059896333889
-4236.778422078989
-4242.6222646391925
-4248.395302917163
-4254.09546510326
-4259.792621722471
-4265.722110482612
-4271.392099414532
-4274.423321183669
-4282.951842474851
-4288.646216027763
-4294.49985320062
-4300.603711696878
-4306.668248933619
-4312.592188595627
-4318.652906328079
-4324.82379675825
-4330.750141863995
-4337.018266169585
-4343.0710340967435
-4349.326607157796
-4355.617972975116
-4361.671735545577
-4364.857816635288
-4373.884940609327
-4380.007095229379
-4386.024911730813
-4392.033302106724
-4398.450051485186
-4404.676788082506
-4410.71054016892
-4416.904675228381
-4423.065463344347
-4429.168265900335
-4435.294928704764
-4441.505390230014
-4447.708651752387
-4453.894831844074
-4457.128804745529
-4465.886506871949
-4471.964993702164
-4477.844937442787
-4483.802620526587
-4489.74700042647
-4495.488610112791
-4501.2706725884545
-4507.0567701844875
-4512.73919357108
-4518.517309419623
-4524.176403189282
-4530.275012284884
-4536.113809033545
-4542.01100623791
-4545.36912817031
-4553.347428515807
-4559.221957000669
-4564.986491254894
-4570.893565400893
-4576.679173184839
-4582.408753477892
-4588.169094642089
-4594.096163936909
-4599.997590848316
-4605.742064595677
-4611.582501254614
-4617.31273816254
-4623.14613612626
-4629.069145476174
-4632.190102139014
-4640.751508151317
-4646.569045205623
-4652.587441718285
-4658.444805539055
-4664.509122052865
-4670.382014238077
-4676.193383839667
-4682.280203511723
-4688.481533838079
-4694.48257075239
-4700.88624061029
-4706.884129821481
-4713.066529699183
-4719.340782929646
-4722.367811433074
-4731.634898420163
-4737.623132523822
-4743.401986754921
-4749.342091129755
-4755.60301091287
-4761.5974818916675
-4767.989639882112
-4773.996051504559
-4780.0210888321935
-4786.00905717985
-4792.391729064657
-4798.469843815044
-4804.595250077962
-4810.903030446512
-4814.068934649485
-4823.016517301239
-4828.827748746949
-4834.92653093794
-4840.781653032779
-4846.635736429293
-4852.655755739314
-4858.528311345431
-4864.5987792166825
-4870.365251499586
-4876.353953433362
-4882.203480943419
-4887.751731913983
-4893.627661569511
-4899.289277994734
-4902.80506759596
-4910.919486083607
-4916.726907078601
-4922.634725278979
-4928.657931680482
-4934.556695681361
-4940.445254605469
-4946.13564309257
-4952.100421125365
-4957.70443668406
-4963.7590760647145
-4969.609179066367
-4975.193972625664
-4981.238497836389
-4986.921168515129
-4990.058690645135
-4998.595407558031
-5004.429152887085
-5010.2035536948515
-5016.112200359986
-5021.968853554739
-5027.90325911841
-5033.997807431053
-5040.011707993229
-5046.169196164434
-5052.2563517020035
-5058.130544601955
-5064.154305322494
-5070.168753891184
-5076.2105603068
-5079.099618636534
-5088.634943283487
-5094.694904887605
-5100.5281532311155
-5106.654279979861
-5112.7259824443645
-5118.896589107893
-5124.984762965491
-5131.292296596364
-5137.372149981911
-5143.624921009774
-5149.5587239102415
-5155.8064452291
-5162.0607485957835
-5168.080820971137
-5171.321979606574
-5179.978990673911
-5186.147611137109
-5191.987664902819
-5197.941610733271
-5203.757376712817
-5209.591136348738
-5215.578910890955
-5221.7681477784745
-5227.5238399711425
-5233.313177564912
-5239.433715724996
-5245.149754361662
-5250.81884556452
-5256.792009379801
-5259.839723462292
-5268.4486972841605
-5274.413501097894
-5280.240671351975
-5286.122282978169
-5292.053771783349
-5297.662019773165
-5303.676989109659
-5309.44447951271
-5315.228761796695
-5321.134203422169
-5326.809036285094
-5332.424932559677
-5338.350989219728
-5344.501807113781
-5347.200797522077
-5356.099588217104
-5362.129661647329
-5367.765132821346
-5373.463982980837
-5379.639979432957
-5385.366716306099
-5391.18515332454
-5396.952539591534
-5402.998081688948
-5409.060322789165
-5415.140267248493
-5421.240482507277
-5427.472207726343
-5433.582853803163
-5436.303517630861
-5445.863390528745
-5452.075573028118
-5458.465161367135
-5464.262494734215
-5470.146137696305
-5476.002966436553
-5482.190390767499
-5488.047632338051
-5494.231624361533
-5499.973940604649
-5505.990622060284
-5512.003641112121
-5518.14480842148
-5524.339537608474
-5527.295949075444
-5536.447314292486
-5542.667994044851
-5548.61715079194
-5554.851342909376
-5560.9432067670705
-5566.803509396234
-5572.974935576229
-5578.800554898022
-5584.876228734336
-5590.767120132967
-5596.868062889879
-5602.568694980634
-5608.464799971438
-5614.324891276442
-5617.536145425255
-5625.863740437174
-5631.760121822728
-5637.508317452167
-5643.325185008254
-5649.088631656365
-5654.994922029999
-5660.84740037708
-5666.707527332122
-5672.845240952471
-5678.670549688417
-5684.626019607781
-5690.362991315182
-5696.296206092152
-5702.125063640672
-5705.067754807145
-5713.743401731967
-5719.558733773128
-5725.404047194934
-5731.195395289772
-5736.955580843346
-5742.761728070864
-5748.6097739209445
-5754.510959690481
-5760.571033058521
-5766.483063461434
-5772.444163952087
-5778.530230349523
-5784.65094064219
-5790.681448633888
-5793.579698464769
-5803.287858284464
-5809.5152378071125
-5815.468162489658
-5821.21615767191
-5827.2429917522995
-5833.241760850544
-5839.447686063333
-5845.322952125702
-5851.334556899251
-5857.550010122351
-5863.567104714531
-5869.533212077262
-5875.851834197465
-5882.154474863176
-5885.500637862913
-5894.635460788579
-5900.438757067887
-5906.651268904965
-5912.77844130664
-5918.510216743691
-5924.286884808622
-5930.237759511526
-5936.281599504483
-5942.042328473592
-5947.8175801146035
-5953.677700423006
-5959.602608330984
-5965.289364515681
-5971.1793030479275
-5974.325204226071
-5982.914345412819
-5988.767596155986
-5994.659422258849
-6000.783992903148
-6006.704048565779
-6012.738403421584
-6018.69579594618
-6024.738020843361
-6030.497536338635
-6036.133830983636
-6042.189471241638
-6047.861639892772
-6053.929705687264
-6059.686173360784
-6062.338345122193
-6071.43158030513
-6077.193656048968
-6083.24548886677
-6089.087913976542
-6095.005593982624
-6100.9982825792895
-6106.821400626681
-6112.745113186142
-6118.602498614815
-6124.693336530102
-6130.6405430770465
-6136.565415540171
-6142.4995972492015
-6148.434210330068
-6151.220323526011
-6160.807988226485
-6166.843555838192
-6172.788918211194
-6178.556536961693
-6184.545857015227
-6190.347776300901
-6196.522792323329
-6202.468141960956
-6208.638343139852
-6214.610229756881
-6220.740537161274
-6226.640835963324
-6232.783684824851
-6238.804211212706
-6242.126116815076
-6251.310685834685
-6257.188523272143
-6263.359011154804
-6269.250423747242
-6275.199195653487
-6281.304794917643
-6287.360012339094
-6293.316642718028
-6299.337513173163
-6305.436180203619
-6311.279793871907
-6317.527104980131
-6323.432839078528
-6329.1327784507275
-6332.302055131458
-6340.660402569575
-6346.332444808852
-6352.379821383766
-6357.950699679899
-6363.8162546937965
-6369.800301002395
-6375.54003086337
-6381.6267888908915
-6387.257010454439
-6393.143793991659
-6399.419707809896
-6405.25617797935
-6411.2149833694
-6416.988315778768
-6420.0013240107155
-6428.900428295315
-6434.806049463017
-6440.682220508703
-6446.219604294847
-6452.0309236473495
-6457.851400359423
-6463.862310372203
-6469.7182393486455
-6475.751336233034
-6481.811897393546
-6487.708389137954
-6493.692962454131
-6499.616777974248
-6505.698214645476
-6508.4913968773535
-6518.13909008184
-6524.331688130705
-6530.301941279961
-6536.395564237734
-6542.386396855048
-6548.131878388263
-6554.148859247687
-6560.166966606557
-6566.118834687838
-6572.117806636747
-6578.040107961188
-6584.301210137427
-6590.2179490934695
-6596.05881622408
-6599.320535783685
-6608.364541430328
-6614.582298052768
-6620.7675046019385
-6626.875033966195
-6632.963638578938
-6639.235762984828
-6644.933440840258
-6650.896795409956
-6656.95394822539
-6662.640603140631
-6668.718895159427
-6674.572902534382
-6680.555688341578
-6686.24018383502
-6689.756251908499
-6698.284999951366
-6704.037110342125
-6709.8139780761485
-6715.899036495031
-6721.832027607536
-6727.7282952282
-6733.694132572996
-6739.558145838348
-6745.460590221452
-6751.216300031892
-6757.190117847252
-6762.739278597342
-6768.404645126323
-6774.251734815255
-6776.793057665323
-6785.7832715876875
-6791.90492794413
-6797.764150537384
-6803.8611258243845
-6809.687653708192
-6815.625722798083
-6821.689950585167
-6827.724175417214
-6833.7963919976755
-6839.88038820283
-6845.72964862135
-6851.671033450506
-6857.580407444542
-6863.58552998398
-6866.35919904978
-6875.576443618911
-6881.73890732398
-6887.7003239032165
-6893.697615558015
-6899.65494348296
-6905.517392373915
-6911.461901321025
-6917.478193089633
-6923.437858497534
-6929.454863867832
-6935.4414426719895
-6941.403478427901
-6947.423159723351
-6953.492976710067
-6956.750952211096
-6965.710149833254
-6971.900479947639
-6977.891004607018
-6984.008508823094
-6990.067428115797
-6996.0715203908285
-7001.865909558973
-7007.861251549983
-7013.748360213013
-7019.782534164015
-7025.642421233631
-7031.507626679876
-7037.500597216353
-7043.309215761058
-7046.799329516309
-7055.65497875706
-7061.61302258532
-7067.403016466645
-7073.230579847919
-7079.025652800687
-7084.801248194482
-7090.528474922482
-7096.442334751919
-7102.247843830073
-7108.186348915167
-7113.849985436763
-7119.875006208262
-7125.809805397417
-7131.861153977687
-7134.694257643876
-7143.9149762817815
-7149.778082050888
-7155.665009457497
-7161.654266900795
-7167.622352117905
-7173.412413642871
-7179.143863032376
-7184.883107992523
-7190.875471463426
-7196.721217814022
-7202.831208036409
-7208.7820400393575
-7214.739533703782
-7220.753653864137
-7223.437693516064
-7232.753925853371
-7238.830440822765
-7245.100227668449
-7250.864847465686
-7256.731073305231
-7262.667740602992
-7268.663216310751
-7274.629492693456
-7280.473806611758
-7286.559554173863
-7292.69476526247
-7298.836059004593
-7304.7213611219995
-7311.124273343556
-7314.547514014941
-7323.683021337714
-7329.765308653336
-7335.930530595189
-7342.077778476123
-7347.798459193298
-7353.698494809545
-7359.62644622039
-7365.491895211939
-7371.359937211962
-7377.297050401874
-7383.462953471614
-7389.2908127593255
-7395.413327999227
-7401.562442179927
-7404.64111007121
-7413.3019520202515
-7419.016795040716
-7425.067708872061
-7430.917117327713
-7436.243211566985
-7441.979508976553
-7447.722885949712
-7453.422972005167
-7459.554281996361
-7465.438000722363
-7471.6010162580715
-7477.560402337204
-7483.793133331745
-7489.735346131776
-7492.64767655653
-7501.89003392486
-7507.598108908148
-7513.421912561414
-7519.347072715203
-7524.901925462609
-7530.699805533608
-7536.319946316735
-7542.071564631466
-7547.8980455217425
-7553.798873895039
-7560.065776540798
-7566.178298641423
-7572.289248849303
-7578.409495153023
-7581.126921324859
-7590.881616275062
-7596.9338234075885
-7603.0640056904
-7608.922666577719
-7614.69645938497
-7620.280458847189
-7626.252779971493
-7632.022308873634
-7637.872239227368
-7644.156729220742
-7650.0593438617425
-7656.191086565667
-7662.1502731685805
-7668.295970854736
-7671.680795213794
-7680.390736111311
-7686.698454406945
-7692.741147873341
-7698.588497700965
-7704.620800838576
-7710.689737460988
-7716.743759619843
-7722.613445787408
-7728.890160673379
-7734.7756549831565
-7740.872114678624
-7746.806467423693
-7753.003916639822
-7761.822611676867
-7765.2242768664455
-7773.786210052689
-7779.37228974888
-7784.886934254241
