t
0.00000000000
0.01664820403
0.02497230605
0.03329640806
0.04162051008
0.04994461209
0.05826871411
0.06659281612
0.07491691814
0.08324102016
0.09156512217
0.09988922419
0.10821332620
0.11653742820
0.12486153020
0.13318563220
0.14150973430
0.14983383630
0.15815793830
0.16648204030
0.17480614230
0.18313024430
0.19145434640
0.19977844840
0.20810255040
0.21642665240
0.22475075440
0.23307485640
0.24139895850
0.24972306050
0.25804716250
0.26637126450
0.27844121240
0.28676531440
0.29508941650
0.30341351850
0.31173762050
0.32006172250
0.32838582450
0.33670992650
0.34503402850
0.35335813060
0.36168223260
0.37000633460
0.37833043660
0.38665453860
0.39497864060
0.40330274270
0.41162684470
0.41995094670
0.42827504870
0.43659915070
0.44492325270
0.45324735470
0.46157145680
0.46989555880
0.47821966080
0.48654376280
0.49486786480
0.50319196680
0.51151606890
0.51984017090
0.52816427290
0.53648837490
0.54481247690
0.55313657890
0.56146068100
0.56978478300
0.57810888500
0.58643298700
0.59475708900
0.60308119100
0.61140529300
0.61972939510
0.62805349710
0.63637759910
0.64470170110
0.65302580310
0.66134990510
0.66967400720
0.67799810920
0.68632221120
0.69464631320
0.70297041520
0.71129451720
0.71961861920
0.72794272130
0.73626682330
0.74459092530
0.75291502730
0.76123912930
0.76956323130
0.77788733340
0.78621143540
0.79453553740
0.80244343430
0.81076753630
0.81909163830
0.82741574040
0.83573984240
0.84406394440
0.85238804640
0.86071214840
0.86903625040
0.87736035240
0.88568445450
0.89400855650
0.90233265850
0.91065676050
0.91898086250
0.92730496450
0.93562906660
0.94395316860
0.95227727060
0.96060137260
0.96892547460
0.97724957660
0.98557367860
0.99389778070
1.00222188300
1.01054598500
1.01887008700
1.02719418900
1.03551829100
1.04384239300
1.05216649500
1.06049059700
1.06881469900
1.07713880100
1.08546290300
1.09378700500
1.10211110700
1.11043520900
1.11875931100
1.12708341300
1.13540751500
1.14373161700
1.15205571900
1.16037982100
1.16870392300
1.17702802500
1.18535212700
1.19367622900
1.20200033100
1.21032443300
1.21864853500
1.22697263700
1.23529673900
1.24362084100
1.25194494300
1.26026904500
1.26859314700
1.27691724900
1.28524135100
1.29314924800
1.30147335000
1.30979745200
1.31812155400
1.32644565600
1.33476975800
1.34309386000
1.35141796200
1.35974206400
1.36806616600
1.37639026800
1.38471437000
1.39303847200
1.40136257400
1.40968667600
1.41801077800
1.42633488000
1.43465898200
1.44298308400
1.45130718600
1.45963128800
1.46795539000
1.47627949200
1.48460359400
1.49292769600
1.50125179900
1.50957590100
1.51790000300
1.52622410500
1.53454820700
1.54287230900
1.55119641100
1.55952051300
1.56784461500
1.57616871700
1.58449281900
1.59281692100
1.60114102300
1.60946512500
1.61778922700
1.62611332900
1.63443743100
1.64276153300
1.65108563500
1.65940973700
1.66773383900
1.67605794100
1.68438204300
1.69270614500
1.70103024700
1.70935434900
1.71767845100
1.72600255300
1.73432665500
1.74265075700
1.75097485900
1.75929896100
1.76762306300
1.77594716500
1.78427126700
1.79259536900
1.80091947100
1.80924357300
1.81756767500
1.82547557200
1.83379967400
1.84212377600
1.85044787800
1.85877198000
1.86709608200
1.87542018400
1.88374428600
1.89206838800
1.90039249000
1.90871659200
1.91704069400
1.92536479600
1.93368889800
1.94201300000
1.95033710200
1.95866120400
1.96698530600
1.97530940800
1.98363351000
1.99195761200
2.00028171400
2.00860581600
2.01692991800
2.02525402000
2.03357812200
2.04190222400
2.05022632600
2.05855042800
2.06687453000
2.07519863200
2.08352273500
2.09184683700
2.10017093900
2.10849504100
2.11681914300
2.12514324500
2.13346734700
2.14179144900
2.15011555100
2.15843965300
2.16676375500
2.17508785700
2.18341195900
2.19173606100
2.20006016300
2.20838426500
2.21670836700
2.22503246900
2.23335657100
2.24168067300
2.25000477500
2.25832887700
2.26665297900
2.27497708100
2.28330118300
2.29162528500
2.29994938700
2.30827348900
2.31659759100
2.32492169300
2.33324579500
2.34156989700
2.34989399900
2.35821810100
2.36654220300
2.37486630500
2.38319040700
2.39151450900
2.39942240600
2.40774650800
2.41607061000
2.42439471200
2.43271881400
2.44104291600
2.44936701800
2.45769112000
2.46601522200
2.47433932400
2.48266342600
2.49098752800
2.49931163000
2.50763573200
2.51595983400
2.52428393600
2.53260803800
2.54093214000
2.54925624200
2.55758034400
2.56590444600
2.57422854800
2.58255265000
2.59087675200
2.59920085400
2.60752495600
2.61584905800
2.62417316000
2.63249726200
2.64082136400
2.64914546600
2.65746956800
2.66579367000
2.67411777300
2.68244187500
2.69076597700
2.69909007900
2.70741418100
2.71573828300
2.72406238500
2.73238648700
2.74071058900
2.74903469100
2.75735879300
2.76568289500
2.77400699700
2.78233109900
2.79065520100
2.79897930300
2.80730340500
2.81562750700
2.82395160900
2.83227571100
2.84059981300
2.84892391500
2.85724801700
2.86557211900
2.87389622100
2.88222032300
2.89054442500
2.89886852700
2.90719262900
2.91551673100
2.92384083300
2.93174873000
2.94007283200
2.94839693400
2.95672103600
2.96504513800
2.97336924000
2.98169334200
2.99001744400
2.99834154600
3.00666564800
3.01498975000
3.02331385200
3.03163795400
3.03996205600
3.04828615800
3.05661026000
3.06493436200
3.07325846400
3.08158256600
3.08990666800
3.09823077000
3.10655487200
3.11487897400
3.12320307600
3.13152717800
3.13985128000
3.14817538200
3.15649948400
3.16482358600
3.17314768800
3.18147179000
3.18979589200
3.19811999400
3.20644409600
3.21476819800
3.22309230000
3.23141640200
3.23974050400
3.24806460600
3.25638870900
3.26471281100
3.27303691300
3.28136101500
3.28968511700
3.29800921900
3.30633332100
3.31465742300
3.32298152500
3.33130562700
3.33962972900
3.34795383100
3.35627793300
3.36460203500
3.37292613700
3.38125023900
3.38957434100
3.39789844300
3.40622254500
3.41454664700
3.42245454400
3.43077864600
3.43910274800
3.44742685000
3.45575095200
3.46407505400
3.47239915600
3.48072325800
3.48904736000
3.49737146200
3.50569556400
3.51401966600
3.52234376800
3.53066787000
3.53899197200
3.54731607400
3.55564017600
3.56396427800
3.57228838000
3.58061248200
3.58893658400
3.59726068600
3.60558478800
3.61390889000
3.62223299200
3.63055709400
3.63888119600
3.64720529800
3.65552940000
3.66385350200
3.67217760400
3.68050170600
3.68882580800
3.69714991000
3.70547401200
3.71379811400
3.72212221600
3.73044631800
3.73877042000
3.74709452200
3.75541862400
3.76374272600
3.77206682800
3.78039093000
3.78871503200
3.79703913400
3.80536323600
3.81368733800
3.82201144000
3.83033554200
3.83865964400
3.84698374700
3.85530784900
3.86363195100
3.87195605300
3.88028015500
3.88860425700
3.89692835900
3.90525246100
3.91357656300
3.92190066500
3.93022476700
3.93854886900
3.94687297100
3.95519707300
3.96352117500
3.97184527700
3.98016937900
3.98807727600
3.99640137800
4.00472548000
4.01304958200
4.02137368400
4.02969778600
4.03802188800
4.04634599000
4.05467009200
4.06299419400
4.07131829600
4.07964239800
4.08796650000
4.09629060200
4.10461470400
4.11293880600
4.12126290800
4.12958701000
4.13791111200
4.14623521400
4.15455931600
4.16288341800
4.17120752000
4.17953162200
4.18785572400
4.19617982600
4.20450392800
4.21282803000
4.22115213200
4.22947623400
4.23780033600
4.24612443800
4.25444854000
4.26277264200
4.27109674400
4.27942084600
4.28774494800
4.29606905000
4.30439315200
4.31271725400
4.32104135600
4.32936545800
4.33768956000
4.34601366200
4.35433776400
4.36266186600
4.37098596800
4.37931007000
4.38763417200
4.39595827400
4.40428237600
4.41260647800
4.42093058000
4.42925468300
4.43757878500
4.44590288700
4.45422698900
4.46255109100
4.47087519300
4.47919929500
4.48752339700
4.49584749900
4.50417160100
4.51207949800
4.52040360000
4.52872770200
4.53705180400
4.54537590600
4.55370000800
4.56202411000
4.57034821200
4.57867231400
4.58699641600
4.59532051800
4.60364462000
4.61196872200
4.62029282400
4.62861692600
4.63694102800
4.64526513000
4.65358923200
4.66191333400
4.67023743600
4.67856153800
4.68688564000
4.69520974200
4.70353384400
4.71185794600
4.72018204800
4.72850615000
4.73683025200
4.74515435400
4.75347845600
4.76180255800
4.77012666000
4.77845076200
4.78677486400
4.79509896600
4.80342306800
4.81174717000
4.82007127200
4.82839537400
4.83671947600
4.84504357800
4.85336768000
4.86169178200
4.87001588400
4.87833998600
4.88666408800
4.89498819000
4.90331229200
4.91163639400
4.91996049600
4.92828459800
4.93660870000
4.94493280200
4.95325690400
4.96158100600
4.96990510800
4.97822921000
4.98655331200
4.99487741400
5.00320151600
5.01152561800
5.01943351500
5.02775761700
5.03608171900
5.04440582100
5.05272992300
5.06105402500
5.06937812800
5.07770223000
5.08602633200
5.09435043400
5.10267453600
5.11099863800
5.11932274000
5.12764684200
5.13597094400
5.14429504600
5.15261914800
5.16094325000
5.16926735200
5.17759145400
5.18591555600
5.19423965800
5.20256376000
5.21088786200
5.21921196400
5.22753606600
5.23586016800
5.24418427000
5.25250837200
5.26083247400
5.26915657600
5.27748067800
5.28580478000
5.29412888200
5.30245298400
5.31077708600
5.31910118800
5.32742529000
5.33574939200
5.34407349400
5.35239759600
5.36072169800
5.36904580000
5.37736990200
5.38569400400
5.39401810600
5.40234220800
5.41066631000
5.41899041200
5.42731451400
5.43563861600
5.44396271800
5.45228682000
5.46061092200
5.46893502400
5.47725912600
5.48558322800
5.49390733000
5.50223143200
5.51055553400
5.51887963600
5.53094958400
5.53927368600
5.54759778800
5.55592189000
5.56424599200
5.57257009400
5.58089419600
5.58921829800
5.59754240000
5.60586650200
5.61419060400
5.62251470600
5.63083880800
5.63916291000
5.64748701200
5.65581111500
5.66413521700
5.67245931900
5.68078342100
5.68910752300
5.69743162500
5.70575572700
5.71407982900
5.72240393100
5.73072803300
5.73905213500
5.74737623700
5.75570033900
5.76402444100
5.77234854300
5.78067264500
5.78899674700
5.79732084900
5.80564495100
5.81396905300
5.82229315500
5.83061725700
5.83894135900
5.84726546100
5.85558956300
5.86391366500
5.87223776700
5.88056186900
5.88888597100
5.89721007300
5.90553417500
5.91385827700
5.92218237900
5.93050648100
5.93883058300
5.94715468500
5.95547878700
5.96380288900
5.97212699100
5.98045109300
5.98877519500
5.99709929700
6.00542339900
6.01374750100
6.02207160300
6.03039570500
6.03871980700
6.04704390900
6.05536801100
6.06327590800
6.07160001000
6.07992411200
6.08824821400
6.09657231600
6.10489641800
6.11322052000
6.12154462200
6.12986872400
6.13819282600
6.14651692800
6.15484103000
6.16316513200
6.17148923400
6.17981333600
6.18813743800
6.19646154000
6.20478564200
6.21310974400
6.22143384600
6.22975794800
6.23808205000
6.24640615300
6.25473025500
6.26305435700
6.27137845900
6.27970256100
6.28802666300
6.29635076500
6.30467486700
6.31299896900
6.32132307100
6.32964717300
6.33797127500
6.34629537700
6.35461947900
6.36294358100
6.37126768300
6.37959178500
6.38791588700
6.39623998900
6.40456409100
6.41288819300
6.42121229500
6.42953639700
6.43786049900
6.44618460100
6.45450870300
6.46283280500
6.47115690700
6.47948100900
6.48780511100
6.49612921300
6.50445331500
6.51277741700
6.52110151900
6.52942562100
6.53774972300
6.54607382500
6.55439792700
6.56272202900
6.57104613100
6.57937023300
6.58769433500
6.59601843700
6.60434253900
6.61266664100
6.62099074300
6.62931484500
6.63722274200
6.64554684400
6.65387094600
6.66219504800
6.67051915000
6.67884325200
6.68716735400
6.69549145600
6.70381555800
6.71213966000
6.72046376200
6.72878786400
6.73711196600
6.74543606800
6.75376017000
6.76208427200
6.77040837400
6.77873247600
6.78705657800
6.79538068000
6.80370478200
6.81202888400
6.82035298600
6.82867708900
6.83700119100
6.84532529300
6.85364939500
6.86197349700
6.87029759900
6.87862170100
6.88694580300
6.89526990500
6.90359400700
6.91191810900
6.92024221100
6.92856631300
6.93689041500
6.94521451700
6.95353861900
6.96186272100
6.97018682300
6.97851092500
6.98683502700
6.99515912900
7.00348323100
7.01180733300
7.02013143500
7.02845553700
7.03677963900
7.04510374100
7.05342784300
7.06175194500
7.07007604700
7.07840014900
7.08672425100
7.09504835300
7.10337245500
7.11169655700
7.12002065900
7.12834476100
7.13666886300
7.14457676000
7.15290086200
7.16122496400
7.16954906600
7.17787316800
7.18619727000
7.19452137200
7.20284547400
7.21116957600
7.21949367800
7.22781778000
7.23614188200
7.24446598400
7.25279008600
7.26111418800
7.26943829000
7.27776239200
7.28608649400
7.29441059600
7.30273469800
7.31105880000
7.31938290200
7.32770700400
7.33603110600
7.34435520800
7.35267931000
7.36100341200
7.36932751400
7.37765161600
7.38597571800
7.39429982000
7.40262392200
7.41094802400
7.41927212700
7.42759622900
7.43592033100
7.44424443300
7.45256853500
7.46089263700
7.46921673900
7.47754084100
7.48586494300
7.49418904500
7.50251314700
7.51083724900
7.51916135100
7.52748545300
7.53580955500
7.54413365700
7.55245775900
7.56078186100
7.56910596300
7.57743006500
7.58575416700
7.59407826900
7.60240237100
7.61072647300
7.61905057500
7.62737467700
7.63569877900
7.64402288100
7.65193077800
7.66025488000
7.66857898200
7.67690308400
7.68522718600
7.69355128800
7.70187539000
7.71019949200
7.71852359400
7.72684769600
7.73517179800
7.74349590000
7.75182000200
7.76014410400
7.76846820600
7.77679230800
7.78511641000
7.79344051200
7.80176461400
7.81008871600
7.81841281800
7.82673692000
7.83506102200
7.84338512400
7.85170922600
7.86003332800
7.86835743000
7.87668153200
7.88500563400
7.89332973600
7.90165383800
7.90997794000
7.91830204200
7.92662614400
7.93495024600
7.94327434800
7.95159845000
7.95992255200
7.96824665400
7.97657075600
7.98489485800
7.99321896000
8.00154306300
8.00986716500
8.01819126700
8.02651536900
8.03483947100
8.04316357300
8.05148767500
8.05981177700
8.06813587900
8.07645998100
8.08478408300
8.09310818500
8.10143228700
8.10975638900
8.11808049100
8.12640459300
8.13472869500
8.14305279700
8.15137689900
8.15970100100
8.16802510300
8.17593300000
8.18425710200
8.19258120400
8.20090530600
8.20922940800
8.21755351000
8.22587761200
8.23420171400
8.24252581600
8.25084991800
8.25917402000
8.26749812200
8.27582222400
8.28414632600
8.29247042800
8.30079453000
8.30911863200
8.31744273400
8.32576683600
8.33409093800
8.34241504000
8.35073914200
8.35906324400
8.36738734600
8.37571144800
8.38403555000
8.39235965200
8.40068375400
8.40900785600
8.41733195800
8.42565606000
8.43398016200
8.44230426400
8.45062836600
8.45895246800
8.46727657000
8.47560067200
8.48392477400
8.49224887600
8.50057297800
8.50889708000
8.51722118200
8.52554528400
8.53386938600
8.54219348800
8.55051759000
8.55884169200
8.56716579400
8.57548989600
8.58381399800
8.59213810100
8.60046220300
8.60878630500
8.61711040700
8.62543450900
8.63375861100
8.64208271300
8.65040681500
8.65873091700
8.66705501900
8.67537912100
8.68370322300
8.69202732500
8.70035142700
8.70867552900
8.71699963100
8.72532373300
8.73364783500
8.74197193700
8.75029603900
8.75820393600
8.76652803800
8.77485214000
8.78317624200
8.79150034400
8.79982444600
8.80814854800
8.81647265000
8.82479675200
8.83312085400
8.84144495600
8.84976905800
8.85809316000
8.86641726200
8.87474136400
8.88306546600
8.89138956800
8.89971367000
8.90803777200
8.91636187400
8.92468597600
8.93301007800
8.94133418000
8.94965828200
8.95798238400
8.96630648600
8.97463058800
8.98295469000
8.99127879200
8.99960289400
9.00792699600
9.01625109800
9.02457520000
9.03289930200
9.04122340400
9.04954750600
9.05787160800
9.06619571000
9.07451981200
9.08284391400
9.09116801600
9.09949211800
9.10781622000
9.11614032200
9.12446442400
9.13278852600
9.14111262800
9.14943673000
9.15776083200
9.16608493400
9.17440903700
9.18273313900
9.19105724100
9.19938134300
9.20770544500
9.21602954700
9.22435364900
9.23267775100
9.24100185300
9.24932595500
9.25765005700
9.26597415900
9.27429826100
9.28220615800
9.29053026000
9.29885436200
9.30717846400
9.31550256600
9.32382666800
9.33215077000
9.34047487200
9.34879897400
9.35712307600
9.36544717800
9.37377128000
9.38209538200
9.39041948400
9.39874358600
9.40706768800
9.41539179000
9.42371589200
9.43203999400
9.44036409600
9.44868819800
9.45701230000
9.46533640200
9.47366050400
9.48198460600
9.49030870800
9.49863281000
9.50695691200
9.51528101400
9.52360511600
9.53192921800
9.54025332000
9.54857742200
9.55690152400
9.56522562600
9.57354972800
9.58187383000
9.59019793200
9.59852203400
9.60684613600
9.61517023800
9.62349434000
9.63181844200
9.64014254400
9.64846664600
9.65679074800
9.66511485000
9.67343895200
9.68176305400
9.69008715600
9.69841125800
9.70673536000
9.71505946200
9.72338356400
9.73170766600
9.74003176800
9.74835587000
9.75667997200
9.76500407500
9.77332817700
9.78123607300
9.78956017500
9.79788427700
9.80620837900
9.81453248200
9.82285658400
9.83118068600
9.83950478800
9.84782889000
9.85615299200
9.86447709400
9.87280119600
9.88112529800
9.88944940000
9.89777350200
9.90609760400
9.91442170600
9.92274580800
9.93106991000
9.93939401200
9.94771811400
9.95604221600
9.96436631800
9.97269042000
9.98101452200
9.98933862400
9.99766272600
10.00598683000
10.01431093000
10.02263503000
10.03095913000
10.03928324000
10.04760734000
10.05593144000
10.06425554000
10.07257964000
10.08090375000
10.08922785000
10.09755195000
10.10587605000
10.11420015000
10.12252426000
10.13084836000
10.13917246000
10.14749656000
10.15582066000
10.16414477000
10.17246887000
10.18079297000
10.18911707000
10.19744117000
10.20576528000
10.21408938000
10.22241348000
10.23073758000
10.23906168000
10.24738579000
10.25570989000
10.26403399000
10.27235809000
10.28068219000
10.28900630000
10.29691419000
10.30523830000
10.31356240000
10.32188650000
10.33021060000
10.33853470000
10.34685881000
10.35518291000
10.36350701000
10.37183111000
10.38015521000
10.38847932000
10.39680342000
10.40512752000
10.41345162000
10.42177572000
10.43009983000
10.43842393000
10.44674803000
10.45507213000
10.46339623000
10.47172034000
10.48004444000
10.48836854000
10.49669264000
10.50501674000
10.51334085000
10.52166495000
10.52998905000
10.53831315000
10.54663725000
10.55496136000
10.56328546000
10.57160956000
10.57993366000
10.58825776000
10.59658187000
10.60490597000
10.61323007000
10.62155417000
10.62987827000
10.63820238000
10.64652648000
10.65485058000
10.66317468000
10.67149878000
10.67982289000
10.68814699000
10.69647109000
10.70479519000
10.71311929000
10.72144340000
10.72976750000
10.73809160000
10.74641570000
10.75473980000
10.76306391000
10.77138801000
10.77971211000
10.78803621000
10.79636031000
10.80468442000
10.81300852000
10.82133262000
10.82965672000
10.83798082000
10.85005077000
10.85837487000
10.86669898000
10.87502308000
10.88334718000
10.89167128000