th
47.67194665105546
47.693329842470234
48.05863850725036
47.86842148978689
47.530098965641926
46.66088264696298
45.90993986782796
45.98686045131859
46.268129639163696
46.65656356924045
46.57518787187691
46.16214937904879
45.384905888158876
44.814559127310474
45.02098852756322
45.829828736563435
46.268271167081046
46.640989481676314
46.41484708063327
45.85895482301379
45.78283163946059
45.906322648082956
46.22343779833249
46.49352717489041
46.65297484585908
46.78287772366049
46.61944226905921
46.918851664711326
47.309909766335
47.38217499339304
47.44686404802641
47.37153255980139
47.69734827862726
48.12063016383922
48.63371913249735
48.61449615836482
48.44247739340765
47.93984564377882
47.960412360076745
47.96547819425523
48.36846089697662
48.91173511957653
48.88374821679046
48.42895207959088
48.43781378396231
47.6913494520903
47.45569307239487
47.802298046146824
47.856751430718994
47.65340273901106
47.58487172816562
47.35857957147226
47.035578013297986
46.88316409955075
46.96929237417552
46.90904390446698
46.94239061372465
46.92587350735589
46.996952091060905
47.09057560480236
46.753599871541496
46.45405989332674
46.26085806473921
45.96898130816046
45.69045038736349
45.685530476585505
45.66412863021846
45.40886688992786
45.37020494919577
45.25011323350244
45.01285146372061
45.20401999067418
45.169704294695755
45.44259137478554
45.40088925330959
45.57476454628368
45.64325969574692
45.60575846853518
45.778710640472475
45.743620636204966
45.98634698533369
46.08658568349605
46.30018614212765
46.56663641520494
46.464300589617665
46.70585264059069
46.80071796801535
46.91343335210224
47.12147449943256
47.0812828826554
47.236767366122805
47.4181969103566
47.456588976690966
47.51396820902307
47.608051474122306
47.603822633895994
47.63276186646021
47.75827140010043
47.829206009346144
48.02081749518751
48.14261341341881
48.09872656669167
48.153829949461596
47.94273536141418
47.77990664879388
47.70273672557759
47.638996411945115
47.58818598640409
47.42333360684594
47.392321716100284
47.31643992298094
47.11600701666997
47.11440606241257
47.05510574968784
47.04339138681242
47.07548063551488
46.86048293309892
46.919105415430614
46.881769903686646
46.85205610023245
46.64898515772887
46.61470619550211
46.56318134923253
46.27087529909075
46.17280981717477
46.17724873619683
45.93522493122086
45.89387852991317
45.75845522676273
45.63328675041853
45.58619814161466
45.47577567471742
45.5493243778749
45.781532089000244
45.902956113594904
45.87492986539293
45.96774611114987
46.087379418181655
46.24844305398495
46.3992261509973
46.50147161783202
46.63084937981237
46.86612937794531
47.035411651899054
47.168609636134306
47.20871852121148
47.287777462322246
47.472590973591906
47.49046269789441
47.5494578606431
47.60549584777976
47.74670252889473
47.83435439330724
47.76865162683664
47.756308439719724
47.82659346160271
47.89325647427589
47.96743849164837
48.01997549031874
48.126969055976254
48.12137366234452
48.04124898167083
47.94784641811171
47.99014485936443
47.93641130294063
47.77343458033413
47.722479550440404
47.63906688143309
47.6480293890063
47.4611221662186
47.31869219831174
47.255221971028796
47.2181647631808
47.18142672657059
47.01769461068071
47.07735975336644
46.909269942045235
47.00083072313494
46.90396354288221
46.82597692369692
46.69799474173779
46.544104351801586
46.558131002229025
46.412783835544815
46.38452524199502
46.21319145176356
45.956944545989984
45.90259516482833
45.7455865477303
45.762154505706434
45.767327338119294
45.722670976058055
45.93302689614867
45.964872557305895
46.08693226067049
46.09492158951274
46.16633618594899
46.33653827347922
46.39960645512992
46.62872336504654
46.58976272743986
46.764559130510634
46.843691848387685
46.88182347466231
47.07571473469358
47.160028775121276
47.29287945652099
47.420770521651825
47.60235356667263
47.585840340206275
47.830725388157205
47.73896202781314
47.78902814875435
47.78141967081533
47.75024678250901
47.70389066093802
47.66436119130839
47.819086042537755
47.82267060712258
48.02804703236376
47.90688445402633
47.83593414529259
47.81312691266388
47.735782945574776
47.677138683861486
47.58949253405435
47.47521852566025
47.16743262858743
46.93641567280063
46.85107849060547
46.68348789561577
46.524728282771534
46.39247524092461
46.339339454049146
46.09193952562839
46.212838351304995
46.09446440454811
46.12883718101567
45.94283612740193
45.992709426343104
46.0343926175942
46.01668570999495
46.133268125493785
46.12091127397172
46.356219606045926
46.29101840182071
46.51019471246029
46.63857413208723
46.67706540950863
46.94450711404646
47.15761434988728
47.479581295531325
47.4433871293714
47.53003281217385
47.731906258589184
47.90777116194922
48.11003447374736
48.222703580617925
48.39853784732607
48.4940026401934
48.62842537085669
48.63400756537106
48.65096063709645
48.81101854634326
48.84297288665282
48.9218948637791
48.884857898142755
48.791594512370814
48.79779847201204
48.622704776107604
48.6903463224912
48.73614713818171
48.5028018062412
48.513922123707
48.60818000490382
48.43338968517181
48.54556931516349
48.473942466871144
48.5313682137262
48.48588627058031
48.5160294014081
48.3619308049722
48.23862028789747
48.18590378775038
48.25995314682146
48.044257331525614
47.91340352497235
47.74864473510586
47.623175246937606
47.55505016547819
47.51867656747128
47.4135937680096
47.23578687072272
47.12302044792747
47.05075179962166
46.7933540861038
46.65043123721262
46.68350314635972
46.50058883925465
46.443909951281206
46.39491778930686
46.35367808884753
46.42021277250488
46.26599602742094
46.246543047867604
46.23731795391959
46.09760166030578
46.09591329915528
45.81299538066517
45.84292547777568
46.11906615405633
46.02705030872754
45.98544147967154
46.0477376157677
46.18714917687128
46.225776724193736
46.26930127882972
46.389958358276004
46.47925749114866
46.59059902064501
46.78469627403443
46.87519035810373
46.93424634563907
47.0946435368699
47.134477597506454
47.43878588272592
47.43614434678965
47.355381790750684
47.44726426319071
47.59959455535511
47.768766156180156
47.80220115165538
47.882673825112214
47.928263253381154
47.955929307713824
47.95525303409776
47.879953766506105
48.05362888064079
47.957965616930146
47.722337238912935
47.959821038259996
47.75133099596496
47.720343527494
47.69189362283347
47.65251573272892
47.57713556152069
47.576412490238255
47.52125108244688
47.49814706115968
47.442976856510526
47.23282207489834
47.481121946775936
47.224148723338
47.379214438347724
47.20618248757814
47.08170021751498
47.133089642980565
47.00934959157163
46.97690028984873
46.86353165848005
46.971274378316615
46.81552049970242
46.68142510868423
46.7580304550334
46.76423290288449
46.61128688965435
46.46419620719565
46.42134303173317
46.41851018678447
46.232007344865366
46.4216734749994
46.183595787204446
46.20564205227589
46.262785446260864
46.446945755276644
46.46664841267857
46.71845661912594
46.87936257005152
47.193289952459224
47.284745586496996
47.361923220237124
47.435274016938635
47.66151020997608
47.87826895383619
47.92615872685205
48.07768580631962
48.04677220895339
48.132096516252325
48.11956009961353
48.037312830319344
48.22926581033522
48.27281533895202
48.45271539202252
48.28093351363628
48.3893194078611
48.279280020451544
48.236773530253515
48.226812721474
48.10835769812954
48.10948197480685
47.98078278711961
48.01669534247615
47.92257228272272
47.924891554037146
47.91119948378805
47.688399509811596
47.55929985454733
47.46985047508977
47.29318504460037
47.208814166720266
47.22462676669441
47.19713494378889
46.952973383313896
46.91735561696202
46.93672433065719
46.55404686807047
46.49416395272546
46.47512622374688
46.59011749523698
46.29750327930702
46.396332554368584
46.290431952876524
46.25326171054265
45.94179705213349
46.07576769869654
46.18125559161815
46.145757881453804
45.90162240602271
45.73824619652855
45.72716687114466
45.68154223937348
45.884614086227494
45.89654575061563
45.84461501366071
46.13161772668394
46.13267000971582
46.263725504778634
46.45595876485657
46.57410265178334
46.726230622954866
46.7602253753001
46.87781972179713
46.85656550205522
47.011418031537815
47.118018197940074
46.98732636514824
47.11027430077434
47.13328635434972
47.08975587093429
47.214538345456525
47.24705959338322
47.312695170154335
47.44717603284964
47.365264082771034
47.3695800052679
47.47701124178881
47.572223887428855
47.574921455650475
47.601101302953346
47.816826014471786
47.70315043009984
47.8351149985388
47.97422772075892
47.95221828495715
48.00506162201483
47.965539543434595
47.75964845560642
47.78019916354731
47.585161604883545
47.4627393417483
47.61901191160258
47.35909451558609
47.4058162647053
47.34698958147231
47.299470463752726
46.971145557504315
47.15890620591456
47.17167299461549
47.021249132886275
46.8141990428586
46.92829534208147
46.898317133206824
46.795608620526004
46.76535743532069
46.90851895987753
46.61082090071148
46.799795185056524
46.737164746848826
46.67278306930867
46.54325208854848
46.51529165473177
46.3357659853447
46.48724464939016
46.38679666943951
46.43968354170477
46.65236910606342
46.555553317640985
46.49256441565709
46.50384184037662
46.67914144071623
46.72973399215747
46.73634542196405
46.829656307647156
46.8925890014872
46.88749494045693
47.08186036810128
47.124748131956174
47.282735496251064
47.36299895145892
47.31544049160677
47.440271480411184
47.56211877429605
47.618511009560066
47.897829794004444
47.99580606834687
48.017136420080405
47.99764747798935
48.01347351675471
47.918503721303274
48.02462590054417
48.16196183323552
48.17866904657915
48.060208941847854
47.92942374061611
47.87914815119759
47.6954205169484
47.68769101875899
47.58323248623677
47.57265303427214
47.25653213829566
47.393342587781355
47.05699754358171
47.13016422537161
46.940984057503755
47.06321059331366
46.790146208963854
46.71156167293756
46.857964572815995
46.711119406047416
46.50591683796049
46.50603779566927
46.26932591980303
46.37300519359406
46.22841475623965
46.305427673834224
46.39279726583307
46.43408544574752
46.20855581309053
46.035717193727145
45.90570267994732
45.816518365142606
45.71859796901169
45.73120348259355
45.69242010975939
45.7677633135629
45.97594025676605
46.03049048006718
46.106145366902595
46.36430841100866
46.56700832883687
46.53164077989788
46.62262316044909
46.57405070821928
46.80258433896016
46.834267606965874
46.97840885370733
47.02600551594934
46.90939401094735
47.18904881903017
47.19812280325774
47.31742208184123
47.36250492734531
47.401910514319916
47.586218337037394
47.359231519655445
47.40710748112687
47.463874619353525
47.39345580918992
47.455511312577904
47.4530906383736
47.61377518188177
47.41881091280337
47.56992580648962
47.32643899682238
47.47201871542191
47.4161788662493
47.296275272965325
47.23560393489002
47.09905226371853
46.98054092102668
46.83158239105317
47.07635754033687
46.88943398545637
46.794123187000075
46.70155424892131
46.514199308637444
46.273335497291335
46.33768019436664
46.34163197202554
45.921617301004105
46.073529627611585
46.04801970017199
46.02418268669271
45.75555888881213
45.715734651304416
45.87700532431568
45.94217404328024
45.85545466581202
45.76156333887278
45.814052934258875
45.65676772242431
45.801977804943185
45.74723297278187
45.63101520110265
45.71330264261737
45.69963659367634
46.0798703835616
45.98381390545696
46.268643921821436
46.28215908013327
46.52523419149075
46.708824514064666
46.774257784881925
46.93417775703249
47.02683157302853
46.90202192699601
47.03249140947665
47.11135421554451
47.17453338832849
47.26905809374352
47.13575953574514
47.25624997454827
47.29858118944272
47.2395740882101
47.23836902011571
47.4156366109246
47.40467250003608
47.4600329961948
47.44375141188078
47.50976344666284
47.61544055241916
47.61172090097168
47.69602514693995
47.789958816283715
47.585190381799144
47.66954856179931
47.68567134273968
47.56622392150373
47.586918271336565
47.44529853031389
47.09478476465964
47.01514358555072
47.03301617466687
46.970004697240824
46.791140955852896
46.9983575591816
47.04375719270037
46.825039831855634
46.98355317259996
46.88243763625614
46.871705888479575
46.65611843228698
46.63790460301208
47.420527965023055
47.027379992073605
46.890851651038794
46.71018342622526
46.35023858557276
46.16741991491272
45.89159887621501
45.851918656022896
45.68897357988566
45.69051088198851
45.44049099385845
45.483984746257974
45.30452004610214
45.39399979696017
45.307394799738084
45.28889766039489
45.15477861426076
45.152925031418
45.13131230083103
45.35797371154982
45.35318205720286
45.56226651532105
45.73302733700261
45.82293859302257
46.26912417228872
46.20760086509619
46.30824836892831
46.378160255541395
46.536777208096176
46.74982781734035
46.86185942595766
47.12273374120296
47.51307363624438
47.50097578919121
47.67216755434569
47.87522645299611
48.012431032221365
48.48041658958815
48.68771456053891
48.81283417685176
48.85165920706411
49.12988231370457
48.97797443733187
49.02673741418489
49.06425492756257
48.818204407504254
48.81383482715066
48.8345438025114
48.64790455058082
48.6243195255531
48.53028031267375
48.386811134021464
48.37002692631043
48.29050175521754
48.18737108628708
48.17101824237774
48.04261410480249
47.65652005223566
47.779698166537706
47.38298154623124
47.4170188340207
47.23685770078276
47.00005597425887
46.835200733979725
46.58955064384767
46.65578930467553
46.38481586257686
46.24617718541054
46.06284181968632
45.99202393498248
46.09295279198974
45.843574390322026
45.75725358356028
45.65704566496573
45.51696733990446
45.7960107846467
45.72002550167389
45.66255479067414
45.89633182450802
45.94616420474158
45.999043873771974
46.1071508099117
46.13735802986221
46.30166221947005
46.49211132049275
46.699319855502374
46.83167048926127
46.949169826674506
46.84650229708443
47.11203138750678
47.17514093067902
47.507273048732884
47.652787593541476
47.83336457862849
47.8706694547603
47.989535036945334
47.878121132127966
48.07961868955978
48.19173066452274
48.171738016590396
48.34222698781019
48.396678185380004
48.231083764957745
48.34394284678568
48.38989865944496
48.327979804396556
48.3389886466001
48.353819389434555
48.02134785497206
48.15312723987803
47.999089742378935
47.91200107788785
47.91544122085531
47.76818216863789
47.54403016291272
47.22136168610671
47.29843396910553
47.18708452951709
46.92126401721023
47.03414375061378
46.79833413468094
46.61158528622923
46.562707000297884
46.453891555264136
46.29819864968165
46.110362120278545
45.9054142276791
45.67104476182459
45.652139083641124
45.46378825295781
45.570060223105
45.47319222240864
45.45092272091575
45.5463495109423
45.46264671733274
45.571313607152604
45.590386948926835
45.68468335996403
45.65470789896593
45.60617495024222
45.76208326088202
45.559715373404764
45.606578495929675
45.7932722188104
45.64874331690401
46.024354737176274
45.83962280756553
46.203247636072156
46.07472788488749
46.16853350470469
46.41658885724841
46.6160127780079
46.71177620460614
46.731291678760606
46.764633523258354
46.85686010760276
47.031936628818656
47.15510609554861
47.51644849013851
47.57317764699688
47.8569598961063
47.66432380824396
47.81445999337757
47.731196755621305
48.03229414857793
47.891954785823295
47.77428629234941
47.78845306978802
47.774510119679434
47.91704180833406
47.78906543387957
47.659610475805366
47.70496356571036
47.564434801441784
47.53582093685264
47.432503786840975
47.41752145878096
47.361618143077386
47.31723322485236
47.39055375571139
47.008237337059846
47.119248756435155
46.91120994577123
46.84403782981327
46.705468358916086
46.6730001872099
46.529177721420105
46.43899277910285
46.2355632784649
45.95086445594162
46.09007648536668
45.90156149533712
45.8075638173139
45.65861776801082
45.49480020380585
45.444732148104485
45.503208409867355
45.56003080508219
45.519077924724655
45.64990878670493
45.655104225107515
45.709995178038184
45.89609637542795
45.814130331414674
46.02463038733198
46.31372482558255
46.28384699083011
46.53886876704904
46.620964844496804
46.63245531729417
46.843308560142944
46.87191195258375
47.09260421843392
47.136027435698104
47.28809135227703
47.259875273742765
47.158328005506725
47.277255438772556
47.464454047989015
47.473685644803716
47.66935882260211
47.57094194087953
47.6604070527479
47.699502628862305
48.041594661656184
47.973097386464524
48.09344069528994
48.12178518877291
48.19757997540997
48.32883025526132
48.19651058495869
48.10072779447344
48.043123294937956
48.02070370914657
48.0348583719499
47.93644922132325
48.07880659712581
47.89384530368071
47.842762823374244
47.651934505197694
47.748647758149716
47.73162112547583
47.74782435283455
47.51103694658113
47.4588034969678
47.35937508243892
47.081035034451844
46.84210673310527
46.631618438991694
46.501697577092735
46.319943778334085
46.3375705996507
46.23060179921588
46.180846911601385
46.029970993755335
46.12233593686385
46.28974497532113
46.34213698666656
46.31283991174523
46.23940182866525
46.178659560727134
46.28988097160325
46.25022073363406
46.187553680007106
46.26263617589216
46.1457742838796
46.32772005994885
46.30913582182908
46.30407311421115
46.19911991479744
46.31061566705064
46.56854864989062
46.54708584393227
46.73008824464187
46.60147058767455
46.9081048755357
46.849790563120294
47.19359948044526
47.04036769871018
47.31650359485329
47.418293369182784
47.39346176207135
47.80649228350045
48.058997017492196
48.14521519395948
48.23485299532926
48.234066485124764
48.239666774687315
48.22846369139295
48.09689456122795
48.363028433276575
48.330437552325556
48.382603524918764
48.42130806407395
48.51054234760024
48.22529269097587
48.26828283820882
48.35801890909262
48.164166528413475
48.274492187440785
48.01327823401965
47.848017107722264
47.666133432408124
47.37374057879856
47.37255453585276
47.20201861680811
47.11445093257271
46.988471517208495
46.75904775616985
46.58073216846678
46.4259285863612
46.310424608681004
46.25124918188977
46.37767770457423
46.10658335366241
46.37256646990672
46.364134567399326
46.467515036840204
46.39708774466997
46.40322483590689
46.261023333379065
46.427240896337764
46.382124059193146
46.59159030739505
46.50867361412974
46.48968185432919
46.66233905058169
46.67079337114801
46.776064789865714
46.74453865267456
46.69873380622717
46.964266071149765
46.84667260318402
46.911479616946814
47.11099605099548
47.132851290423574
47.05115941086781
47.04684691575844
47.013021745403016
47.00903470227302
47.28891562785674
47.3559543117688
47.307704216132784
47.23711025980154
47.398884082940924
47.4723913601325
47.3734762526104
47.416928079006595
47.349015478882706
47.45626358806077
47.38693357386656
47.33747529446952
47.315551398550674
47.3923960740599
47.18029020562177
47.376488221370145
47.246746236761965
47.22004054192813
47.35360926030963
47.296278372299774
47.317965930026105
47.11161358216249
47.28761567879478
47.31177080074975
47.2044760712509
47.30487056201708
47.346585950723984
47.1918204218379
47.09257599677215
47.133364764668826
47.04268611373523
47.06156955101675
47.002208748679486
47.02739269391936
46.80376628941756
46.85881619947338
46.74661101053205
46.61023931408371
46.788221134357606
46.60215427393193
46.68047720706288
46.58344475101231
46.542611003878015
46.468699225398474
46.453439058733856
46.64130824864702
46.24878610513036
46.45590250971105
46.491699173310174
46.30765412971164
46.30111147579457
46.25406275513577
46.365775884590775
46.47916667751795
46.337885891118546
46.46705985907196
46.5424613758992
46.67030566907419
46.77183316555155
46.75911422065765
47.09872063888811
47.19425313708769
47.3645253938006
47.35241679822377
47.500948754103746
47.50029173643898
47.5990258235179
47.56806346771869
47.54064595793958
47.39553574552763
47.30815159611095
47.40981509389787
47.26765511388279
47.407132262000985
47.501259375040895
47.4286108533472
47.44600264877335
47.44812853486981
47.4441715592711
47.398952282518664
47.66815800822141
47.630127258883164
47.351806911693444
47.32877678454445
47.36678116794245
47.39478122708859
47.465303919580975
47.338463872958634
47.226212936478895
47.179940667979835
47.096752589905314
46.83122287005635
46.93470043341212
46.81245509990304
46.81499786623255
46.82090742216174
46.84865089185181
46.827259884464056
46.79915243125906
46.94520506509141
46.912192202189196
46.79143921300409
46.74164599419708
46.811687411731874
46.691281417162934
46.710451027802876
46.490551241495695
46.859407716153285
46.56223086605017
46.631114295894974
46.53144083991046
46.64449440767783
46.77198548853971
46.83312169904058
47.158929829316506
47.224272499250404
47.2589255927312
47.32950724925566
47.17067977109206
47.34993736962929
47.48734580510821
47.56833074985903
47.42564056708185
47.461446130965356
47.36847385981236
47.53893835753629
47.52665720115953
47.72576623787049
47.66596666751171
47.801904048291696
47.703774210238585
47.80469690388368
47.792095981726895
47.71476118668831
47.75620288936922
47.823191650174685
47.792305059278135
47.58273301960795
47.473674091203875
47.52273997799118
47.62135619272769
47.42416040582422
47.45024431271507
47.55888010806749
47.61862065020221
47.60337407863869
47.75294831372807
47.741095605041515
47.6074805420016
47.60227728978625
47.45415192969231
47.41870868420356
47.17547032265749
47.17092342313167
47.19550986859038
47.178636080899565
47.12648507586477
47.17170586528499
47.263706671918115
47.35288920203071
47.281476130962766
47.36973731112358
47.38618107177326
47.25909987619668
47.216416708293046
47.25179606209441
47.15212832493971
47.27766199047801
47.221130361997794
47.25951966075528
47.13101892205519
47.19440870691233
47.384491259327646
47.476837065363604
47.54513249567698
47.430336913138085
47.50398647227132
47.434777208935365
47.304532028407586
47.1413641985625
47.06099423838032
47.05431769132758
47.101597151245116
47.003589347092124
47.121643093600554
47.138271373090106
47.21192537983273
47.47246526221577
47.35594026318367
47.45461175825389
47.53025005679959
47.41210383545414
47.349974800815076
47.22162713449472
47.33545524027319
47.27678367625617
47.19655872058441
47.38498522915981
47.168486829235384
47.435537705827265
47.259742649527915
47.430234934387535
47.63780214571175
47.59164645238598
47.436275916511136
47.44039939827236
47.43489002071962
47.32068254345686
47.05611546550877
47.066631440678826
46.82967957490491
46.845252838016435
46.704196917025236
46.604517862369086
46.775239560114585
46.77044681730281
46.79737941285297
46.859472449961146
46.91314501124064
47.05029987123977
46.87090807012859
46.8754667177063
46.77485997208505
46.78478208283804
46.706457137950004
46.70989928727061
46.78765237966993
46.887700367771394
47.28729141509003
47.20839327738746
47.49347306089159
47.5413977933308
47.537094534723245
47.719259910458774
47.58362231902893
47.24411456336953
47.31665947892077
46.9673648982987
46.90700123324916
46.66039947982865
46.61975688699454
46.92628570864077
46.98837200773803
47.30787574613554
47.09595850003339
47.47100700433165
47.56563889115633
47.71872466431718
47.61500138187965
47.48758228297612
47.31965453915515
47.416951823639565
47.165881476285236
47.049265192513445
47.138477705386244
47.148129070059554
47.17233268983295
47.42642626583074
47.427655856051615
47.68459485953488
47.67314588272097
47.86998195118298
47.694883665717356
47.47611105166464
47.41017906526448
47.13794512814458
46.871211974929835
46.73885553658048
46.51204716504526
46.422256437655534
46.400267788956306
46.5253401471259
46.654376135119605
46.791652350026936
46.92756388172758
47.09273547071629
47.06342944923538
47.00404437175313
46.948571150969684
46.83907166454312
46.90204373596983
46.811495495496494
46.92507349195836
46.76994614929224
46.82505630249627
47.12662308112524
46.8303688200861
47.3358479657722
47.463209497205646
47.322767464608845
47.27552083400359
47.28743204288193
47.27141614570218
47.34171087946548
47.16339474672468
47.06740362598716
47.00592268653969
46.93007805660654
46.99203964043683
47.256150354652256
47.22169781736314
48.090829555396
47.624051481706445
48.140611712549926
48.21031432180105
