x
0.06504515093
0.06750987699
0.06847776257
0.06812671705
0.06691503059
0.06446793814
0.06150921058
0.05846209892
0.05487624930
0.05079071001
0.04578597402
0.03988142566
0.03370825447
0.02676965772
0.02320174154
0.01352969544
0.00688750912
0.00003994381
-0.00713263931
-0.01494508155
-0.02189851392
-0.02857403966
-0.03461279119
-0.03999986618
-0.04511200207
-0.05056286495
-0.05501906271
-0.05926966497
-0.06275686369
-0.06395646961
-0.06648565380
-0.06745367076
-0.06799065088
-0.06761366715
-0.06645056909
-0.06415247121
-0.06115447129
-0.05743179554
-0.05335045863
-0.04899478833
-0.04430187329
-0.03911978255
-0.03303984065
-0.02662130257
-0.02359303440
-0.01291272318
-0.00591409344
0.00054575077
0.00732463083
0.01419338108
0.02112155712
0.02791343067
0.03440727953
0.03990618005
0.04512952935
0.04965873384
0.05415730093
0.05781488992
0.06129574006
0.06264859505
0.06559117756
0.06635982223
0.06654139190
0.06588105196
0.06450180126
0.06271800536
0.06011084138
0.05657698592
0.05247469171
0.04772834557
0.04237904566
0.03721209999
0.03136567409
0.02542700578
0.02246516594
0.01217878303
0.00501297631
-0.00178082412
-0.00882094905
-0.01568783519
-0.02230422264
-0.02872650558
-0.03494397140
-0.04098124834
-0.04614445188
-0.05112009998
-0.05556419849
-0.05915887596
-0.06228567695
-0.06341236108
-0.06639933393
-0.06755944397
-0.06784258254
-0.06744526904
-0.06631033186
-0.06440319132
-0.06171929195
-0.05871288599
-0.05485150740
-0.05070696173
-0.04602697848
-0.04086695377
-0.03520390081
-0.02921588396
-0.02631160402
-0.01594616774
-0.00899458569
-0.00211639796
0.00458037537
0.01150585139
0.01832296430
0.02484073909
0.03138554653
0.03742218653
0.04320950498
0.04820649036
0.05253775254
0.05661576564
0.06008919014
0.06133694286
0.06476149052
0.06614349565
0.06679223880
0.06644503533
0.06557210104
0.06404118230
0.06150329270
0.05846615794
0.05471643707
0.05025372033
0.04525772903
0.03979825449
0.03419914947
0.02824538564
0.02573447434
0.01506936360
0.00809554329
0.00092872379
-0.00605776998
-0.01297237912
-0.01983184622
-0.02648047963
-0.03288343001
-0.03909920268
-0.04494279454
-0.04976023825
-0.05433895926
-0.05834590714
-0.06162476460
-0.06293096780
-0.06633435990
-0.06767553569
-0.06825659036
-0.06793732715
-0.06698146041
-0.06531765893
-0.06299521375
-0.06006603416
-0.05656307066
-0.05255121048
-0.04796569456
-0.04253806286
-0.03706086845
-0.03105914396
-0.02832724331
-0.01793303219
-0.01119629623
-0.00411103583
0.00267264248
0.00966586045
0.01649178938
0.02309229675
0.02965568240
0.03581721438
0.04135408246
0.04682783423
0.05127866784
0.05554018368
0.05904901756
0.06031389776
0.06414762439
0.06565207280
0.06661586843
0.06670019218
0.06617683239
0.06472947440
0.06248620481
0.05970400228
0.05619572595
0.05205998996
0.04746384868
0.04225606688
0.03689078858
0.03092880240
0.02843418268
0.01783916866
0.01092643295
0.00386394270
-0.00310249274
-0.01011161320
-0.01711163819
-0.02389891375
-0.03048328688
-0.03685326030
-0.04255712224
-0.04782582635
-0.05273265459
-0.05691355677
-0.06056212768
-0.06181232139
-0.06586926305
-0.06723663263
-0.06807917517
-0.06815824408
-0.06749348617
-0.06610543082
-0.06399760464
-0.06141526103
-0.05810124821
-0.05421533497
-0.04983079415
-0.04490064885
-0.03956778296
-0.03387600441
-0.03123989683
-0.02114017762
-0.01452127454
-0.00767413466
-0.00088100216
0.00607429565
0.01285977982
0.01934737890
0.02591226993
0.03198824043
0.03785401883
0.04347363579
0.04831982579
0.05301030602
0.05663643330
0.05825836601
0.06267375101
0.06456558546
0.06590998155
0.06638052457
0.06634031783
0.06527559288
0.06377383334
0.06135904419
0.05828904909
0.05472299505
0.05045270542
0.04549802231
0.03983967480
0.03420887542
0.03147745756
0.02114519284
0.01424853466
0.00710576658
-0.00008265874
-0.00719700012
-0.01433798394
-0.02117949404
-0.02807124752
-0.03452589002
-0.04067540855
-0.04641114605
-0.05150715489
-0.05611632149
-0.05997706391
-0.06122183564
-0.06575960426
-0.06768549957
-0.06856118754
-0.06899336584
-0.06874578918
-0.06743418591
-0.06579917366
-0.06326718428
-0.06015772224
-0.05635497599
-0.05203863848
-0.04696102337
-0.04138326760
-0.03567301363
-0.03297366439
-0.02270416320
-0.01609641921
-0.00912787078
-0.00196778027
0.00513514448
0.01177008749
0.01845852333
0.02485472786
0.03112266603
0.03706331909
0.04247860917
0.04751251280
0.05198439653
0.05593927437
0.05755324316
0.06214078126
0.06428826451
0.06589979395
0.06645342476
0.06642428343
0.06566007152
0.06408195022
0.06191700066
0.05875509195
0.05517975584
0.05120108978
0.04638083439
0.04099430429
0.03534379088
0.03270006079
0.02322738800
0.01634232992
0.00961483979
0.00265197967
-0.00437974430
-0.01153371506
-0.01830335133
-0.02520326687
-0.03165159456
-0.03764021062
-0.04364034806
-0.04866845747
-0.05331088540
-0.05745351109
-0.05922690313
-0.06398147460
-0.06605172316
-0.06752084127
-0.06828940371
-0.06829630930
-0.06754512813
-0.06601323726
-0.06408498185
-0.06118266961
-0.05759227711
-0.05383619939
-0.04903759010
-0.04409797258
-0.03839358825
-0.03578976242
-0.02584776083
-0.01905991385
-0.01194482534
-0.00522317590
0.00156352831
0.00850688286
0.01526432282
0.02178949107
0.02834647566
0.03449997539
0.04043216036
0.04583596644
0.05049719813
0.05473396026
0.05653947276
0.06162823320
0.06395846854
0.06564122456
0.06677385601
0.06709536870
0.06642972886
0.06513119324
0.06322337991
0.06059074650
0.05719145859
0.05326753647
0.04862814369
0.04348028664
0.03802439555
0.03511979270
0.02572959103
0.01919618557
0.01211258545
0.00497435900
-0.00231464525
-0.00907120341
-0.01616189373
-0.02309490051
-0.02976900922
-0.03585425496
-0.04193326857
-0.04735834414
-0.05223535919
-0.05658566985
-0.05814641164
-0.06330339620
-0.06579871772
-0.06765960482
-0.06847014254
-0.06885473189
-0.06827416579
-0.06708914299
-0.06521307411
-0.06260885153
-0.05949775418
-0.05567811881
-0.05143407135
-0.04653858452
-0.04121894941
-0.03887685469
-0.02918518747
-0.02247186658
-0.01564099389
-0.00874410190
-0.00163616079
0.00562056631
0.01234648590
0.01875488105
0.02538274866
0.03131827594
0.03716447272
0.04274256253
0.04795451693
0.05257373583
0.05433849519
0.05985206423
0.06246212801
0.06451266233
0.06556426497
0.06629454323
0.06627224187
0.06535341969
0.06355463300
0.06102667016
0.05794041847
0.05414446905
0.05006240339
0.04522323819
0.03962793551
0.03720381456
0.02787265247
0.02184205353
0.01517766345
0.00832560269
0.00170134244
-0.00552719458
-0.01250787360
-0.01936855860
-0.02621931590
-0.03244630689
-0.03840828981
-0.04420581938
-0.04932041716
-0.05391425617
-0.05574931024
-0.06128252601
-0.06391512210
-0.06595934680
-0.06716600781
-0.06773139185
-0.06769477057
-0.06695659855
-0.06536479237
-0.06307696834
-0.06044014762
-0.05681377946
-0.05272383842
-0.04831989608
-0.04311778069
-0.04083209807
-0.03133135524
-0.02480830788
-0.01818289621
-0.01133212557
-0.00417019091
0.00277426305
0.00950291228
0.01639325522
0.02309845502
0.02958775692
0.03547472862
0.04105255352
0.04634853610
0.05109022944
0.05313309091
0.05905227229
0.06203396674
0.06430550924
0.06596212813
0.06702612244
0.06691012107
0.06662052101
0.06527115922
0.06325129709
0.06037483259
0.05706109871
0.05286175282
0.04832174223
0.04294625367
0.04026223181
0.03137616362
0.02494788404
0.01858279038
0.01153424168
0.00431638638
-0.00280333763
-0.00964641068
-0.01672934676
-0.02351202223
-0.03017553660
-0.03643284520
-0.04244611256
-0.04786002790
-0.05278726990
-0.05450739046
-0.06056052101
-0.06346708824
-0.06569702564
-0.06749613255
-0.06832891706
-0.06840230169
-0.06774399835
-0.06644404532
-0.06430416022
-0.06172358668
-0.05857040612
-0.05470248661
-0.05027927893
-0.04499797052
-0.04275668401
-0.03346559677
-0.02691929335
-0.02057501297
-0.01385571624
-0.00653573816
0.00018166868
0.00698680025
0.01375930514
0.02031067016
0.02681227459
0.03289257827
0.03899011700
0.04416298702
0.04921595756
0.05111673034
0.05725382555
0.06026182705
0.06282042496
0.06467108612
0.06605121401
0.06667049853
0.06648019865
0.06531723721
0.06351290355
0.06096058766
0.05781463039
0.05376067395
0.04953424404
0.04442773043
0.04157794406
0.03330165570
0.02725519183
0.02101536144
0.01425244234
0.00734277810
0.00024522295
-0.00662571998
-0.01372574124
-0.02050507790
-0.02706634964
-0.03330084678
-0.03960701545
-0.04480090204
-0.05016301852
-0.05211967396
-0.05863677105
-0.06171949822
-0.06431336800
-0.06641051384
-0.06729274888
-0.06779596372
-0.06760971889
-0.06659357034
-0.06487117569
-0.06259813171
-0.05987023204
-0.05614002929
-0.05211586566
-0.04732483885
-0.04544361631
-0.03652002746
-0.03048000752
-0.02395902755
-0.01726417336
-0.01066357646
-0.00350227526
0.00334742792
0.00996553902
0.01673754599
0.02322421415
0.02921033423
0.03522080560
0.04099064096
0.04600060142
0.04834562403
0.05499428407
0.05853000264
0.06137788353
0.06343588588
0.06494220126
0.06597518334
0.06612969559
0.06536951575
0.06388972834
0.06186177732
0.05872211593
0.05549988884
0.05134948634
0.04653558072
0.04336294402
0.03547283798
0.02957358522
0.02332644944
0.01720531686
0.01015176185
0.00330981545
-0.00392278457
-0.01063063778
-0.01757155138
-0.02425399407
-0.03067729709
-0.03657552899
-0.04249940422
-0.04771893694
-0.04996171728
-0.05676504919
-0.06021670053
-0.06313092043
-0.06525654393
-0.06673198789
-0.06769984941
-0.06772385204
-0.06714726444
-0.06573461917
-0.06375499212
-0.06121578833
-0.05793174235
-0.05413379561
-0.04979313098
-0.04772724448
-0.03949189266
-0.03376784613
-0.02750369248
-0.02077887461
-0.01417262176
-0.00711135076
-0.00027556508
0.00689412341
0.01378729623
0.02071861169
0.02714332567
0.03382651738
0.03965418356
0.04502614515
0.04728634155
0.05416313167
0.05777253173
0.06098911771
0.06472640681
0.06601905024
0.06692509929
0.06703447028
0.06616990774
0.06474541916
0.06239522302
0.05974035373
0.05622306263
0.05209842436
0.04707576615
0.04456151716
0.03606781996
0.03049391679
0.02400425412
0.01740987469
0.01016046974
0.00313372699
-0.00396318867
-0.01102220282
-0.01782837931
-0.02463695960
-0.03093101550
-0.03718998494
-0.04308322875
-0.04815712022
-0.05070776129
-0.05682099754
-0.06030345480
-0.06309549349
-0.06521490463
-0.06683015983
-0.06788292678
-0.06773460495
-0.06709412853
-0.06577634317
-0.06365952338
-0.06125081601
-0.05791612048
-0.05398800215
-0.04923445720
-0.04658965998
-0.03861493902
-0.03268542256
-0.02659606690
-0.01971248390
-0.01282696498
-0.00570936896
0.00127885424
0.00815718048
0.01508046745
0.02172964497
0.02810457949
0.03416187005
0.04007858305
0.04537693525
0.04793947446
0.05433103554
0.05824608285
0.06117356526
0.06396426994
0.06579457334
0.06679554225
0.06715816585
0.06666900550
0.06580362467
0.06375960327
0.06120474599
0.05782171261
0.05384955653
0.04956487264
0.04683878780
0.03888891795
0.03292646531
0.02670035092
0.02036572797
0.01320220208
0.00611132290
-0.00082014074
-0.00795734565
-0.01497678050
-0.02179239951
-0.02837312130
-0.03479701575
-0.04085691653
-0.04647237177
-0.04922997599
-0.05572116749
-0.05930522236
-0.06249806267
-0.06486808951
-0.06682669337
-0.06785802801
-0.06824733060
-0.06778694573
-0.06674784485
-0.06477570557
-0.06251843467
-0.05928675423
-0.05544102378
-0.05112733047
-0.04838275356
-0.04100624286
-0.03521221681
-0.02911680838
-0.02251835013
-0.01585338351
-0.00909184557
-0.00218750009
0.00490072185
0.01188210893
0.01854354697
0.02514286429
0.03129049881
0.03715401992
0.04260533077
0.04545602489
0.05232096079
0.05614128266
0.05982760274
0.06244094691
0.06449894270
0.06593628666
0.06660866284
0.06653055307
0.06564840010
0.06404363345
0.06155363516
0.05874341538
0.05501679422
0.05086522786
0.04851195828
0.04073772654
0.03520421457
0.02939257287
0.02320307060
0.01635848643
0.00962945955
0.00231053773
-0.00458614084
-0.01148208551
-0.01813524579
-0.02506958449
-0.03147144508
-0.03739240596
-0.04339781321
-0.04595451653
-0.05310300709
-0.05675686667
-0.06017821800
-0.06299667700
-0.06512262022
-0.06649085049
-0.06704023613
-0.06688306179
-0.06610388378
-0.06466600772
-0.06252014620
-0.06010838014
-0.05660602912
-0.05285331027
-0.04994927590
-0.04302164560
-0.03739121613
-0.03147687534
-0.02486671170
-0.01816070545
-0.01132310722
-0.00459635235
0.00250525850
0.00914527586
0.01619125355
0.02286305148
0.02893509983
0.03523489900
0.04074647932
0.04364293359
0.05081850784
0.05507055955
0.05882293089
0.06159608736
0.06417380264
0.06576675326
0.06681812564
0.06703389769
0.06661010470
0.06531582742
0.06342582274
0.06069018318
0.05722994904
0.05353596129
0.05132890178
0.04364013467
0.03806758318
0.03231650430
0.02600697645
0.01950729421
0.01266369424
0.00574457421
-0.00148531354
-0.00845135661
-0.01552997096
-0.02214022232
-0.02875078666
-0.03518193094
-0.04107736074
-0.04395373187
-0.05119428989
-0.05559259051
-0.05910954134
-0.06226776631
-0.06453417641
-0.06634896918
-0.06730574017
-0.06764042994
-0.06705951231
-0.06571615784
-0.06380599646
-0.06143106717
-0.05829017534
-0.05452497668
-0.05219791052
-0.04515493629
-0.03964086473
-0.03399473501
-0.02769331006
-0.02112008768
-0.01465285690
-0.00756129717
-0.00066701419
0.00625666478
0.01323789670
0.01980612888
0.02611787012
0.03251973755
0.03872994054
0.04143293196
0.04923444267
0.05389583495
0.05757659355
0.06099089376
0.06389628621
0.06596042260
0.06711306061
0.06776252400
0.06765759224
0.06660492242
0.06485231137
0.06240422932
0.05927513751
0.05548976207
0.05369414914
0.04631438375
0.04084332567
0.03466799471
0.02882875840
0.02260997360
0.01611640489
0.00904965972
0.00226617639
-0.00490328324
-0.01153063938
-0.01832767622
-0.02490037046
-0.03138880112
-0.03746373265
-0.04036480753
-0.04826443703
-0.05294786830
-0.05674856426
-0.06028420897
-0.06321729631
-0.06509350259
-0.06655758722
-0.06690448847
-0.06701342066
-0.06600981916
-0.06466238275
-0.06224027815
-0.05951893746
-0.05600478778
-0.05375333809
-0.04751668927
-0.04240280077
-0.03685014483
-0.03083928999
-0.02451878789
-0.01778696257
-0.01092595281
-0.00393689440
0.00341674778
0.01037147202
0.01738614846
0.02397313540
0.03056340801
0.03652479004
0.03948929170
0.04758930749
0.05222466299
0.05658358180
0.05998748064
0.06283130125
0.06502511135
0.06643130432
0.06745393813
0.06757536890
0.06705147608
0.06576286344
0.06361457195
0.06079969676
0.05738463896
0.05548298606
0.04842919712
0.04328617709
0.03762282347
0.03210002299
0.02578430151
0.01925235416
0.01221370323
0.00543865252
-0.00154978290
-0.00876728527
-0.01564122154
-0.02237098458
-0.02913506194
-0.03554884857
-0.03889977183
-0.04707072480
-0.05173935345
-0.05603206724
-0.05960291213
-0.06263870285
-0.06467846499
-0.06628661030
-0.06733717745
-0.06746025663
-0.06678720096
-0.06549737357
-0.06346721834
-0.06091119623
-0.05789819562
-0.05594854980
-0.04957724344
-0.04456739558
-0.03921406599
-0.03312917306
-0.02680001023
-0.02012246861
-0.01327807794
-0.00622303612
0.00058857302
0.00723665286
0.01429507447
0.02079136654
0.02740135369
0.03356250920
0.03617518983
0.04473156817
0.04970073184
0.05422693315
0.05808813391
0.06116034963
0.06398459781
0.06591556603
0.06704036450
0.06767080902
0.06750926922
0.06640575748
0.06465917745
0.06236546658
0.05927307835
0.05766065708
0.05098512355
0.04609269711
0.04060443049
0.03505675376
0.02882988785
0.02250884270
0.01564406539
0.00877169021
0.00159228239
-0.00537715290
-0.01245905054
-0.01912168134
-0.02585124814
-0.03226404824
-0.03537876766
-0.04406985394
-0.04900244444
-0.05343422727
-0.05722512410
-0.06039788991
-0.06314119447
-0.06516536664
-0.06617456780
-0.06676605712
-0.06655325819
-0.06570102851
-0.06399153796
-0.06155963245
-0.05893096241
-0.05711325289
-0.05139862086
-0.04677453058
-0.04145040864
-0.03603294058
-0.03000980034
-0.02347203854
-0.01696669698
-0.00987156595
-0.00323958308
0.00371857577
0.01107201713
0.01784117500
0.02457253059
0.03077988204
0.03392364409
0.04260573125
0.04780928667
0.05244793326
0.05659100383
0.06009685635
0.06274333752
0.06504871060
0.06667031636
0.06760257351
0.06783161949
0.06711553350
0.06568368272
0.06363368351
0.06079085412
0.05903702924
0.05292140797
0.04803404811
0.04289439013
0.03717066721
0.03114370143
0.02501816487
0.01833775364
0.01149291825
0.00455273958
-0.00248068888
-0.00938135728
-0.01658757286
-0.02316098642
-0.02944997290
-0.03270992264
-0.04171060685
-0.04694233196
-0.05185998409
-0.05597868139
-0.05964841527
-0.06274837348
-0.06486529118
-0.06668108384
-0.06750751093
-0.06756901841
-0.06693524109
-0.06537146643
-0.06342712929
-0.06089338443
-0.05901421707
-0.05323644572
-0.04878483326
-0.04372373353
-0.03809385032
-0.03206793478
-0.02582799666
-0.01911537762
-0.01236586955
-0.00539166793
0.00144837508
0.00853850549
0.01502500264
0.02152644665
0.02803473518
0.03075139466
0.03975693508
0.04533324344
0.05029276532
0.05494428477
0.05854882238
0.06180172016
0.06452599901
0.06647639197
0.06761710675
0.06817712741
0.06782391810
0.06661354829
0.06483753432
0.06218521384
0.06076405484
0.05494089402
0.05040096961
0.04547626082
0.03999464021
0.03409950120
0.02799204928
0.02150706075
0.01468749611
0.00773285690
0.00064470267
-0.00642742123
-0.01337377183
-0.02023956780
-0.02696101781
-0.03039354514
-0.03949287734
-0.04514563095
-0.05018123069
-0.05461545510
-0.05855741404
-0.06195234158
-0.06450662686
-0.06643290749
-0.06742418477
-0.06790708264
-0.06750371222
-0.06632986916
-0.06438755164
-0.06192150155
-0.06017598599
-0.05482134125
-0.05036271757
-0.04568033829
-0.04041066526
-0.03478524567
-0.02889772165
-0.02258253365
-0.01590658213
-0.00916377737
-0.00214603922
0.00454836525
0.01159337979
0.01845113323
0.02519390436
0.02823027943
0.03781766444
0.04321449489
0.04851878351
0.05305015399
0.05728276658
0.06085620693
0.06354696257
0.06548665576
0.06698005357
0.06772145364
0.06762553013
0.06662875886
0.06521169724
0.06281213165
0.06164433242
0.05637446075
0.05213297150
0.04737138767
0.04235374679
0.03682827981
0.03085643533
0.02447337027
0.01786842262
0.01112414326
0.00403400102
-0.00315520532
-0.01031034588
-0.01703483391
-0.02416024256
-0.02788668735
-0.03728807431
-0.04328587459
-0.04856011442
-0.05355959483
-0.05749631354
-0.06090964592
-0.06387815357
-0.06582580461
-0.06685724767
-0.06762846801
-0.06719896234
-0.06637334961
-0.06457501853
-0.06225476756
-0.06115039371
-0.05628612606
-0.05259579895
-0.04764698173
-0.04278933192
-0.03777129403
-0.03201143727
-0.02578849901
-0.01936922685
-0.01227555385
-0.00539369585
0.00188700389
0.00886944101
0.01609536683
0.02279982943
0.02600960645
0.03583040900
0.04138109304
0.04681188593
0.05165856043
0.05588390383
0.05940043934
0.06216219332
0.06451309376
0.06600839892
0.06682302516
0.06707064639
0.06643220240
0.06519202139
0.06328324315
0.06234264844
0.05748212100
0.05365808807
0.04915288167
0.04432592793
0.03896670530
0.03339509538
0.02710237420
0.02073518799
0.01412874654
0.00683644871
-0.00006968028
-0.00723691084
-0.01413676992
-0.02118883048
-0.02481549328
-0.03426153934
-0.04055533197
-0.04595422004
-0.05074273876
-0.05517550095
-0.05899344999
-0.06222781371
-0.06445081610
-0.06616782783
-0.06708432416
-0.06727317804
-0.06687428232
-0.06590322059
-0.06275592760
-0.06200560448
-0.05654746337
-0.05302645773
-0.04865231639
