y
0.02013283500
0.00904273407
0.00199007002
-0.00488922273
-0.01173319746
-0.01818898661
-0.02434157566
-0.03113614976
-0.03764946819
-0.04366485667
-0.04876404754
-0.05312891161
-0.05623113583
-0.05913659477
-0.06087685485
-0.06466055964
-0.06619266079
-0.06696276930
-0.06633029280
-0.06438163788
-0.06226990240
-0.05965638527
-0.05678230082
-0.05349977810
-0.04950447243
-0.04414044884
-0.03812783749
-0.03181474074
-0.02538470984
-0.02242855654
-0.01351558174
-0.00647319895
0.00414948259
0.01143156383
0.01902742899
0.02567797659
0.03177664173
0.03711149022
0.04280690480
0.04773844593
0.05268859298
0.05734253563
0.06101465112
0.06355267565
0.06474803155
0.06687543806
0.06759688550
0.06822840193
0.06789539580
0.06657339661
0.06463161503
0.06173191464
0.05795213320
0.05410449090
0.04995845124
0.04536113212
0.03994414358
0.03440271259
0.02791842801
0.02501170191
0.01408736128
0.00726321575
0.00022995079
-0.00665720898
-0.01352520406
-0.02022713898
-0.02694818209
-0.03317798532
-0.03927362423
-0.04472401836
-0.04946841514
-0.05372772747
-0.05729331009
-0.06049953426
-0.06161062754
-0.06463720382
-0.06566048340
-0.06578531060
-0.06541151767
-0.06407163579
-0.06236763995
-0.05980651265
-0.05667931831
-0.05285414769
-0.04825540382
-0.04336283888
-0.03768605039
-0.03200777942
-0.02599015665
-0.02297677200
-0.01277268680
-0.00587417037
0.00135335608
0.00800287949
0.01515662589
0.02187210308
0.02865580922
0.03466586789
0.04062867459
0.04600435435
0.05086296290
0.05503596163
0.05888853587
0.06182662475
0.06292704452
0.06623036120
0.06745697091
0.06796598679
0.06766507417
0.06680256362
0.06517699001
0.06274650788
0.05974025167
0.05607828653
0.05173396481
0.04716287880
0.04190743382
0.03632854907
0.03014767670
0.02744053482
0.01706297718
0.01025510587
0.00336299479
-0.00378794893
-0.01072780739
-0.01772483758
-0.02443320875
-0.03090674731
-0.03687261378
-0.04253841225
-0.04774642591
-0.05222774530
-0.05615107710
-0.05965812204
-0.06093109816
-0.06437102607
-0.06571842098
-0.06634218850
-0.06625161814
-0.06542163128
-0.06379724103
-0.06149227197
-0.05861708495
-0.05489570484
-0.05041921885
-0.04573610978
-0.04033384293
-0.03467798968
-0.02849266841
-0.02564833882
-0.01503859473
-0.00820014764
-0.00108324159
0.00591392967
0.01273263821
0.01981402535
0.02646535971
0.03273848963
0.03857579113
0.04406349723
0.04900704237
0.05367604382
0.05747472583
0.06097876819
0.06223130533
0.06579943866
0.06721825432
0.06792978190
0.06801127910
0.06716909535
0.06566676694
0.06357265641
0.06074378862
0.05727976621
0.05319313440
0.04853487670
0.04352187689
0.03811124752
0.03218827763
0.02955645924
0.01942991057
0.01262925629
0.00583886948
-0.00116686176
-0.00816856609
-0.01519389961
-0.02187063464
-0.02846472543
-0.03454871948
-0.04054359442
-0.04584729235
-0.05062219869
-0.05493979599
-0.05854427968
-0.05994647284
-0.06391422645
-0.06553199030
-0.06651370007
-0.06662359367
-0.06618123868
-0.06468101766
-0.06269862566
-0.05987267334
-0.05622666895
-0.05231757604
-0.04767993295
-0.04242123803
-0.03687832775
-0.03095435420
-0.02833276507
-0.01791203756
-0.01119442196
-0.00432242687
0.00260579058
0.00961104450
0.01646156438
0.02322479656
0.02976662274
0.03581423157
0.04182533187
0.04677297738
0.05142275765
0.05560034804
0.05914412627
0.06050650265
0.06463079785
0.06630481116
0.06710354920
0.06728216068
0.06691907063
0.06576413355
0.06397270724
0.06144777024
0.05844800318
0.05449675567
0.05030656224
0.04547956774
0.03997735637
0.03425021646
0.03152943105
0.02159421991
0.01493234129
0.00805055098
0.00085733904
-0.00639336416
-0.01309073627
-0.01993935566
-0.02680904263
-0.03304137961
-0.03916955810
-0.04488712239
-0.05037627259
-0.05491175241
-0.05869439776
-0.06045005952
-0.06499100612
-0.06706495742
-0.06831409629
-0.06887059406
-0.06859591664
-0.06761187743
-0.06579660004
-0.06318431911
-0.06009751461
-0.05616002178
-0.05163351019
-0.04649295100
-0.04064303673
-0.03470677459
-0.03206229025
-0.02148745355
-0.01454073957
-0.00760612474
-0.00019755709
0.00692725435
0.01417459582
0.02086245492
0.02741372084
0.03381915634
0.03975073057
0.04530356821
0.05032341403
0.05483679668
0.05864579910
0.06029531089
0.06461863748
0.06642804298
0.06755877990
0.06800838881
0.06776871637
0.06689596253
0.06524866442
0.06288172120
0.05988824341
0.05631040501
0.05198171084
0.04720138455
0.04228380269
0.03652474720
0.03380094340
0.02421071429
0.01756576445
0.01042078887
0.00353722577
-0.00367519149
-0.01063404978
-0.01723845760
-0.02386830580
-0.03015607261
-0.03634794727
-0.04225262742
-0.04735019857
-0.05202435871
-0.05609902151
-0.05785856371
-0.06231460021
-0.06451346163
-0.06598830867
-0.06673134817
-0.06676364030
-0.06612279985
-0.06468082042
-0.06238701966
-0.05957523723
-0.05603684581
-0.05193593686
-0.04725265188
-0.04180271017
-0.03608554016
-0.03343217792
-0.02359751616
-0.01710462701
-0.01040141575
-0.00324429426
0.00369547127
0.01075167199
0.01758139082
0.02419797528
0.03057814864
0.03642470874
0.04219335367
0.04736261588
0.05194905941
0.05625900127
0.05790018440
0.06288178141
0.06525977507
0.06686782173
0.06770004083
0.06782326372
0.06707506027
0.06614428589
0.06399506757
0.06155900166
0.05811411542
0.05398482768
0.04955575459
0.04459226691
0.03921528420
0.03633437587
0.02710673120
0.02047241905
0.01346179691
0.00652404580
-0.00066259488
-0.00816792045
-0.01469035980
-0.02131541791
-0.02792642781
-0.03395113528
-0.04017662538
-0.04529553396
-0.05029023218
-0.05460989032
-0.05676203485
-0.06161355138
-0.06424149371
-0.06612505446
-0.06738583977
-0.06762940461
-0.06714309719
-0.06587941006
-0.06404131394
-0.06148504465
-0.05820765039
-0.05419934549
-0.04948337895
-0.04444595973
-0.03873232661
-0.03618037908
-0.02666370302
-0.01987982990
-0.01316460885
-0.00614104879
0.00091447701
0.00801673220
0.01477918602
0.02156773348
0.02793947359
0.03406853662
0.03976995325
0.04518324920
0.05007284812
0.05453869956
0.05621427897
0.06153740866
0.06414522963
0.06604364426
0.06711095346
0.06756633884
0.06736935793
0.06643589015
0.06464027695
0.06229418911
0.05955565879
0.05558744951
0.05133598196
0.04647428672
0.04138232653
0.03847801220
0.02942065586
0.02303619398
0.01627275592
0.00905186808
0.00233756227
-0.00490158663
-0.01182011715
-0.01831592653
-0.02502464419
-0.03149214953
-0.03755624508
-0.04319610535
-0.04825735239
-0.05287584962
-0.05499608238
-0.06026577639
-0.06285824140
-0.06500999615
-0.06636875522
-0.06703519463
-0.06686617588
-0.06604969894
-0.06434849376
-0.06205876434
-0.05917533839
-0.05531715864
-0.05098220969
-0.04608941446
-0.04054088850
-0.03821971339
-0.02860042202
-0.02231760801
-0.01588784757
-0.00892762820
-0.00201754379
0.00498776988
0.01176073403
0.01869070963
0.02543727166
0.03169450586
0.03758984502
0.04336409178
0.04843474501
0.05308816136
0.05493647831
0.06080956928
0.06351122862
0.06573841210
0.06704469783
0.06773451313
0.06797575145
0.06708024696
0.06578920214
0.06367684198
0.06087554169
0.05722183680
0.05362096420
0.04913469069
0.04393157253
0.04106683633
0.03223809857
0.02595813117
0.01927861770
0.01230411932
0.00557167129
-0.00160954048
-0.00831795549
-0.01542411929
-0.02209041708
-0.02871317426
-0.03477735279
-0.04055272160
-0.04611177653
-0.05101033028
-0.05322788134
-0.05917121217
-0.06204021561
-0.06416192885
-0.06580806771
-0.06686569853
-0.06700202161
-0.06637057607
-0.06505400151
-0.06299504935
-0.06008224287
-0.05676083728
-0.05247670571
-0.04783529073
-0.04247522907
-0.04015679213
-0.03056900311
-0.02432980982
-0.01766992631
-0.01066573565
-0.00388242660
0.00286002892
0.00974350828
0.01648345250
0.02318417002
0.02963707337
0.03574742511
0.04145439831
0.04653374719
0.05147156168
0.05327851446
0.05932719875
0.06256097066
0.06480580978
0.06655511520
0.06732172237
0.06778705428
0.06705712668
0.06608296495
0.06415463172
0.06186673571
0.05851610726
0.05453636301
0.05065280822
0.04552107508
0.04302472728
0.03443928891
0.02824135839
0.02231567393
0.01551327704
0.00846395738
0.00153832517
-0.00581464671
-0.01239888261
-0.01898990395
-0.02567245723
-0.03193022723
-0.03817550685
-0.04354082742
-0.04868143182
-0.05124578262
-0.05724212450
-0.06042256695
-0.06295458104
-0.06511510522
-0.06647677964
-0.06684152990
-0.06661380677
-0.06546543881
-0.06393305945
-0.06148160832
-0.05852282742
-0.05451771587
-0.05016525737
-0.04526191749
-0.04300986653
-0.03384737889
-0.02795123607
-0.02145163013
-0.01460164500
-0.00785945522
-0.00092505328
0.00586925252
0.01266612902
0.01990023078
0.02618024962
0.03229833727
0.03804171441
0.04364743576
0.04843145817
0.05041429539
0.05713820299
0.06042983173
0.06322820855
0.06521987116
0.06648662086
0.06708138930
0.06735819963
0.06649370943
0.06501152738
0.06287766742
0.06010015088
0.05647255965
0.05252559925
0.04820477463
0.04516994402
0.03709081119
0.03115388086
0.02501108252
0.01813664450
0.01138710290
0.00427750156
-0.00274377474
-0.00972929684
-0.01649365717
-0.02312631738
-0.02983523767
-0.03577263513
-0.04141313257
-0.04657313001
-0.04966337449
-0.05555583549
-0.05938384185
-0.06198953804
-0.06428793298
-0.06578679099
-0.06675288949
-0.06692272687
-0.06626234517
-0.06495056069
-0.06287100108
-0.05984553718
-0.05660464202
-0.05241469504
-0.04780930806
-0.04561365605
-0.03653535265
-0.03080320616
-0.02440538038
-0.01772035003
-0.01091289431
-0.00389063530
0.00320453842
0.00980818300
0.01677837352
0.02340066813
0.02967322125
0.03565441963
0.04134348762
0.04662873258
0.04843059936
0.05546385880
0.05914353964
0.06216239340
0.06474492996
0.06634695908
0.06708563089
0.06737371159
0.06704031157
0.06589792819
0.06385094067
0.06164457650
0.05830338906
0.05421031102
0.05007268471
0.04778800819
0.03980529624
0.03389077630
0.02763848101
0.02023908303
0.01351240166
0.00647810696
-0.00078754567
-0.00791022796
-0.01490032537
-0.02190930095
-0.02825596721
-0.03438258523
-0.04036306038
-0.04571966310
-0.04824028169
-0.05463880932
-0.05804872339
-0.06091394320
-0.06309414138
-0.06450491528
-0.06522288390
-0.06515319122
-0.06459652650
-0.06305267442
-0.06097098635
-0.05824935357
-0.05458869863
-0.05072344315
-0.04583474979
-0.04316875664
-0.03487881363
-0.02884619438
-0.02278283628
-0.01623785761
-0.00942918063
-0.00216488321
0.00479766359
0.01160229215
0.01842902992
0.02517592034
0.03167866240
0.03783348788
0.04346619823
0.04884341846
0.05176780396
0.05776784486
0.06137629339
0.06429256949
0.06645465178
0.06811483367
0.06909850438
0.06912430018
0.06862799115
0.06734319969
0.06533960633
0.06284191803
0.05966780344
0.05572985483
0.05148433942
0.04891433556
0.04101301385
0.03548910468
0.02917848627
0.02252071778
0.01559168132
0.00868448659
0.00157926141
-0.00562623879
-0.01249337730
-0.01951549597
-0.02606947289
-0.03248334833
-0.03857805167
-0.04411684963
-0.04660689552
-0.05330058496
-0.05704662414
-0.06004021190
-0.06280344863
-0.06460257364
-0.06558914974
-0.06613024305
-0.06571100361
-0.06453507187
-0.06269102611
-0.06003755529
-0.05677157967
-0.05284617863
-0.04830065874
-0.04570121664
-0.03774520718
-0.03157963910
-0.02544782423
-0.01884270491
-0.01208784768
-0.00535411596
0.00151379793
0.00839137638
0.01509026212
0.02169541010
0.02806595617
0.03460970577
0.04044876077
0.04605304192
0.04901021664
0.05510924158
0.05912054361
0.06240278037
0.06500550390
0.06695581121
0.06821971443
0.06843164116
0.06843284161
0.06740336124
0.06578533208
0.06356033428
0.06059117503
0.05689395768
0.05248356901
0.05014841754
0.04274572150
0.03706188922
0.03102832216
0.02466565377
0.01787608173
0.01117357948
0.00443186805
-0.00264911905
-0.00978958942
-0.01654202647
-0.02348811179
-0.02978177938
-0.03581921750
-0.04169320270
-0.04424755277
-0.05146258036
-0.05552250196
-0.05870069566
-0.06154183612
-0.06372600059
-0.06519074689
-0.06582389272
-0.06564988486
-0.06497827923
-0.06320740622
-0.06084830099
-0.05803601384
-0.05421299300
-0.05009445178
-0.04747285961
-0.03999198978
-0.03433562164
-0.02815556432
-0.02196038528
-0.01547147943
-0.00856986692
-0.00172236174
0.00537984910
0.01209089675
0.01897578294
0.02551843009
0.03162686855
0.03764836056
0.04324341904
0.04626174339
0.05297492394
0.05698098301
0.06081523251
0.06364170913
0.06573791943
0.06726930930
0.06804551271
0.06830841187
0.06760049474
0.06612282203
0.06417437257
0.06150701131
0.05809160817
0.05422747698
0.05190355530
0.04480978108
0.03938428087
0.03368336527
0.02727993858
0.02088990762
0.01409525738
0.00702545322
-0.00001369791
-0.00719994103
-0.01418903860
-0.02076818568
-0.02721709282
-0.03326685663
-0.03919755545
-0.04171329967
-0.04956091597
-0.05375463921
-0.05718477149
-0.06025512708
-0.06273089052
-0.06452705540
-0.06546027852
-0.06584228866
-0.06532041540
-0.06407125858
-0.06231899704
-0.05945678909
-0.05617024843
-0.05242403035
-0.04999279178
-0.04298910879
-0.03728965251
-0.03144542579
-0.02523165559
-0.01880098290
-0.01218792480
-0.00520381536
0.00208804658
0.00885693998
0.01555060107
0.02251185006
0.02884149207
0.03477390926
0.04077803537
0.04355100537
0.05094637804
0.05539734818
0.05945597827
0.06255918013
0.06520911664
0.06699068894
0.06823810031
0.06879296315
0.06836891370
0.06726156120
0.06556369157
0.06328851946
0.06026715816
0.05634860572
0.05458429431
0.04738004437
0.04191197017
0.03630686771
0.03045682338
0.02371207747
0.01722232624
0.01040745876
0.00360757046
-0.00354351271
-0.01062107822
-0.01754740201
-0.02425574464
-0.03082014872
-0.03684337861
-0.03944734926
-0.04773167174
-0.05241944191
-0.05649588802
-0.05980152603
-0.06261686004
-0.06465362948
-0.06598182562
-0.06647932515
-0.06626921911
-0.06556787732
-0.06395570886
-0.06161930505
-0.05867551333
-0.05483845181
-0.05299415603
-0.04588566192
-0.04038222827
-0.03461615963
-0.02830164053
-0.02183757692
-0.01526333691
-0.00820180073
-0.00140080101
0.00571707042
0.01255279177
0.01960657023
0.02586823734
0.03226881663
0.03823953873
0.04130029004
0.04897136798
0.05380724492
0.05786167501
0.06138430682
0.06417015095
0.06635832283
0.06781429486
0.06843461265
0.06874787947
0.06801165785
0.06662240532
0.06458948463
0.06185066728
0.05816896308
0.05625484940
0.04972390136
0.04451156995
0.03902849975
0.03298467493
0.02672781124
0.02017624116
0.01338310793
0.00648205334
-0.00067350593
-0.00761947379
-0.01451205311
-0.02132246654
-0.02790168793
-0.03404737955
-0.03683447719
-0.04561799415
-0.05070890373
-0.05467643586
-0.05842874928
-0.06146749652
-0.06393525287
-0.06556509519
-0.06647770152
-0.06652392299
-0.06614793718
-0.06481586021
-0.06305752457
-0.06012988449
-0.05655021135
-0.05453418456
-0.04767353471
-0.04274359786
-0.03687444623
-0.03066009179
-0.02466113955
-0.01819627248
-0.01140470275
-0.00437621610
0.00240566384
0.00916958630
0.01593953466
0.02260291556
0.02877875879
0.03503581434
0.03820158803
0.04609315463
0.05085086956
0.05530092484
0.05923880737
0.06224103329
0.06475865523
0.06642492299
0.06756976694
0.06777776763
0.06733873950
0.06617621008
0.06451896752
0.06174821867
0.05887435034
0.05713879178
0.05068166367
0.04603360516
0.04049982222
0.03478167516
0.02851227003
0.02203380918
0.01543438407
0.00853442211
0.00165088613
-0.00554236797
-0.01247614128
-0.01923324795
-0.02583210848
-0.03209458632
-0.03494849583
-0.04402158426
-0.04915857140
-0.05347288258
-0.05733433730
-0.06056782269
-0.06303031776
-0.06527660598
-0.06634253033
-0.06698742332
-0.06668279026
-0.06568290549
-0.06397582424
-0.06154674228
-0.05867786954
-0.05634152129
-0.05014479757
-0.04539499674
-0.03974310101
-0.03404479819
-0.02790877207
-0.02136622588
-0.01461394501
-0.00775423876
-0.00077202204
0.00633353918
0.01310426717
0.02020974143
0.02668113224
0.03284472532
0.03610836705
0.04414802302
0.04900227438
0.05378525746
0.05755450105
0.06103166888
0.06379616685
0.06579495242
0.06706708188
0.06761695860
0.06770317607
0.06673816145
0.06541287756
0.06330266067
0.06043938648
0.05875433959
0.05280105392
0.04813406339
0.04295532118
0.03785634070
0.03191247184
0.02553944430
0.01882170875
0.01209412666
0.00502215370
-0.00214579367
-0.00908438292
-0.01600340888
-0.02267993426
-0.02925432936
-0.03204301459
-0.04155401947
-0.04692635668
-0.05167010467
-0.05593695599
-0.05953797356
-0.06233483395
-0.06458416234
-0.06630894653
-0.06710707692
-0.06708273807
-0.06641445645
-0.06506989880
-0.06288891560
-0.06022440599
-0.05823947574
-0.05269264542
-0.04763181565
-0.04234497042
-0.03652681105
-0.03044008313
-0.02379106371
-0.01746139012
-0.01068440441
-0.00359232957
0.00311627482
0.01026512330
0.01699498114
0.02378472286
0.03001632547
0.03373794737
0.04202098597
0.04717206861
0.05176566285
0.05626234378
0.05988680359
0.06306385442
0.06534465219
0.06710022275
0.06791041039
0.06821780065
0.06768311028
0.06645872800
0.06469337412
0.06222977273
0.06089574719
0.05515828686
0.05051598402
0.04566006749
0.04012319158
0.03423009590
0.02800105541
0.02135249001
0.01446481761
0.00734987669
0.00014232812
-0.00680517508
-0.01375988480
-0.02054327750
-0.02714935151
-0.03010962442
-0.03929966099
-0.04496705725
-0.04997832567
-0.05444135624
-0.05824909932
-0.06147238939
-0.06413606919
-0.06613188917
-0.06722212717
-0.06775853815
-0.06747406495
-0.06630574158
-0.06449317198
-0.06202688697
-0.06029719535
-0.05493961426
-0.05031478002
-0.04535653404
-0.03966805999
-0.03371631729
-0.02749034838
-0.02112650497
-0.01428898078
-0.00738610198
-0.00025774222
0.00666926011
0.01350415933
0.02030205491
0.02667941958
0.03039619394
0.03932784723
0.04473458702
0.04968224412
0.05407820050
0.05795112667
0.06141425722
0.06387197080
0.06596314561
0.06731520413
0.06777374131
0.06758721527
0.06659858821
0.06516235568
0.06279479388
0.06139323644
0.05624685782
0.05190801203
0.04740537968
0.04196528524
0.03632140972
0.03045802878
0.02421049906
0.01769036991
0.01075787846
0.00387963295
-0.00334436378
-0.01029329186
-0.01715606968
-0.02380196863
-0.02672404707
-0.03626673274
-0.04196160786
-0.04753741207
-0.05205099289
-0.05613201465
-0.05970075014
-0.06265207182
-0.06500156977
-0.06628907916
-0.06709984249
-0.06703612837
-0.06632466125
-0.06483443673
-0.06253383982
-0.06105751961
-0.05594701760
-0.05201733088
-0.04700787517
-0.04172837828
-0.03620952041
-0.03010541303
-0.02372251574
-0.01703364512
-0.01015903080
-0.00319276687
0.00406645402
0.01085812491
0.01780308549
0.02460121283
0.02804992631
0.03697581926
0.04261677153
0.04775972797
0.05268441225
0.05651424012
0.06015284911
0.06295046761
0.06506805661
0.06658495460
0.06759814138
0.06751287943
0.06682563002
0.06556251417
0.06355388835
0.06233780863
0.05758628403
0.05373811347
0.04946427377
0.04435958305
0.03927305985
0.03333423702
0.02726148860
0.02087252460
0.01415332976
0.00726063245
-0.00007699829
-0.00719138888
-0.01420134552
-0.02106318167
-0.02408968624
-0.03437729478
-0.04033718683
-0.04593856812
-0.05085236194
-0.05502744089
-0.05850146495
-0.06160293871
-0.06390099517
-0.06574927087
-0.06680175085
-0.06727544205
-0.06671355836
-0.06566099500
-0.06408422108
-0.06241947387
-0.05841901904
-0.05441221515
-0.04972840643
-0.04475384955
-0.03918104770
-0.03311947576
-0.02674320763
-0.02018105242
-0.01299341239
-0.00613389313
0.00102406247
0.00798193144
0.01521970255
0.02512931337
0.02920971911
0.03783552132
0.04351349170
0.04846067632
