a
162.44484296819465
154.0585410302786
149.0200129099067
143.53128035266442
137.71920609323482
131.76330247813544
125.66802460695634
119.9776718843376
114.67629691494957
109.07187835055865
103.38961135836499
97.31772230686977
90.98249741042144
85.08272412523145
82.20373819739194
74.50897339399944
68.89721896420049
63.08449971038851
56.75798487017289
50.42880762317201
44.77055786889941
39.42255457303012
34.07521120151168
28.54393607723381
22.32025753902567
15.410112772502659
9.001126441802446
2.8447945876091048
-3.2669929515834526
-5.72366282175638
-14.737740707606457
-21.147630238763647
-27.63195747500926
-33.89303712676636
-40.02767553784626
-46.469942106359355
-52.810383198732076
-62.2529298621618
-68.56048883210549
-74.81797493257011
-81.13493107097277
-87.36065986435777
-93.66325388834404
-99.9081839426109
-103.20697661359519
-111.64364484295659
-117.23798814909979
-122.7138416822157
-128.68205474095586
-134.95023369017213
-141.0870242204157
-147.1345333174091
-153.03604411469695
-158.7566013559126
-164.3757966350114
-170.37433078423035
-176.25796826677248
177.79413050824616
171.93358380526126
169.38282251485592
160.9273558654597
155.46817451867824
149.97644739802112
144.34461170855297
138.7787188629448
133.11947835939
127.35068270901033
121.74059353698512
116.08941627844261
110.32294714873765
104.80436945366874
99.27510791902398
93.80597460221999
88.29754118628215
84.9828084580973
76.99713444038686
71.21205356150087
65.35490910167069
59.58463806918861
53.59250508966993
47.42027743974291
41.49060035826127
35.40891617815203
29.27767144154948
23.082844645210542
16.805801359985356
10.636204439717726
4.580654636009976
-1.622333836262314
-5.064565329928013
-13.712696928730729
-19.938285079627878
-26.215434769275117
-32.37482690831093
-38.67400568565737
-44.82871419622506
-51.34222372850691
-57.70251399623968
-64.01057172092928
-70.35625187610215
-76.55470317028657
-82.54932897246807
-88.38047461723475
-94.74001188562033
-98.33971681065019
-106.60992728724564
-112.70605252341139
-118.63530868528663
-124.81461207975866
-131.0132759764106
-137.46626352796065
-143.5468682011268
-149.6802780191798
-155.59129615875906
-161.08272709897867
-166.73553377776415
-172.33319386849362
-178.0299369748933
176.36477959915547
173.47358964533205
165.2822370510992
159.6031647203836
154.01874917284067
148.39370118942344
142.6631127157174
136.952587833141
131.26074862499357
125.5617994479944
119.87620668711554
114.15753563294042
108.56033425125057
103.01784007636664
97.43755235816094
91.88020622671985
88.57880791681562
80.18092977683173
74.3127833963658
68.21590113528521
62.28123705757019
56.306447018007425
50.04462762138627
43.83430727452862
37.75217220882633
31.569901895098038
25.45216865206689
19.56553099080374
13.363831007485976
7.384569397013668
1.3001107585705316
-2.154339330342173
-11.178908078627442
-17.44453145521093
-23.95032715029971
-30.104641388440236
-36.33529196201343
-42.612034060086096
-48.95856823944465
-55.08347231932485
-61.31486876878695
-67.49665435358517
-73.56314710412755
-79.61206421889604
-85.65752038138028
-91.86984290230696
-95.37682695422912
-104.13986546885353
-110.46842594003732
-116.80100421940213
-123.04360538012487
-128.97785215216226
-134.6512076547786
-140.34816496702993
-145.95820164880573
-151.6330700635903
-157.26657492612355
-162.92087422590447
-168.56933831454995
-174.3975172859693
179.88024017493746
176.6716075348637
168.2281146691837
162.3867155447671
156.58921263279794
150.7341333154733
145.01374869034956
139.28099211578342
133.55282476689717
127.78776639255923
122.1817522813556
116.51774534031438
110.68288477681082
104.74705950643941
98.9764260627365
93.13589094696667
89.68859235031363
80.97264762708288
74.81914710380876
68.75205806856063
62.57106909149944
56.493144854288765
50.4854843634587
44.28419258032916
38.19201229248674
32.08260508335833
25.866749966533106
19.83273284353004
13.863058439353551
7.515588810829928
1.2535323403915866
-2.1535767184688543
-11.550996186908376
-18.104858584257997
-24.21696109589783
-30.445443509499096
-36.64479475432731
-42.83887957068557
-48.95047824070056
-55.113645708871104
-61.18812797897833
-67.09359216745433
-73.25870931456458
-79.32839800141556
-85.39428419932786
-91.52972870639111
-94.78417183320524
-103.60155544361135
-109.6700007656545
-115.46937831285418
-121.40839344388766
-127.15284207872722
-132.77531571050912
-138.4775165502601
-144.21170607522907
-149.94982396369534
-155.65754084570708
-161.53793518855892
-167.2729567227673
-173.06414049302253
-178.9835720201374
177.6903095355215
169.46574239680209
163.7551883961244
158.19251721046984
152.43479916592034
146.96544240056056
141.52043344938502
135.91071245025913
130.13075138809978
124.53626164216739
118.88588579325845
113.19589456836444
107.46799002110201
101.53919737535621
95.72408080677613
92.36020420554482
84.06375547551123
78.39981727906152
72.44343968450059
66.60758850416687
60.77792973932253
54.87835128768823
49.0047710925043
43.08146866326485
37.00677421744021
31.08762041590696
24.975948492941026
18.716696979199014
12.753473544443612
6.573323095716691
3.4346791911077648
-6.019003267690852
-12.385977571659799
-18.78772038216492
-25.074936706466392
-31.350065472094094
-37.88142824149488
-44.28614320667065
-50.73450464168442
-57.21778637338791
-63.69477355304961
-70.20984964151312
-76.61362901831414
-83.07791524969674
-89.39632971963611
-92.45239009565968
-101.30853785210542
-107.13396211035166
-112.96287097434272
-118.69909272774103
-124.57618750505893
-130.16813248370875
-135.90038685087316
-141.79862455115426
-147.65019728966078
-153.38927366665075
-159.21555567194673
-164.87873880879636
-170.63540975622462
-176.34773188961051
-179.53346241847004
172.42071038133315
166.80671188996834
161.16236405204495
155.55301613010116
150.04530594836382
144.35239635874407
138.7180906293297
133.01402281051497
127.28104656742993
121.42159353554153
115.71519654037623
109.80850359098505
103.95921349139671
98.11053376979645
94.81409999583248
86.48957363281946
80.71106166151964
74.77889106029062
68.87541167686443
62.82178721959003
56.98293629154668
50.78236135246999
44.742259557287504
38.66622747904564
32.5599549554263
26.425791247285623
20.19439847799542
14.019069079368903
7.693970708482563
4.929631446853142
-4.906291714292487
-11.363695687694058
-17.807708620441385
-24.01024871304521
-30.594999362326913
-37.07925344550918
-43.473457435149996
-49.85600538044325
-56.08033547048844
-62.563751176598146
-68.81295214800319
-75.07660579586887
-81.04854495525613
-87.37147845386112
-89.73474568649998
-99.3142021116017
-105.15927948954068
-110.98218045470463
-116.7241499715146
-122.50684832017289
-128.12497430749087
-133.85466698827057
-139.3813314224499
-144.99277983857857
-150.7943890225544
-156.35173631997776
-162.18057198139968
-167.68084560368308
-173.33538609367358
-176.64800871929063
175.24546683873552
169.6604035103814
163.97177098369156
158.33079658703912
152.80148839524608
147.02484311342045
141.3949334589816
135.59865634233336
129.79673658655955
123.99563159491026
118.18926189430422
112.36147172946822
106.6750295484247
100.91272731119813
97.90013756797615
89.36526368179297
83.61901489568173
77.87657931080805
72.08363150003632
66.35105130431813
60.385869502850085
54.367677580780594
48.39157802470726
42.445496830331834
36.35981358329791
30.414966743101026
24.409554041012573
18.433476428301187
12.199566056199973
9.751672914964278
-0.007094063569400195
-6.224004626172779
-12.573553159595516
-18.75730365996582
-25.075579985347755
-31.47365772171272
-37.881483025878254
-44.508917619592395
-50.791687421417016
-57.27234312642284
-63.678867988275975
-70.12656271726016
-76.38984837953019
-82.5904442724254
-84.97230849345894
-94.99269740197353
-101.13163805207046
-107.32507636003564
-113.12762532890717
-119.16989137163814
-124.98885779402394
-130.6634628324817
-136.1833665685859
-142.03025762177984
-147.56363746069408
-153.15614708426278
-158.9497075865348
-164.6657553415905
-170.44426595657345
-173.28512167886697
178.2467672490063
172.58785637224432
166.85574498112751
161.19122517815364
155.5838701941932
149.8645151173575
144.27009094515932
138.54911377930947
132.9103479384053
127.24008533264312
121.54728899975112
115.78657711004159
110.08014800507297
104.52676912474205
101.90593116438217
93.1933172772955
87.48373430057514
81.77428876018051
75.94326188778251
70.07060007715438
64.33462383718907
58.20790804256005
52.16414320808025
46.0362228977838
39.87304377095473
33.74266244269666
27.523054872536477
21.311865853965024
15.191394415594724
12.502031129731364
2.6034890461077556
-3.6042609184920176
-9.974665902486166
-16.339341676317634
-22.751558855174146
-28.962375679120832
-35.5325677713526
-41.94026626054012
-48.09531770022398
-54.63525524653335
-61.03114338988991
-67.26424007310861
-73.39870858831897
-79.78730131312064
-82.30602476463737
-92.06383309804355
-98.31582461157544
-104.38139578591871
-110.66783126698614
-116.7436625205715
-122.43028897233431
-128.19753255046382
-133.86597160504166
-139.55981361924745
-145.20336070868106
-150.63646740307948
-156.3391040708911
-161.93653589056552
-167.50227434205465
-170.07007911649387
-178.7736590640121
175.6594138191933
170.06344373414876
164.3599523486125
158.52918487075942
152.92780799016094
147.2805803558212
141.4931530934752
135.8156440500754
130.20233703111518
124.39068134305099
118.57678059799498
112.84476390036383
107.09927484848744
104.49065127774165
95.32017530912144
89.38231962523011
83.46282971601751
77.37041190604766
71.51894543045664
65.69792296859085
59.76956182654951
53.48530708791364
47.563326891483676
41.41365683789991
35.46303712097025
29.461881117165877
23.45063866847054
17.294425868180408
14.660637466529616
5.282556601003458
-0.940752682942958
-7.112771529187037
-13.329711705249697
-19.364423309133613
-25.947591006654292
-32.303371579230706
-38.6727242575756
-45.02170211315684
-51.26045892583463
-57.749493693398136
-63.824050445217104
-70.19621900572642
-76.57234675557878
-79.41680239624789
-88.93088815615415
-95.2396872457127
-101.47405398703098
-107.68559724419494
-113.91181938563
-120.02156436622593
-126.21841905141272
-131.89167753175735
-137.434270726817
-143.04081026215746
-148.58276805300218
-154.01507850799604
-159.57210108957779
-165.13031502804066
-167.53075723649826
-176.26149343143493
178.09285049294058
172.47463052741907
166.80330351085513
161.24092350244695
155.61324207465012
150.1002654795581
144.47390232210347
138.82614463192868
133.35696980285525
127.70322840217523
122.03637241373828
116.25743947241561
110.47142626024359
108.04172854426875
98.92944201439194
93.09623305130775
87.4222023651423
81.43203353114448
75.69241094408883
69.82680645402291
64.09652109724016
58.34668435155157
52.57536362403312
46.42828618922127
40.34930122975896
34.11973877194309
27.971399438280418
21.507722339622777
18.3805587220373
8.855214547211247
2.547077249987242
-3.8195142385129413
-10.248784871338312
-16.741442615578816
-23.14310153094496
-29.531520201106677
-35.73077321382788
-42.31671385847799
-48.5293626294328
-54.736763585658046
-60.980466979994155
-67.08878174580424
-73.38068314729013
-76.39981679289822
-85.62797364716808
-91.77237477924626
-97.64492443782692
-103.54881586724471
-109.43897065986411
-115.13586438086364
-121.03945210453162
-126.77296098023665
-132.46350736088476
-138.04974129234535
-143.7704747365143
-149.39821412122208
-155.14044988043955
-160.94706915992396
-163.46155486625108
-172.42528601430678
-178.0749259837718
176.10566780644595
170.3725920571316
164.71684688543095
159.035773294312
153.43882504448163
147.75194966750627
142.05407622807095
136.42619577500707
130.6899196396237
124.95926070449346
118.94519449602954
112.99954632594174
110.39880683542985
101.57399201543903
95.82271604639776
90.0144516095466
84.18631178381209
78.79244419241213
73.08208948649192
67.42130798653422
61.47657513605684
55.83183207473223
49.74049303512576
43.59517428601349
37.4227965176434
31.007418980564147
24.80929954046951
21.29999794218811
12.24453357286273
5.772297040756796
-0.414221996126051
-6.730873505599608
-12.949515981560188
-19.556968978069687
-25.65847526129581
-31.855539349486882
-38.33420208623053
-44.720340544144044
-50.824021626522295
-57.2904947918565
-63.690766149943876
-70.16898401674474
-73.42911773310992
-82.42152107692462
-88.5504348285822
-94.68643183447183
-100.83052611664375
-106.77804732665777
-112.82503470946259
-118.95375996214162
-124.66352947813273
-130.9209688439392
-136.98492593350335
-143.11630928056846
-149.08131217242504
-155.44541135584635
-161.19142032157288
-163.93247206058305
-172.83400722722934
-178.49664743730233
175.9664481203608
170.279316477186
164.68434814009157
159.32553464639165
153.73737625963554
147.93094813250116
139.75095058029316
133.90961292117734
128.05584748654599
122.2160500766028
116.52306810390208
110.69529232818704
107.66887887118752
99.2443566389145
93.5311489358772
87.74957810023533
82.12634420347726
76.35881567724313
70.42419680494572
64.51568407992562
58.53921784460186
52.535143459803045
46.46088822260091
40.2708023451788
34.06517701497507
27.922695404406
21.547055378776605
18.735350858679716
9.076907963281556
2.7297217690296263
-3.5674439752294047
-10.00510828414738
-16.568468341854818
-23.02309286579723
-29.53258851853275
-36.07940085648511
-42.86029325938297
-49.37836979227465
-55.794148861595346
-62.0648712056543
-68.18874307412581
-74.19808788680513
-76.8218942991164
-86.23161257874116
-92.30302964785488
-98.13930669136192
-104.02345921702656
-110.00787723018892
-115.94373363289897
-121.83748531867437
-127.51321070101156
-133.4441777377542
-139.36055423285364
-145.20721747290824
-150.9985555371296
-156.76386458695487
-162.4439815793634
-165.50384309283197
-173.7293104086819
-179.46161659735324
174.97426103326092
169.4363051559787
163.73727804366882
158.02835131612775
152.28107020665803
146.64622230550444
140.9679446840975
135.25267113469926
129.46726676348916
123.92410258285342
118.13816825294408
112.64748307460283
109.63282123151062
101.32888916647734
95.61269458434404
90.07224540018825
84.17666394389515
78.41655312423472
72.58980545621543
66.77834060585278
60.98097959017351
54.90932676959007
49.06438586086784
43.049591925595614
37.0704630879921
31.222428078857845
25.252515885393855
22.733962491534403
13.450967290935594
7.476930744373537
1.4412708650789128
-5.02968551634652
-11.65924465410676
-18.434597366989102
-25.159927268302127
-31.834049796472524
-38.33971134593911
-44.83958798555178
-51.23507519759697
-57.80750717521189
-64.03384297982531
-70.20008254037892
-72.83704857964423
-82.59443516122147
-88.7921143560428
-94.8381940729954
-100.9161428146054
-107.05062419412127
-113.3498955519684
-119.22693471804355
-125.29844835590026
-131.11543502922953
-137.059437093964
-142.7274807598394
-148.68847322981105
-154.5655636404329
-160.06964440656
-162.64713314681075
-171.29017237031795
-176.959766915826
177.45732539521205
171.88148250444593
166.18554642461734
160.57126267381813
154.9846667550621
149.36157010261113
143.80769021671412
138.25952339234445
132.73477979288816
127.15533577445133
121.59023702738816
116.02621219558324
113.50025116381175
104.58801130895216
98.76428191365522
93.09912485971596
87.30327023320325
81.58800648402683
75.83826190381511
70.03934440213004
64.23204635183946
58.43119375532521
52.66610695364871
46.89302124001048
41.11308545905121
35.373379585460384
29.565092007435698
26.862814131691742
16.780140318015484
10.590948803477739
4.0491262902074485
-2.4735232986245124
-8.8887138359316
-15.222116201495435
-21.857135505300427
-28.185479130308426
-34.66668985780471
-40.94831478980376
-47.20033926664983
-53.42446384428523
-59.57873515869134
-65.92905486348975
-68.56255953936136
-78.5193140135861
-84.6263987337351
-90.72395171280087
-96.90574462844863
-102.90009632342267
-108.8508102513595
-114.73086241387084
-120.54966233994523
-126.3035603440507
-132.13550410730622
-137.72676764579683
-143.227774760684
-149.0926912607509
-154.8197790374314
-157.33471492380053
-166.29821386769797
-172.13939831783662
-177.76818977887433
176.3015170986941
170.50428327864066
164.81815930092685
159.1415394760379
153.59735630599639
148.00647879930528
142.48776363097687
136.7071203642714
130.98357540319643
125.34268756286058
119.68975428152194
117.11503082381299
108.00355359674226
102.17380585579986
96.32290864878881
90.41529030747816
84.77544463349207
79.04826784054727
73.29604144626086
67.62936547598888
61.75637324902916
55.89592793417243
49.88954260569901
44.216426931240825
38.23843454274951
31.983836159471895
29.145381130631606
19.714458789246706
13.5716733683329
7.3257706444678785
0.7334443218580678
-5.617387073191359
-11.905587217995825
-18.35956256736485
-24.739466275283576
-31.2858844847428
-37.60950369296632
-44.033492671538674
-50.26239517607803
-56.829114035509804
-63.14305066049845
-65.95472625828502
-75.71718383292686
-82.66065747072972
-88.73638872058952
-94.86708237809472
-100.68069568209941
-106.68389399958119
-112.47845331077559
-118.36997030375852
-124.11220796474909
-129.9226347506755
-135.64718984390362
-141.40533966641206
-147.1385514978544
-152.91890596796745
-155.27569371041605
-164.23367337479752
-169.92524206006394
-175.65730245788947
178.59316722919945
172.90804981731597
167.23472682959843
161.62872701192936
156.0452384960843
150.41695618926514
144.65621205043223
139.10379371832173
133.52978845823506
127.72855704178635
122.00355325518379
119.43799075441311
110.4349511724487
104.65073822898061
98.88493667062224
93.32831110051576
87.6293858511844
81.85985708875855
76.22561646584853
70.5735827788531
64.58786793916647
58.79888076716086
52.86695651394028
46.86496241854825
41.11418188016519
34.822356857735265
31.867478079193475
22.67829919013048
16.301312361913748
9.863430968091334
3.465733126678097
-2.9668551166373995
-9.532121175219524
-15.768497993489893
-22.444247947106774
-28.815911832550654
-35.48105528502534
-41.93013075159997
-48.608495627219106
-55.02834974850338
-61.33555967547984
-64.55893122538895
-74.07595684753124
-80.21616329208685
-86.29981419941423
-92.60135331217477
-98.71180781701746
-104.73472334255784
-110.68149086336847
-116.6886202754425
-122.52131063477604
-128.53039331173227
-134.4649550710584
-140.2111484792991
-145.9876789066534
-151.90378515121645
-154.40649046916135
-163.40400366709903
-169.08249795577225
-174.78130288157212
179.2901489443979
173.73284671448104
168.0164958616494
162.3489388179384
156.56233286364983
150.9154883555146
145.22121635706654
139.54285239224563
133.87622833935825
128.15008492199897
122.38677172683468
119.92977249502673
111.18958379672674
105.62696147366619
99.80877249789393
94.229230627815
88.53420818719266
82.81930706285755
76.84683748354692
71.16779481267223
65.30651168642144
59.45434017285965
53.726314495995055
47.71095621788923
41.91875153540548
35.96306790587507
33.06592438726451
24.112783196063038
17.66968576303505
11.55664579186401
5.342137692556575
-1.2900331928416486
-7.875877260069078
-14.414725815730009
-21.0844533871668
-27.759894457802442
-34.127215044323414
-40.71934036530688
-47.361187930102076
-53.92412267923985
-60.50176878474186
-64.300169731307
-73.55229904015933
-79.91234869898553
-86.32631916633368
-92.93335594904393
-99.27702906797735
-105.52632750285643
-111.71176434212707
-118.08071828561063
-123.95784364543995
-130.0748171793249
-135.87259770121182
-141.64897825389215
-147.47875115068592
-153.1442105807953
-155.70996378628817
-164.4947870078586
-170.19976146009776
-175.99482853257192
178.21453613729497
172.49663439575409
166.9453063320573
161.28640349182203
155.51944869748297
149.82770703931607
144.21952326407597
138.64375989495355
133.33666074454104
127.70219916032958
122.27327771343049
119.85342699651466
111.29872653564809
105.8600098644239
100.33468590590572
94.79676552831116
89.20708121818026
83.62598873008778
77.85420904785207
72.38566716083238
66.79476242656654
60.97059554936699
55.30617273565392
49.34928730750826
43.28312170269487
37.54219756774817
34.41749619302425
25.522496753711632
19.46903394005668
13.3401066725889
7.110334840539338
0.7022567400658384
-5.819404861938431
-12.386075323591356
-18.862555442666572
-25.551607230981308
-32.24425301940153
-38.63626598759508
-45.23544999343246
-51.8526199037213
-58.38382694147227
-62.18655118100978
-71.2920632977195
-77.77162768373384
-84.18696789222544
-90.52867778263631
-96.79848521517255
-102.89837759065604
-108.95202435137935
-115.16117400351463
-121.33852684109291
-127.47432142009491
-133.49093672008965
-139.4698263821946
-145.5294386375982
-151.21527948474588
-154.40314967601506
-162.7329744401654
-168.43931334384683
-174.069611465645
179.9511300800056
174.55633722110082
168.97237716414472
163.37532522557245
157.92881443429647
152.45025790430387
146.96552844459578
141.66169954100084
136.19341470724646
130.7152617429866
125.25094600780471
122.68008003520738
114.29603883855276
108.6061814824878
103.11660547183698
97.6098400129652
91.97945741752308
86.12812325070587
80.71962574894427
75.05619541325694
69.47829305995786
63.76779878981286
57.97246805134971
52.116680072636896
46.40506413551236
40.43492760425499
37.23261002391333
28.481890331967556
22.30617054261935
16.248846521884975
9.959904104584288
3.60389738862956
-2.929069739672284
-9.3524249689633
-15.966091021790664
-22.59508988682285
-29.274118296844186
-36.03791663086682
-42.69867336306356
-49.32504997910735
-55.93666328237255
-59.83489110252454
-68.96668288075846
-75.5226651941193
-81.99338795259354
-88.55418539691809
-94.96269105032673
-101.19127494086128
-107.55606345867528
-113.65549544228207
-119.82906153504945
-125.73956114709196
-131.7402689109116
-137.71238477261883
-143.48981863360672
-149.35696848766028
-152.78995917986379
-160.7646614227827
-166.5655991616222
-172.17357091253027
-177.79250025682248
176.7436893463664
171.41812832032502
165.80481452388068
160.30454865198863
154.91011451836442
149.28352516819388
144.04423957401642
138.59099704652255
133.23801015646816
127.4630718412438
124.79633174060969
116.27241065740222
110.82490873870749
105.33655987659249
99.6589783692426
94.24004273503097
88.72948672768612
83.14345997408722
77.62835899388898
71.95626199191044
66.23809571196647
60.50178704340354
54.68780859782842
48.66573659685346
42.79932634076874
39.415359607936665
30.86460584073083
24.830025305009723
18.71315278790908
12.51585588708066
6.191563299772906
-0.11481130682497835
-6.562203527552559
-12.97980082800075
-19.584752076166748
-26.27054700897129
-32.95059022977752
-39.39735200726786
-46.21469402023839
-52.828101326481246
-56.42828871453602
-65.70857275720913
-72.13355601042284
-78.44078047497194
-84.79666403516859
-91.0513977076869
-97.41681733233948
-103.73404897385383
-109.97158139510648
-116.14998801999597
-122.3243041975602
-128.2908204160084
-134.34254101231406
-140.28462228902774
-146.42619531291226
-149.83044045554922
-158.05958140825908
-163.77599412644915
-169.48179909190824
-175.3765986988579
179.00948947115108
173.3938892731664
167.83920816946727
162.1253265499607
156.5495957174105
151.24510391540446
145.75913338819944
140.31587721221368
134.8061637319276
129.4772994902205
126.6573212512152
118.50868217922832
112.92340640841388
107.4216825437831
101.7978574705126
96.2896741612496
90.64582938261506
85.07078074376578
79.34824780326468
73.64778251841561
67.88578620628611
62.144365769856556
56.465466466382836
50.7093530956668
44.92458889237959
41.61083133925869
33.01321268427855
27.096057707893713
21.0999143554605
15.06805464307282
8.907379598434275
2.6936955228589374
-3.8593812329373747
-10.341378376124648
-16.827504241198255
-23.40139127173719
-30.04568778325687
-36.74683871323299
-43.372002996206184
-49.7474764218698
-53.32801780570075
-62.90942778231085
-69.43372486900435
-75.74336937831238
-82.17172319715831
-88.51555287521869
-94.8723579819059
-101.25866234466642
-107.6054332346012
-113.89044476433024
-120.29807206375746
-126.31979414410293
-132.39653919286206
-138.15842404003854
-144.13351926259315
-147.49780438492706
-156.08631851425574
-161.88263378078335
-166.99877148457122
-173.54162379203802
-178.83014770352364
175.3462409651141
169.80456685229743
