ra
162.44484296819465
154.0585410302786
149.0200129099067
143.53128035266442
137.71920609323482
131.76330247813544
125.66802460695634
119.9776718843376
114.67629691494957
109.07187835055865
103.38961135836499
97.31772230686977
90.98249741042144
85.08272412523145
82.20373819739194
74.50897339399944
68.89721896420049
63.08449971038851
56.75798487017289
50.42880762317201
44.77055786889941
39.42255457303012
34.07521120151168
28.54393607723381
22.32025753902567
15.410112772502659
9.001126441802446
2.8447945876091048
-3.2669929515834526
-5.72366282175638
-14.737740707606457
-21.147630238763647
-27.63195747500926
-33.89303712676636
-40.02767553784626
-46.469942106359355
-52.810383198732076
-62.2529298621618
-68.56048883210549
-74.81797493257011
-81.13493107097277
-87.36065986435777
-93.66325388834404
-99.9081839426109
-103.20697661359519
-111.64364484295659
-117.23798814909979
-122.7138416822157
-128.68205474095586
-134.95023369017213
-141.0870242204157
-147.1345333174091
-153.03604411469695
-158.7566013559126
-164.3757966350114
-170.37433078423035
-176.25796826677248
-182.20586949175384
-188.06641619473874
-190.61717748514408
-199.0726441345403
-204.53182548132176
-210.02355260197888
-215.65538829144703
-221.2212811370552
-226.88052164061
-232.64931729098967
-238.2594064630149
-243.91058372155737
-249.67705285126235
-255.19563054633124
-260.724892080976
-266.19402539778
-271.70245881371784
-275.0171915419027
-283.00286555961316
-288.78794643849915
-294.64509089832933
-300.4153619308114
-306.40749491033006
-312.5797225602571
-318.50939964173875
-324.591083821848
-330.7223285584505
-336.91715535478943
-343.19419864001463
-349.36379556028226
-355.41934536399003
-361.6223338362623
-365.06456532992803
-373.71269692873074
-379.93828507962786
-386.21543476927513
-392.3748269083109
-398.6740056856574
-404.82871419622506
-411.3422237285069
-417.7025139962397
-424.0105717209293
-430.35625187610214
-436.5547031702866
-442.54932897246806
-448.38047461723477
-454.74001188562033
-458.3397168106502
-466.6099272872456
-472.70605252341136
-478.63530868528665
-484.81461207975866
-491.01327597641057
-497.4662635279607
-503.5468682011268
-509.6802780191798
-515.5912961587591
-521.0827270989787
-526.7355337777642
-532.3331938684936
-538.0299369748933
-543.6352204008446
-546.526410354668
-554.7177629489008
-560.3968352796164
-565.9812508271593
-571.6062988105766
-577.3368872842826
-583.047412166859
-588.7392513750065
-594.4382005520056
-600.1237933128845
-605.8424643670596
-611.4396657487495
-616.9821599236334
-622.5624476418391
-628.1197937732802
-631.4211920831843
-639.8190702231683
-645.6872166036342
-651.7840988647148
-657.7187629424299
-663.6935529819925
-669.9553723786137
-676.1656927254713
-682.2478277911737
-688.430098104902
-694.5478313479331
-700.4344690091963
-706.6361689925141
-712.6154306029863
-718.6998892414294
-722.1543393303422
-731.1789080786274
-737.444531455211
-743.9503271502997
-750.1046413884402
-756.3352919620135
-762.6120340600861
-768.9585682394446
-775.0834723193249
-781.3148687687869
-787.4966543535852
-793.5631471041276
-799.6120642188961
-805.6575203813803
-811.8698429023069
-815.3768269542292
-824.1398654688535
-830.4684259400374
-836.8010042194021
-843.0436053801249
-848.9778521521623
-854.6512076547785
-860.3481649670299
-865.9582016488057
-871.6330700635904
-877.2665749261236
-882.9208742259045
-888.5693383145499
-894.3975172859693
-900.1197598250626
-903.3283924651363
-911.7718853308163
-917.6132844552329
-923.410787367202
-929.2658666845267
-934.9862513096505
-940.7190078842166
-946.4471752331028
-952.2122336074408
-957.8182477186444
-963.4822546596856
-969.3171152231891
-975.2529404935606
-981.0235739372636
-986.8641090530333
-990.3114076496863
-999.0273523729171
-1005.1808528961913
-1011.2479419314394
-1017.4289309085005
-1023.5068551457113
-1029.5145156365413
-1035.715807419671
-1041.8079877075133
-1047.9173949166416
-1054.133250033467
-1060.16726715647
-1066.1369415606464
-1072.48441118917
-1078.7464676596085
-1082.153576718469
-1091.5509961869084
-1098.104858584258
-1104.216961095898
-1110.445443509499
-1116.6447947543272
-1122.8388795706855
-1128.9504782407005
-1135.113645708871
-1141.1881279789784
-1147.0935921674543
-1153.2587093145646
-1159.3283980014155
-1165.3942841993278
-1171.529728706391
-1174.7841718332052
-1183.6015554436112
-1189.6700007656545
-1195.4693783128541
-1201.4083934438877
-1207.1528420787272
-1212.7753157105092
-1218.4775165502601
-1224.2117060752291
-1229.9498239636953
-1235.657540845707
-1241.537935188559
-1247.2729567227673
-1253.0641404930225
-1258.9835720201374
-1262.3096904644785
-1270.5342576031978
-1276.2448116038756
-1281.8074827895302
-1287.5652008340796
-1293.0345575994395
-1298.479566550615
-1304.089287549741
-1309.8692486119003
-1315.4637383578327
-1321.1141142067415
-1326.8041054316357
-1332.532009978898
-1338.4608026246437
-1344.275919193224
-1347.6397957944553
-1355.9362445244888
-1361.6001827209384
-1367.5565603154994
-1373.3924114958331
-1379.2220702606774
-1385.1216487123118
-1390.9952289074956
-1396.9185313367352
-1402.9932257825599
-1408.912379584093
-1415.024051507059
-1421.283303020801
-1427.2465264555565
-1433.4266769042833
-1436.5653208088922
-1446.0190032676908
-1452.3859775716599
-1458.787720382165
-1465.0749367064664
-1471.350065472094
-1477.8814282414949
-1484.2861432066707
-1490.7345046416845
-1497.217786373388
-1503.6947735530496
-1510.209849641513
-1516.6136290183142
-1523.0779152496968
-1529.396329719636
-1532.4523900956597
-1541.3085378521055
-1547.1339621103516
-1552.9628709743426
-1558.6990927277411
-1564.576187505059
-1570.1681324837086
-1575.9003868508732
-1581.7986245511543
-1587.6501972896608
-1593.3892736666508
-1599.2155556719467
-1604.8787388087962
-1610.6354097562246
-1616.3477318896105
-1619.53346241847
-1627.5792896186667
-1633.1932881100317
-1638.837635947955
-1644.4469838698988
-1649.9546940516361
-1655.647603641256
-1661.2819093706703
-1666.985977189485
-1672.71895343257
-1678.5784064644586
-1684.2848034596238
-1690.191496409015
-1696.0407865086033
-1701.8894662302037
-1705.1859000041675
-1713.5104263671806
-1719.2889383384804
-1725.2211089397094
-1731.1245883231356
-1737.17821278041
-1743.0170637084534
-1749.21763864753
-1755.2577404427125
-1761.3337725209544
-1767.4400450445737
-1773.5742087527144
-1779.8056015220045
-1785.9809309206312
-1792.3060292915175
-1795.0703685531469
-1804.9062917142926
-1811.363695687694
-1817.8077086204414
-1824.0102487130453
-1830.594999362327
-1837.0792534455093
-1843.47345743515
-1849.8560053804433
-1856.0803354704885
-1862.563751176598
-1868.8129521480032
-1875.0766057958688
-1881.0485449552561
-1887.371478453861
-1889.7347456865
-1899.3142021116016
-1905.1592794895407
-1910.9821804547046
-1916.7241499715146
-1922.5068483201728
-1928.124974307491
-1933.8546669882705
-1939.3813314224499
-1944.9927798385786
-1950.7943890225545
-1956.3517363199778
-1962.1805719813997
-1967.680845603683
-1973.3353860936736
-1976.6480087192906
-1984.7545331612646
-1990.3395964896185
-1996.0282290163084
-2001.669203412961
-2007.198511604754
-2012.9751568865795
-2018.6050665410185
-2024.4013436576665
-2030.2032634134405
-2036.0043684050897
-2041.8107381056957
-2047.6385282705319
-2053.324970451575
-2059.087272688802
-2062.0998624320237
-2070.634736318207
-2076.3809851043184
-2082.123420689192
-2087.9163684999635
-2093.648948695682
-2099.6141304971497
-2105.6323224192192
-2111.608421975293
-2117.5545031696684
-2123.640186416702
-2129.585033256899
-2135.5904459589874
-2141.566523571699
-2147.8004339438
-2150.2483270850357
-2160.007094063569
-2166.2240046261727
-2172.5735531595956
-2178.7573036599656
-2185.0755799853478
-2191.4736577217127
-2197.8814830258784
-2204.5089176195925
-2210.791687421417
-2217.272343126423
-2223.678867988276
-2230.12656271726
-2236.38984837953
-2242.5904442724254
-2244.972308493459
-2254.9926974019736
-2261.1316380520702
-2267.325076360036
-2273.127625328907
-2279.169891371638
-2284.9888577940237
-2290.663462832482
-2296.183366568586
-2302.03025762178
-2307.5636374606943
-2313.1561470842626
-2318.9497075865347
-2324.6657553415907
-2330.4442659565734
-2333.2851216788667
-2341.753232750994
-2347.4121436277555
-2353.1442550188726
-2358.8087748218463
-2364.416129805807
-2370.1354848826427
-2375.729909054841
-2381.4508862206903
-2387.0896520615947
-2392.759914667357
-2398.452711000249
-2404.2134228899586
-2409.919851994927
-2415.4732308752577
-2418.0940688356177
-2426.8066827227044
-2432.516265699425
-2438.2257112398197
-2444.0567381122173
-2449.9293999228457
-2455.665376162811
-2461.79209195744
-2467.83585679192
-2473.963777102216
-2480.1269562290454
-2486.2573375573033
-2492.4769451274633
-2498.688134146035
-2504.808605584405
-2507.497968870269
-2517.396510953892
-2523.604260918492
-2529.9746659024863
-2536.3393416763174
-2542.751558855174
-2548.9623756791207
-2555.5325677713527
-2561.9402662605403
-2568.095317700224
-2574.6352552465332
-2581.03114338989
-2587.264240073109
-2593.398708588319
-2599.7873013131207
-2602.306024764637
-2612.0638330980437
-2618.3158246115754
-2624.381395785919
-2630.667831266986
-2636.7436625205714
-2642.4302889723344
-2648.1975325504636
-2653.8659716050415
-2659.5598136192475
-2665.203360708681
-2670.6364674030797
-2676.339104070891
-2681.9365358905657
-2687.5022743420545
-2690.070079116494
-2698.773659064012
-2704.340586180807
-2709.9365562658513
-2715.6400476513877
-2721.4708151292407
-2727.072192009839
-2732.7194196441787
-2738.506846906525
-2744.184355949925
-2749.7976629688847
-2755.609318656949
-2761.423219402005
-2767.155236099636
-2772.9007251515127
-2775.5093487222584
-2784.6798246908784
-2790.61768037477
-2796.5371702839825
-2802.6295880939524
-2808.481054569543
-2814.302077031409
-2820.2304381734507
-2826.5146929120865
-2832.4366731085165
-2838.5863431621
-2844.53696287903
-2850.538118882834
-2856.5493613315293
-2862.7055741318195
-2865.33936253347
-2874.7174433989967
-2880.940752682943
-2887.112771529187
-2893.32971170525
-2899.3644233091336
-2905.9475910066544
-2912.3033715792308
-2918.6727242575757
-2925.021702113157
-2931.2604589258344
-2937.749493693398
-2943.824050445217
-2950.1962190057266
-2956.5723467555786
-2959.416802396248
-2968.930888156154
-2975.2396872457125
-2981.474053987031
-2987.685597244195
-2993.91181938563
-3000.021564366226
-3006.2184190514126
-3011.8916775317575
-3017.434270726817
-3023.0408102621573
-3028.5827680530024
-3034.015078507996
-3039.5721010895777
-3045.1303150280405
-3047.530757236498
-3056.261493431435
-3061.9071495070593
-3067.525369472581
-3073.196696489145
-3078.759076497553
-3084.3867579253497
-3089.899734520442
-3095.5260976778964
-3101.173855368071
-3106.643030197145
-3112.2967715978248
-3117.9636275862617
-3123.7425605275844
-3129.528573739756
-3131.9582714557314
-3141.070557985608
-3146.9037669486925
-3152.5777976348577
-3158.5679664688555
-3164.307589055911
-3170.173193545977
-3175.90347890276
-3181.6533156484484
-3187.4246363759667
-3193.571713810779
-3199.650698770241
-3205.880261228057
-3212.0286005617195
-3218.492277660377
-3221.619441277963
-3231.1447854527887
-3237.452922750013
-3243.819514238513
-3250.248784871338
-3256.7414426155788
-3263.143101530945
-3269.5315202011066
-3275.730773213828
-3282.316713858478
-3288.529362629433
-3294.736763585658
-3300.980466979994
-3307.088781745804
-3313.3806831472903
-3316.399816792898
-3325.627973647168
-3331.772374779246
-3337.644924437827
-3343.5488158672447
-3349.438970659864
-3355.1358643808635
-3361.039452104532
-3366.772960980237
-3372.4635073608847
-3378.0497412923455
-3383.770474736514
-3389.3982141212223
-3395.1404498804395
-3400.947069159924
-3403.461554866251
-3412.425286014307
-3418.0749259837717
-3423.894332193554
-3429.6274079428686
-3435.283153114569
-3440.964226705688
-3446.5611749555183
-3452.2480503324937
-3457.945923771929
-3463.5738042249927
-3469.310080360376
-3475.0407392955067
-3481.0548055039703
-3487.0004536740585
-3489.6011931645703
-3498.426007984561
-3504.1772839536025
-3509.9855483904535
-3515.813688216188
-3521.207555807588
-3526.917910513508
-3532.5786920134656
-3538.523424863943
-3544.168167925268
-3550.259506964874
-3556.4048257139866
-3562.5772034823567
-3568.992581019436
-3575.1907004595305
-3578.700002057812
-3587.7554664271374
-3594.2277029592433
-3600.414221996126
-3606.7308735055994
-3612.94951598156
-3619.5569689780696
-3625.6584752612957
-3631.8555393494867
-3638.3342020862306
-3644.720340544144
-3650.824021626522
-3657.2904947918564
-3663.690766149944
-3670.1689840167446
-3673.4291177331097
-3682.421521076925
-3688.550434828582
-3694.686431834472
-3700.830526116644
-3706.7780473266575
-3712.8250347094627
-3718.9537599621417
-3724.6635294781327
-3730.920968843939
-3736.9849259335033
-3743.1163092805687
-3749.081312172425
-3755.4454113558463
-3761.191420321573
-3763.932472060583
-3772.8340072272294
-3778.4966474373023
-3784.033551879639
-3789.720683522814
-3795.3156518599085
-3800.6744653536084
-3806.2626237403647
-3812.0690518674987
-3820.249049419707
-3826.0903870788225
-3831.944152513454
-3837.7839499233974
-3843.476931896098
-3849.304707671813
-3852.3311211288124
-3860.7556433610853
-3866.4688510641226
-3872.2504218997647
-3877.8736557965226
-3883.641184322757
-3889.5758031950545
-3895.4843159200746
-3901.460782155398
-3907.464856540197
-3913.5391117773993
-3919.7291976548213
-3925.9348229850248
-3932.077304595594
-3938.452944621223
-3941.26464914132
-3950.9230920367186
-3957.2702782309702
-3963.5674439752293
-3970.0051082841474
-3976.568468341855
-3983.023092865797
-3989.532588518533
-3996.0794008564853
-4002.860293259383
-4009.3783697922745
-4015.794148861595
-4022.0648712056545
-4028.188743074126
-4034.1980878868053
-4036.8218942991166
-4046.231612578741
-4052.303029647855
-4058.139306691362
-4064.0234592170264
-4070.007877230189
-4075.943733632899
-4081.837485318674
-4087.5132107010118
-4093.444177737754
-4099.360554232853
-4105.207217472908
-4110.9985555371295
-4116.763864586955
-4122.443981579363
-4125.503843092832
-4133.729310408682
-4139.461616597353
-4145.0257389667395
-4150.5636948440215
-4156.262721956331
-4161.971648683872
-4167.718929793342
-4173.353777694496
-4179.032055315903
-4184.747328865301
-4190.5327332365105
-4196.075897417147
-4201.8618317470555
-4207.352516925397
-4210.36717876849
-4218.671110833523
-4224.387305415656
-4229.927754599812
-4235.823336056105
-4241.583446875766
-4247.410194543784
-4253.2216593941475
-4259.019020409826
-4265.09067323041
-4270.935614139132
-4276.950408074405
-4282.929536912008
-4288.777571921142
-4294.747484114606
-4297.266037508465
-4306.549032709065
-4312.523069255626
-4318.558729134921
-4325.029685516347
-4331.659244654107
-4338.434597366989
-4345.159927268302
-4351.834049796473
-4358.339711345939
-4364.839587985552
-4371.235075197597
-4377.807507175212
-4384.033842979826
-4390.200082540379
-4392.837048579644
-4402.594435161222
-4408.7921143560425
-4414.838194072995
-4420.916142814605
-4427.050624194121
-4433.349895551968
-4439.226934718044
-4445.2984483559
-4451.11543502923
-4457.059437093964
-4462.72748075984
-4468.688473229811
-4474.565563640433
-4480.06964440656
-4482.647133146811
-4491.290172370318
-4496.959766915826
-4502.542674604788
-4508.118517495554
-4513.814453575383
-4519.428737326182
-4525.015333244938
-4530.638429897389
-4536.192309783286
-4541.740476607655
-4547.265220207112
-4552.8446642255485
-4558.409762972612
-4563.973787804417
-4566.499748836188
-4575.411988691048
-4581.235718086345
-4586.900875140284
-4592.696729766797
-4598.411993515973
-4604.161738096185
-4609.96065559787
-4615.767953648161
-4621.568806244675
-4627.3338930463515
-4633.10697875999
-4638.886914540949
-4644.6266204145395
-4650.434907992564
-4653.137185868308
-4663.219859681984
-4669.409051196522
-4675.950873709792
-4682.473523298624
-4688.888713835931
-4695.222116201496
-4701.8571355053
-4708.1854791303085
-4714.666689857805
-4720.948314789804
-4727.20033926665
-4733.424463844285
-4739.578735158691
-4745.92905486349
-4748.562559539361
-4758.519314013586
-4764.626398733735
-4770.723951712801
-4776.905744628449
-4782.900096323423
-4788.85081025136
-4794.73086241387
-4800.549662339945
-4806.30356034405
-4812.135504107307
-4817.726767645797
-4823.227774760684
-4829.092691260751
-4834.8197790374315
-4837.334714923801
-4846.298213867698
-4852.139398317837
-4857.768189778874
-4863.698482901306
-4869.49571672136
-4875.181840699073
-4880.858460523962
-4886.402643694004
-4891.993521200695
-4897.512236369023
-4903.292879635728
-4909.0164245968035
-4914.65731243714
-4920.310245718478
-4922.884969176187
-4931.996446403257
-4937.8261941442
-4943.677091351211
-4949.584709692522
-4955.224555366508
-4960.951732159453
-4966.7039585537395
-4972.370634524011
-4978.243626750971
-4984.1040720658275
-4990.110457394301
-4995.783573068759
-5001.76156545725
-5008.016163840528
-5010.854618869368
-5020.285541210753
-5026.428326631667
-5032.674229355532
-5039.266555678142
-5045.617387073191
-5051.905587217996
-5058.359562567365
-5064.739466275283
-5071.285884484742
-5077.609503692966
-5084.033492671539
-5090.262395176078
-5096.8291140355095
-5103.143050660498
-5105.954726258285
-5115.717183832927
-5122.660657470729
-5128.736388720589
-5134.867082378095
-5140.680695682099
-5146.683893999581
-5152.478453310776
-5158.369970303758
-5164.112207964749
-5169.922634750676
-5175.647189843904
-5181.405339666412
-5187.138551497855
-5192.9189059679675
-5195.275693710416
-5204.233673374798
-5209.925242060064
-5215.657302457889
-5221.406832770801
-5227.091950182684
-5232.765273170402
-5238.371272988071
-5243.9547615039155
-5249.583043810735
-5255.343787949568
-5260.896206281678
-5266.470211541765
-5272.271442958214
-5277.996446744816
-5280.5620092455865
-5289.565048827551
-5295.349261771019
-5301.115063329377
-5306.671688899484
-5312.370614148816
-5318.140142911241
-5323.774383534152
-5329.426417221147
-5335.412132060834
-5341.201119232839
-5347.13304348606
-5353.135037581452
-5358.885818119835
-5365.177643142265
-5368.1325219208065
-5377.321700809869
-5383.698687638086
-5390.136569031909
-5396.534266873322
-5402.966855116638
-5409.53212117522
-5415.76849799349
-5422.444247947107
-5428.81591183255
-5435.481055285025
-5441.9301307516
-5448.608495627219
-5455.028349748503
-5461.33555967548
-5464.558931225389
-5474.075956847531
-5480.216163292087
-5486.299814199414
-5492.601353312175
-5498.711807817018
-5504.734723342558
-5510.681490863369
-5516.688620275442
-5522.5213106347765
-5528.530393311732
-5534.464955071058
-5540.2111484792995
-5545.987678906653
-5551.903785151217
-5554.406490469161
-5563.4040036670995
-5569.082497955772
-5574.781302881572
-5580.7098510556025
-5586.267153285519
-5591.98350413835
-5597.651061182061
-5603.43766713635
-5609.084511644485
-5614.778783642933
-5620.457147607754
-5626.123771660642
-5631.849915078001
-5637.613228273165
-5640.070227504973
-5648.810416203273
-5654.373038526333
-5660.191227502106
-5665.770769372185
-5671.465791812808
-5677.180692937142
-5683.153162516453
-5688.832205187327
-5694.693488313578
-5700.54565982714
-5706.273685504005
-5712.289043782111
-5718.081248464595
-5724.0369320941245
-5726.934075612736
-5735.887216803937
-5742.330314236965
-5748.443354208136
-5754.657862307444
-5761.290033192841
-5767.8758772600695
-5774.41472581573
-5781.084453387167
-5787.759894457802
-5794.127215044324
-5800.719340365307
-5807.3611879301025
-5813.92412267924
-5820.501768784742
-5824.300169731307
-5833.55229904016
-5839.912348698986
-5846.326319166334
-5852.933355949044
-5859.277029067977
-5865.5263275028565
-5871.711764342127
-5878.080718285611
-5883.95784364544
-5890.074817179325
-5895.872597701212
-5901.648978253892
-5907.478751150686
-5913.1442105807955
-5915.709963786288
-5924.494787007859
-5930.199761460098
-5935.994828532572
-5941.785463862705
-5947.503365604246
-5953.054693667943
-5958.713596508178
-5964.480551302517
-5970.172292960684
-5975.780476735924
-5981.356240105047
-5986.663339255459
-5992.29780083967
-5997.726722286569
-6000.146573003485
-6008.701273464352
-6014.139990135576
-6019.665314094094
-6025.203234471689
-6030.79291878182
-6036.374011269912
-6042.145790952148
-6047.614332839167
-6053.205237573434
-6059.029404450633
-6064.6938272643465
-6070.650712692492
-6076.716878297305
-6082.457802432252
-6085.582503806976
-6094.4775032462885
-6100.530966059943
-6106.659893327411
-6112.8896651594605
-6119.297743259935
-6125.819404861938
-6132.386075323591
-6138.862555442666
-6145.551607230981
-6152.244253019401
-6158.636265987595
-6165.235449993433
-6171.8526199037215
-6178.383826941472
-6182.18655118101
-6191.292063297719
-6197.771627683734
-6204.186967892226
-6210.528677782636
-6216.798485215172
-6222.898377590656
-6228.95202435138
-6235.161174003515
-6241.338526841093
-6247.474321420095
-6253.49093672009
-6259.469826382195
-6265.529438637598
-6271.215279484746
-6274.403149676015
-6282.732974440165
-6288.439313343847
-6294.069611465645
-6300.048869919994
-6305.443662778899
-6311.027622835855
-6316.624674774427
-6322.071185565704
-6327.549742095696
-6333.034471555404
-6338.338300459
-6343.806585292754
-6349.2847382570135
-6354.7490539921955
-6357.3199199647925
-6365.703961161447
-6371.393818517512
-6376.883394528163
-6382.390159987035
-6388.020542582477
-6393.871876749294
-6399.280374251056
-6404.943804586743
-6410.521706940042
-6416.232201210187
-6422.02753194865
-6427.883319927363
-6433.5949358644875
-6439.565072395745
-6442.767389976087
-6451.518109668033
-6457.693829457381
-6463.751153478115
-6470.040095895416
-6476.39610261137
-6482.929069739672
-6489.3524249689635
-6495.966091021791
-6502.595089886823
-6509.274118296844
-6516.037916630867
-6522.698673363064
-6529.3250499791075
-6535.936663282372
-6539.834891102524
-6548.9666828807585
-6555.522665194119
-6561.993387952593
-6568.554185396918
-6574.962691050327
-6581.191274940861
-6587.556063458675
-6593.655495442282
-6599.82906153505
-6605.739561147092
-6611.740268910911
-6617.712384772619
-6623.489818633607
-6629.35696848766
-6632.789959179864
-6640.764661422782
-6646.565599161622
-6652.1735709125305
-6657.792500256823
-6663.256310653634
-6668.581871679675
-6674.195185476119
-6679.695451348011
-6685.089885481636
-6690.716474831806
-6695.9557604259835
-6701.409002953477
-6706.761989843531
-6712.536928158756
-6715.203668259391
-6723.727589342598
-6729.175091261292
-6734.663440123408
-6740.3410216307575
-6745.759957264969
-6751.270513272314
-6756.856540025913
-6762.371641006111
-6768.043738008089
-6773.761904288033
-6779.498212956596
-6785.312191402171
-6791.334263403147
-6797.200673659231
-6800.584640392063
-6809.135394159269
-6815.16997469499
-6821.286847212091
-6827.484144112919
-6833.8084367002275
-6840.114811306825
-6846.562203527553
-6852.979800828
-6859.584752076166
-6866.270547008971
-6872.950590229778
-6879.397352007268
-6886.214694020238
-6892.828101326481
-6896.428288714536
-6905.708572757209
-6912.133556010423
-6918.440780474972
-6924.796664035169
-6931.051397707687
-6937.41681733234
-6943.7340489738535
-6949.971581395106
-6956.149988019996
-6962.32430419756
-6968.2908204160085
-6974.342541012314
-6980.2846222890275
-6986.426195312913
-6989.830440455549
-6998.059581408259
-7003.775994126449
-7009.481799091908
-7015.376598698858
-7020.990510528849
-7026.606110726833
-7032.160791830533
-7037.874673450039
-7043.450404282589
-7048.754896084595
-7054.240866611801
-7059.684122787787
-7065.193836268072
-7070.5227005097795
-7073.342678748785
-7081.491317820772
-7087.076593591586
-7092.578317456217
-7098.202142529487
-7103.710325838751
-7109.354170617385
-7114.929219256234
-7120.651752196735
-7126.352217481584
-7132.114213793714
-7137.855634230144
-7143.534533533617
-7149.290646904333
-7155.07541110762
-7158.389168660741
-7166.986787315722
-7172.903942292106
-7178.900085644539
-7184.931945356927
-7191.092620401566
-7197.306304477141
-7203.859381232937
-7210.341378376124
-7216.827504241198
-7223.401391271737
-7230.045687783257
-7236.746838713233
-7243.372002996206
-7249.74747642187
-7253.328017805701
-7262.909427782311
-7269.433724869004
-7275.743369378312
-7282.171723197158
-7288.515552875218
-7294.872357981906
-7301.258662344667
-7307.605433234601
-7313.89044476433
-7320.298072063758
-7326.319794144103
-7332.396539192862
-7338.158424040039
-7344.133519262593
-7347.497804384927
-7356.086318514256
-7361.882633780783
-7366.998771484571
-7373.541623792038
-7378.830147703524
-7384.653759034886
-7390.195433147703
