t
0.00000000000
0.01665351223
0.02498026835
0.03330702447
0.04163378058
0.04996053670
0.05828729282
0.06661404893
0.07494080505
0.08326756117
0.09159431728
0.09992107340
0.10824782950
0.11657458560
0.12490134180
0.13322809790
0.14155485400
0.14988161010
0.15820836620
0.16653512230
0.17486187850
0.18318863460
0.19151539070
0.19984214680
0.20816890290
0.21649565900
0.22482241520
0.23314917130
0.24147592740
0.24980268350
0.25812943960
0.26645619570
0.27478295190
0.28310970800
0.29143646410
0.29976322020
0.31183701660
0.32016377270
0.32849052880
0.33681728490
0.34514404100
0.35347079720
0.36179755330
0.37012430940
0.37845106550
0.38677782160
0.39510457770
0.40343133390
0.41175809000
0.42008484610
0.42841160220
0.43673835830
0.44506511440
0.45339187060
0.46171862670
0.47004538280
0.47837213890
0.48669889500
0.49502565110
0.50335240730
0.51167916340
0.52000591950
0.52833267560
0.53665943170
0.54498618780
0.55331294400
0.56163970010
0.56996645620
0.57829321230
0.58661996840
0.59494672450
0.60327348070
0.61160023680
0.61992699290
0.62825374900
0.63658050510
0.64490726120
0.65323401740
0.66156077350
0.66988752960
0.67821428570
0.68654104180
0.69486779790
0.70319455410
0.71152131020
0.71984806630
0.72817482240
0.73650157850
0.74482833460
0.75315509080
0.76148184690
0.76980860300
0.77813535910
0.78646211520
0.79478887130
0.80311562750
0.81144238360
0.81976913970
0.82767955800
0.83600631410
0.84433307020
0.85265982640
0.86098658250
0.86931333860
0.87764009470
0.88596685080
0.89429360690
0.90262036310
0.91094711920
0.91927387530
0.92760063140
0.93592738750
0.94425414360
0.95258089980
0.96090765590
0.96923441200
0.97756116810
0.98588792420
0.99421468030
1.00254143600
1.01086819300
1.01919494900
1.02752170500
1.03584846100
1.04417521700
1.05250197300
1.06082872900
1.06915548500
1.07748224200
1.08580899800
1.09413575400
1.10246251000
1.11078926600
1.11911602200
1.12744277800
1.13576953400
1.14409629000
1.15242304700
1.16074980300
1.16907655900
1.17740331500
1.18573007100
1.19405682700
1.20238358300
1.21071033900
1.21903709600
1.22736385200
1.23569060800
1.24401736400
1.25234412000
1.26067087600
1.26899763200
1.27732438800
1.28565114400
1.29397790100
1.30230465700
1.31063141300
1.31895816900
1.32728492500
1.33561168100
1.34352209900
1.35184885600
1.36017561200
1.36850236800
1.37682912400
1.38515588000
1.39348263600
1.40180939200
1.41013614800
1.41846290400
1.42678966100
1.43511641700
1.44344317300
1.45176992900
1.46009668500
1.46842344100
1.47675019700
1.48507695300
1.49340371000
1.50173046600
1.51005722200
1.51838397800
1.52671073400
1.53503749000
1.54336424600
1.55169100200
1.56001775800
1.56834451500
1.57667127100
1.58499802700
1.59332478300
1.60165153900
1.60997829500
1.61830505100
1.62663180700
1.63495856400
1.64328532000
1.65161207600
1.65993883200
1.66826558800
1.67659234400
1.68491910000
1.69324585600
1.70157261200
1.70989936900
1.71822612500
1.72655288100
1.73487963700
1.74320639300
1.75153314900
1.75985990500
1.76818666100
1.77651341800
1.78484017400
1.79316693000
1.80149368600
1.80982044200
1.81814719800
1.82647395400
1.83480071000
1.84312746600
1.85145422300
1.85936464100
1.86769139700
1.87601815300
1.88434490900
1.89267166500
1.90099842100
1.90932517800
1.91765193400
1.92597869000
1.93430544600
1.94263220200
1.95095895800
1.95928571400
1.96761247000
1.97593922700
1.98426598300
1.99259273900
2.00091949500
2.00924625100
2.01757300700
2.02589976300
2.03422651900
2.04255327500
2.05088003200
2.05920678800
2.06753354400
2.07586030000
2.08418705600
2.09251381200
2.10084056800
2.10916732400
2.11749408100
2.12582083700
2.13414759300
2.14247434900
2.15080110500
2.15912786100
2.16745461700
2.17578137300
2.18410812900
2.19243488600
2.20076164200
2.20908839800
2.21741515400
2.22574191000
2.23406866600
2.24239542200
2.25072217800
2.25904893400
2.26737569100
2.27570244700
2.28402920300
2.29235595900
2.30068271500
2.30900947100
2.31733622700
2.32566298300
2.33398974000
2.34231649600
2.35064325200
2.35897000800
2.36729676400
2.37562352000
2.38395027600
2.39227703200
2.40060378800
2.40893054500
2.41684096300
2.42516771900
2.43349447500
2.44182123100
2.45014798700
2.45847474300
2.46680150000
2.47512825600
2.48345501200
2.49178176800
2.50010852400
2.50843528000
2.51676203600
2.52508879200
2.53341554900
2.54174230500
2.55006906100
2.55839581700
2.56672257300
2.57504932900
2.58337608500
2.59170284100
2.60002959700
2.60835635400
2.61668311000
2.62500986600
2.63333662200
2.64166337800
2.64999013400
2.65831689000
2.66664364600
2.67497040300
2.68329715900
2.69162391500
2.69995067100
2.70827742700
2.71660418300
2.72493093900
2.73325769500
2.74158445100
2.74991120800
2.75823796400
2.76656472000
2.77489147600
2.78321823200
2.79154498800
2.79987174400
2.80819850000
2.81652525700
2.82485201300
2.83317876900
2.84150552500
2.84983228100
2.85815903700
2.86648579300
2.87481254900
2.88313930500
2.89146606200
2.89979281800
2.90811957400
2.91644633000
2.92477308600
2.93309984200
2.94142659800
2.94975335400
2.95808011000
2.96599052900
2.97431728500
2.98264404100
2.99097079700
2.99929755300
3.00762430900
3.01595106600
3.02427782200
3.03260457800
3.04093133400
3.04925809000
3.05758484600
3.06591160200
3.07423835800
3.08256511400
3.09089187100
3.09921862700
3.10754538300
3.11587213900
3.12419889500
3.13252565100
3.14085240700
3.14917916300
3.15750591900
3.16583267600
3.17415943200
3.18248618800
3.19081294400
3.19913970000
3.20746645600
3.21579321200
3.22411996800
3.23244672500
3.24077348100
3.24910023700
3.25742699300
3.26575374900
3.27408050500
3.28240726100
3.29073401700
3.29906077300
3.30738753000
3.31571428600
3.32404104200
3.33236779800
3.34069455400
3.34902131000
3.35734806600
3.36567482200
3.37400157900
3.38232833500
3.39065509100
3.39898184700
3.40730860300
3.41563535900
3.42396211500
3.43228887100
3.44061562700
3.44852604600
3.45685280200
3.46517955800
3.47350631400
3.48183307000
3.49015982600
3.49848658200
3.50681333900
3.51514009500
3.52346685100
3.53179360700
3.54012036300
3.54844711900
3.55677387500
3.56510063100
3.57342738800
3.58175414400
3.59008090000
3.59840765600
3.60673441200
3.61506116800
3.62338792400
3.63171468000
3.64004143600
3.64836819300
3.65669494900
3.66502170500
3.67334846100
3.68167521700
3.69000197300
3.69832872900
3.70665548500
3.71498224200
3.72330899800
3.73163575400
3.73996251000
3.74828926600
3.75661602200
3.76494277800
3.77326953400
3.78159629000
3.78992304700
3.79824980300
3.80657655900
3.81490331500
3.82323007100
3.83155682700
3.83988358300
3.84821033900
3.85653709600
3.86486385200
3.87319060800
3.88151736400
3.88984412000
3.89817087600
3.90649763200
3.91482438800
3.92315114400
3.93147790100
3.93980465700
3.94813141300
3.95645816900
3.96478492500
3.97311168100
3.98102209900
3.98934885600
3.99767561200
4.00600236800
4.01432912400
4.02265588000
4.03098263600
4.03930939200
4.04763614800
4.05596290400
4.06428966100
4.07261641700
4.08094317300
4.08926992900
4.09759668500
4.10592344100
4.11425019700
4.12257695300
4.13090371000
4.13923046600
4.14755722200
4.15588397800
4.16421073400
4.17253749000
4.18086424600
4.18919100200
4.19751775800
4.20584451500
4.21417127100
4.22249802700
4.23082478300
4.23915153900
4.24747829500
4.25580505100
4.26413180700
4.27245856400
4.28078532000
4.28911207600
4.29743883200
4.30576558800
4.31409234400
4.32241910000
4.33074585600
4.33907261200
4.34739936900
4.35572612500
4.36405288100
4.37237963700
4.38070639300
4.38903314900
4.39735990500
4.40568666100
4.41401341800
4.42234017400
4.43066693000
4.43899368600
4.44732044200
4.45564719800
4.46397395400
4.47230071000
4.48062746600
4.48895422300
4.49728097900
4.50560773500
4.51393449100
4.52226124700
4.53017166500
4.53849842100
4.54682517800
4.55515193400
4.56347869000
4.57180544600
4.58013220200
4.58845895800
4.59678571400
4.60511247000
4.61343922700
4.62176598300
4.63009273900
4.63841949500
4.64674625100
4.65507300700
4.66339976300
4.67172651900
4.68005327500
4.68838003200
4.69670678800
4.70503354400
4.71336030000
4.72168705600
4.73001381200
4.73834056800
4.74666732400
4.75499408100
4.76332083700
4.77164759300
4.77997434900
4.78830110500
4.79662786100
4.80495461700
4.81328137300
4.82160812900
4.82993488600
4.83826164200
4.84658839800
4.85491515400
4.86324191000
4.87156866600
4.87989542200
4.88822217800
4.89654893400
4.90487569100
4.91320244700
4.92152920300
4.92985595900
4.93818271500
4.94650947100
4.95483622700
4.96316298300
4.97148974000
4.97981649600
4.98814325200
4.99647000800
5.00479676400
5.01312352000
5.02145027600
5.02977703200
5.03810378800
5.04643054500
5.05434096300
5.06266771900
5.07099447500
5.07932123100
5.08764798700
5.09597474300
5.10430150000
5.11262825600
5.12095501200
5.12928176800
5.13760852400
5.14593528000
5.15426203600
5.16258879200
5.17091554900
5.17924230500
5.18756906100
5.19589581700
5.20422257300
5.21254932900
5.22087608500
5.22920284100
5.23752959700
5.24585635400
5.25418311000
5.26250986600
5.27083662200
5.27916337800
5.28749013400
5.29581689000
5.30414364600
5.31247040300
5.32079715900
5.32912391500
5.33745067100
5.34577742700
5.35410418300
5.36243093900
5.37075769500
5.37908445100
5.38741120800
5.39573796400
5.40406472000
5.41239147600
5.42071823200
5.42904498800
5.43737174400
5.44569850000
5.45402525700
5.46235201300
5.47067876900
5.47900552500
5.48733228100
5.49565903700
5.50398579300
5.51231254900
5.52063930500
5.52896606200
5.53729281800
5.54561957400
5.55394633000
5.56602012600
5.57434688200
5.58267363900
5.59100039500
5.59932715100
5.60765390700
5.61598066300
5.62430741900
5.63263417500
5.64096093100
5.64928768700
5.65761444400
5.66594120000
5.67426795600
5.68259471200
5.69092146800
5.69924822400
5.70757498000
5.71590173600
5.72422849300
5.73255524900
5.74088200500
5.74920876100
5.75753551700
5.76586227300
5.77418902900
5.78251578500
5.79084254100
5.79916929800
5.80749605400
5.81582281000
5.82414956600
5.83247632200
5.84080307800
5.84912983400
5.85745659000
5.86578334600
5.87411010300
5.88243685900
5.89076361500
5.89909037100
5.90741712700
5.91574388300
5.92407063900
5.93239739500
5.94072415200
5.94905090800
5.95737766400
5.96570442000
5.97403117600
5.98235793200
5.99068468800
5.99901144400
6.00733820000
6.01566495700
6.02399171300
6.03231846900
6.04064522500
6.04897198100
6.05729873700
6.06562549300
6.07395224900
6.08227900600
6.09060576200
6.09893251800
6.10725927400
6.11558603000
6.12391278600
6.13182320400
6.14014996100
6.14847671700
6.15680347300
6.16513022900
6.17345698500
6.18178374100
6.19011049700
6.19843725300
6.20676400900
6.21509076600
6.22341752200
6.23174427800
6.24007103400
6.24839779000
6.25672454600
6.26505130200
6.27337805800
6.28170481500
6.29003157100
6.29835832700
6.30668508300
6.31501183900
6.32333859500
6.33166535100
6.33999210700
6.34831886300
6.35664562000
6.36497237600
6.37329913200
6.38162588800
6.38995264400
6.39827940000
6.40660615600
6.41493291200
6.42325966900
6.43158642500
6.43991318100
6.44823993700
6.45656669300
6.46489344900
6.47322020500
6.48154696100
6.48987371700
6.49820047400
6.50652723000
6.51485398600
6.52318074200
6.53150749800
6.53983425400
6.54816101000
6.55648776600
6.56481452200
6.57314127900
6.58146803500
6.58979479100
6.59812154700
6.60644830300
6.61477505900
6.62310181500
6.63142857100
6.63975532800
6.64766574600
6.65599250200
6.66431925800
6.67264601400
6.68097277000
6.68929952600
6.69762628300
6.70595303900
6.71427979500
6.72260655100
6.73093330700
6.73926006300
6.74758681900
6.75591357500
6.76424033100
6.77256708800
6.78089384400
6.78922060000
6.79754735600
6.80587411200
6.81420086800
6.82252762400
6.83085438000
6.83918113700
6.84750789300
6.85583464900
6.86416140500
6.87248816100
6.88081491700
6.88914167300
6.89746842900
6.90579518500
6.91412194200
6.92244869800
6.93077545400
6.93910221000
6.94742896600
6.95575572200
6.96408247800
6.97240923400
6.98073599100
6.98906274700
6.99738950300
7.00571625900
7.01404301500
7.02236977100
7.03069652700
7.03902328300
7.04735003900
7.05567679600
7.06400355200
7.07233030800
7.08065706400
7.08898382000
7.09731057600
7.10563733200
7.11396408800
7.12229084500
7.13061760100
7.13894435700
7.14727111300
7.15559786900
7.16392462500
7.17183504300
7.18016180000
7.18848855600
7.19681531200
7.20514206800
7.21346882400
7.22179558000
7.23012233600
7.23844909200
7.24677584800
7.25510260500
7.26342936100
7.27175611700
7.28008287300
7.28840962900
7.29673638500
7.30506314100
7.31338989700
7.32171665400
7.33004341000
7.33837016600
7.34669692200
7.35502367800
7.36335043400
7.37167719000
7.38000394600
7.38833070200
7.39665745900
7.40498421500
7.41331097100
7.42163772700
7.42996448300
7.43829123900
7.44661799500
7.45494475100
7.46327150700
7.47159826400
7.47992502000
7.48825177600
7.49657853200
7.50490528800
7.51323204400
7.52155880000
7.52988555600
7.53821231300
7.54653906900
7.55486582500
7.56319258100
7.57151933700
7.57984609300
7.58817284900
7.59649960500
7.60482636100
7.61315311800
7.62147987400
7.62980663000
7.63813338600
7.64646014200
7.65478689800
7.66311365400
7.67144041000
7.67935082900
7.68767758500
7.69600434100
7.70433109700
7.71265785300
7.72098460900
7.72931136500
7.73763812200
7.74596487800
7.75429163400
7.76261839000
7.77094514600
7.77927190200
7.78759865800
7.79592541400
7.80425217000
7.81257892700
7.82090568300
7.82923243900
7.83755919500
7.84588595100
7.85421270700
7.86253946300
7.87086621900
7.87919297600
7.88751973200
7.89584648800
7.90417324400
7.91250000000
7.92082675600
7.92915351200
7.93748026800
7.94580702400
7.95413378100
7.96246053700
7.97078729300
7.97911404900
7.98744080500
7.99576756100
8.00409431700
8.01242107300
8.02074783000
8.02907458600
8.03740134200
8.04572809800
8.05405485400
8.06238161000
8.07070836600
8.07903512200
8.08736187800
8.09568863500
8.10401539100
8.11234214700
8.12066890300
8.12899565900
8.13732241500
8.14564917100
8.15397592700
8.16230268400
8.17062944000
8.17895619600
8.18728295200
8.19560970800
8.20393646400
8.21226322000
8.22058997600
8.22891673200
8.23724348900
8.24515390700
8.25348066300
8.26180741900
8.27013417500
8.27846093100
8.28678768700
8.29511444400
8.30344120000
8.31176795600
8.32009471200
8.32842146800
8.33674822400
8.34507498000
8.35340173600
8.36172849300
8.37005524900
8.37838200500
8.38670876100
8.39503551700
8.40336227300
8.41168902900
8.42001578500
8.42834254100
8.43666929800
8.44499605400
8.45332281000
8.46164956600
8.46997632200
8.47830307800
8.48662983400
8.49495659000
8.50328334600
8.51161010300
8.51993685900
8.52826361500
8.53659037100
8.54491712700
8.55324388300
8.56157063900
8.56989739500
8.57822415200
8.58655090800
8.59487766400
8.60320442000
8.61153117600
8.61985793200
8.62818468800
8.63651144400
8.64483820000
8.65316495700
8.66149171300
8.66981846900
8.67814522500
8.68647198100
8.69479873700
8.70312549300
8.71145224900
8.71977900600
8.72810576200
8.73643251800
8.74475927400
8.75308603000
8.76141278600
8.76973954200
8.77806629800
8.78597671700
8.79430347300
8.80263022900
8.81095698500
8.81928374100
8.82761049700
8.83593725300
8.84426400900
8.85259076600
8.86091752200
8.86924427800
8.87757103400
8.88589779000
8.89422454600
8.90255130200
8.91087805800
8.91920481500
8.92753157100
8.93585832700
8.94418508300
8.95251183900
8.96083859500
8.96916535100
8.97749210700
8.98581886300
8.99414562000
9.00247237600
9.01079913200
9.01912588800
9.02745264400
9.03577940000
9.04410615600
9.05243291200
9.06075966900
9.06908642500
9.07741318100
9.08573993700
9.09406669300
9.10239344900
9.11072020500
9.11904696100
9.12737371700
9.13570047400
9.14402723000
9.15235398600
9.16068074200
9.16900749800
9.17733425400
9.18566101000
9.19398776600
9.20231452200
9.21064127900
9.21896803500
9.22729479100
9.23562154700
9.24394830300
9.25227505900
9.26060181500
9.26892857100
9.27725532800
9.28516574600
9.29349250200
9.30181925800
9.31014601400
9.31847277000
9.32679952600
9.33512628300
9.34345303900
9.35177979500
9.36010655100
9.36843330700
9.37676006300
9.38508681900
9.39341357500
9.40174033100
9.41006708800
9.41839384400
9.42672060000
9.43504735600
9.44337411200
9.45170086800
9.46002762400
9.46835438000
9.47668113700
9.48500789300
9.49333464900
9.50166140500
9.50998816100
9.51831491700
9.52664167300
9.53496842900
9.54329518500
9.55162194200
9.55994869800
9.56827545400
9.57660221000
9.58492896600
9.59325572200
9.60158247800
9.60990923400
9.61823599100
9.62656274700
9.63488950300
9.64321625900
9.65154301500
9.65986977100
9.66819652700
9.67652328300
9.68485003900
9.69317679600
9.70150355200
9.70983030800
9.71815706400
9.72648382000
9.73481057600
9.74313733200
9.75146408800
9.75979084500
9.76811760100
9.77644435700
9.78477111300
9.79309786900
9.80142462500
9.80933504300
9.81766180000
9.82598855600
9.83431531200
9.84264206800
9.85096882400
9.85929558000
9.86762233600
9.87594909200
9.88427584800
9.89260260500
9.90092936100
9.90925611700
9.91758287300
9.92590962900
9.93423638500
9.94256314100
9.95088989700
9.95921665400
9.96754341000
9.97587016600
9.98419692200
9.99252367800
10.00085043000
10.00917719000
10.01750395000
10.02583070000
10.03415746000
10.04248421000
10.05081097000
10.05913773000
10.06746448000
10.07579124000
10.08411800000
10.09244475000
10.10077151000
10.10909826000
10.11742502000
10.12575178000
10.13407853000
10.14240529000
10.15073204000
10.15905880000
10.16738556000
10.17571231000
10.18403907000
10.19236582000
10.20069258000
10.20901934000
10.21734609000
10.22567285000
10.23399961000
10.24232636000
10.25065312000
10.25897987000
10.26730663000
10.27563339000
10.28396014000
10.29228690000
10.30061365000
10.30894041000
10.31726717000
10.32559392000
10.33392068000
10.34224743000
10.35057419000
10.35890095000
10.36722770000
10.37555446000
10.38346488000
10.39179163000
10.40011839000
10.40844515000
10.41677190000
10.42509866000
10.43342541000
10.44175217000
10.45007893000
10.45840568000
10.46673244000
10.47505919000
10.48338595000
10.49171271000
10.50003946000
10.50836622000
10.51669298000
10.52501973000
10.53334649000
10.54167324000
10.55000000000
