y
0.03083164628
0.04600503874
0.05377908100
0.06220225569
0.07035241765
0.07749767417
0.08492978680
0.09207478822
0.09604653732
0.09935181901
0.10225773220
0.10280473720
0.10353689900
0.10413662940
0.10361465070
0.10101385090
0.09721937690
0.09261720823
0.08632878290
0.07984243580
0.07268545590
0.06530817917
0.05705398925
0.04820132773
0.03827206793
0.02683442331
0.01588354648
0.00503848107
-0.00574374208
-0.01001498735
-0.02512219039
-0.03571758222
-0.04642077287
-0.05594474880
-0.06448262917
-0.07191581554
-0.07764573711
-0.08561239193
-0.09042623608
-0.09444095146
-0.09748320629
-0.09877063497
-0.09818727175
-0.09674067710
-0.09582951074
-0.09193050431
-0.08844615237
-0.08392412878
-0.07770254095
-0.07032473713
-0.06257806809
-0.05420532760
-0.04541595676
-0.03643136383
-0.02712336642
-0.01691733915
-0.00664277430
0.00395628665
0.01459600219
0.01922912469
0.03424365448
0.04357818403
0.05249648123
0.06104552961
0.06912514410
0.07688367935
0.08371462116
0.08955650675
0.09420268951
0.09814589615
0.10073122210
0.10290861920
0.10414725470
0.10431854490
0.10401451900
0.10093789400
0.09740457551
0.09291206664
0.08783401755
0.08172209603
0.07472821316
0.06715160552
0.05849418644
0.04919765554
0.03935159660
0.02900442105
0.01854661767
0.00802335933
-0.00284158673
-0.00884498754
-0.02359565277
-0.03380443790
-0.04371443216
-0.05295519450
-0.06179669725
-0.06953566120
-0.07692809218
-0.08326822084
-0.08883724109
-0.09368738143
-0.09719609488
-0.09972524576
-0.10055594140
-0.10030989680
-0.09981538992
-0.09680961522
-0.09360001394
-0.08921377354
-0.08377928591
-0.07698416134
-0.06923504538
-0.06096167811
-0.05215411377
-0.04301036166
-0.03389034131
-0.02411721098
-0.01411116600
-0.00365093774
0.00676410658
0.01214995417
0.02723346916
0.03733155162
0.04694326535
0.05617839619
0.06508903020
0.07328813706
0.08080421323
0.08749592090
0.09305661466
0.09800740943
0.10161025240
0.10419359810
0.10598955070
0.10625324810
0.10599722420
0.10342094260
0.10043596700
0.09628154802
0.09131056652
0.08554452145
0.07868426856
0.07115230803
0.06277132321
0.05366104791
0.04402775659
0.03421498496
0.02353546454
0.01303426592
0.00229390779
-0.00379660591
-0.01950466245
-0.03004222684
-0.04061962961
-0.05013388366
-0.05915349019
-0.06775534152
-0.07579997144
-0.08262458179
-0.08865629950
-0.09361537826
-0.09731558403
-0.09987262903
-0.10124031620
-0.10159884160
-0.10116845220
-0.09872348635
-0.09554263569
-0.09134233405
-0.08613100926
-0.08024262625
-0.07369855064
-0.06638717371
-0.05846847234
-0.04973027528
-0.04055226757
-0.03088653337
-0.02086506399
-0.01027930900
0.00022027177
0.00612338730
0.02157441391
0.03203003505
0.04217602536
0.05197889740
0.06105640638
0.06955946227
0.07727708510
0.08423754257
0.09025669973
0.09507633719
0.09928949468
0.10236055520
0.10413498990
0.10486210300
0.10482882440
0.10283094140
0.10027727120
0.09666651499
0.09200680500
0.08652083484
0.07991227421
0.07241034224
0.06403585508
0.05494334575
0.04507244110
0.03489795858
0.02454908495
0.01335101114
0.00222829219
-0.00382094907
-0.02029323142
-0.03151519018
-0.04155762729
-0.05131092249
-0.06055739424
-0.06888939807
-0.07667537634
-0.08331895323
-0.08877281835
-0.09333630844
-0.09685017721
-0.09939220217
-0.10078092700
-0.10107852700
-0.10099033990
-0.09881329992
-0.09606700923
-0.09241433003
-0.08759147618
-0.08200156089
-0.07570193890
-0.06844520749
-0.06040319635
-0.05175103279
-0.04251277891
-0.03271982408
-0.02272797297
-0.01246471816
-0.00183627348
0.00417977345
0.01903433908
0.02923548147
0.03895487920
0.04863255233
0.05742350591
0.06562817163
0.07336725097
0.08067925103
0.08696919174
0.09233715089
0.09690824035
0.10052716190
0.10298898240
0.10476149650
0.10524858000
0.10478816060
0.10301909880
0.10025241650
0.09623058613
0.09144783406
0.08542919711
0.07867236924
0.07103153700
0.06225028859
0.05319347098
0.04333057107
0.03276506645
0.02249827087
0.01162376752
0.00609066087
-0.01059842474
-0.02165394058
-0.03247293249
-0.04278603083
-0.05250021865
-0.06192741642
-0.07038079934
-0.07803103574
-0.08484004915
-0.09070531691
-0.09548267353
-0.09917904603
-0.10169875790
-0.10323608690
-0.10313409970
-0.10222700340
-0.10017180300
-0.09678315478
-0.09264591428
-0.08699966778
-0.08067794397
-0.07362410878
-0.06537331986
-0.05665374344
-0.04741342747
-0.03765401408
-0.02771403730
-0.01733759989
-0.00680964706
-0.00087219755
0.01421896142
0.02469660570
0.03508424474
0.04506605684
0.05437037695
0.06356678942
0.07204325750
0.07971582322
0.08677958534
0.09307527257
0.09808221398
0.10229253330
0.10544310980
0.10721607380
0.10793220430
0.10735698220
0.10583711400
0.10296620630
0.09890771478
0.09353489308
0.08809577141
0.08080481660
0.07314413217
0.06463968390
0.05531352450
0.04560119062
0.03525429160
0.02463644373
0.01355550336
0.00872728899
-0.00864171412
-0.01985472814
-0.03079882677
-0.04104195894
-0.05140803758
-0.06097380001
-0.06979997709
-0.07752624781
-0.08454037073
-0.09061850459
-0.09550332454
-0.09931361778
-0.10185307710
-0.10349734580
-0.10345220320
-0.10284188800
-0.10089298440
-0.09776645922
-0.09371369295
-0.08847067729
-0.08254689679
-0.07570577801
-0.06839558685
-0.06022276657
-0.05129190762
-0.04217996421
-0.03227416969
-0.02251966131
-0.01232260790
-0.00618729158
0.00883237276
0.01917647514
0.02961645431
0.03966530902
0.04914123922
0.05857818880
0.06718057963
0.07514896272
0.08256138484
0.08877538407
0.09444038091
0.09906702752
0.10236429620
0.10486376560
0.10568653880
0.10623152400
0.10531010260
0.10322357650
0.09988737023
0.09591522591
0.09071908947
0.08443563530
0.07741868189
0.06976451768
0.06107319669
0.05207864405
0.04236522233
0.03231141138
0.02155162239
0.01727001674
-0.00001256526
-0.01098292449
-0.02199027289
-0.03240036990
-0.04264037807
-0.05247424466
-0.06163469668
-0.07037962501
-0.07774049760
-0.08444292390
-0.09013705832
-0.09464963193
-0.09805239678
-0.10043430260
-0.10066717840
-0.10131765510
-0.10008541840
-0.09767895618
-0.09453760961
-0.08991541627
-0.08479540606
-0.07894707369
-0.07234912348
-0.06435664404
-0.05640027793
-0.04757774979
-0.03810268931
-0.02819361734
-0.01777040564
-0.01251639092
0.00330436920
0.01396045169
0.02474172205
0.03510502134
0.04514641830
0.05490011913
0.06383119361
0.07234721770
0.08012897730
0.08716801340
0.09324839152
0.09852011801
0.10256102260
0.10569489730
0.10654460280
0.10842867750
0.10817618250
0.10679128830
0.10422952900
0.10045531210
0.09597425650
0.09003946214
0.08333206165
0.07568345281
0.06726219529
0.05804202854
0.04811786500
0.03774599035
0.02710220425
0.02237212063
0.00465659316
-0.00641630119
-0.01760449285
-0.02848280540
-0.03909221665
-0.04874310613
-0.05851082127
-0.06720366940
-0.07481718139
-0.08201887201
-0.08808931451
-0.09311819421
-0.09695619983
-0.09991418699
-0.10070637700
-0.10201065350
-0.10161219460
-0.09975025680
-0.09688207343
-0.09305665926
-0.08839885553
-0.08269543916
-0.07618265137
-0.06881654032
-0.06085754140
-0.05249962480
-0.04307557707
-0.03332347469
-0.02332639398
-0.01856614468
-0.00231000981
0.00815691258
0.01861377344
0.02904782280
0.03936637188
0.04900750373
0.05806785956
0.06686950577
0.07488169897
0.08198528583
0.08843545604
0.09415614117
0.09854134778
0.10200969770
0.10311195570
0.10553836560
0.10589819510
0.10482065510
0.10274528950
0.09948601783
0.09518241668
0.09005115431
0.08352645488
0.07652449321
0.06843189834
0.06011073284
0.05080547724
0.04096887176
0.03051834637
0.02583840582
0.00938225883
-0.00166668185
-0.01254981732
-0.02329824846
-0.03356402866
-0.04429625183
-0.05425146271
-0.06357330839
-0.07208236239
-0.07967907154
-0.08678565998
-0.09240902581
-0.09726156556
-0.10093928220
-0.10226170460
-0.10447982710
-0.10427245650
-0.10313449410
-0.10063227350
-0.09705822636
-0.09238850575
-0.08654436576
-0.08022522005
-0.07323555531
-0.06533255162
-0.05676505768
-0.04781944809
-0.03812370448
-0.02813920836
-0.02361525878
-0.00714347821
0.00365145337
0.01441229456
0.02513699372
0.03543607696
0.04556508834
0.05503002641
0.06420504782
0.07274789286
0.08015079329
0.08717254222
0.09313138605
0.09807561960
0.10212760710
0.10348145450
0.10700076830
0.10787008850
0.10716586630
0.10580272180
0.10316889020
0.09946868140
0.09471285072
0.08917379333
0.08293695653
0.07501217157
0.06693012162
0.05764634815
0.04798922911
0.03739586913
0.03210301911
0.01564672555
0.00450431835
-0.00674188167
-0.01807236176
-0.02926511039
-0.04008695026
-0.05040627523
-0.05977883446
-0.06920530357
-0.07709523647
-0.08417036865
-0.09051163857
-0.09567582379
-0.09994369484
-0.10129531880
-0.10431888860
-0.10485938830
-0.10425518530
-0.10260110980
-0.09980924119
-0.09599316010
-0.09098297051
-0.08516560537
-0.07844590582
-0.07102533915
-0.06274842762
-0.05406922887
-0.04466057869
-0.03468588695
-0.03027534077
-0.01404343445
-0.00358855687
0.00727603626
0.01797512445
0.02839841811
0.03856497095
0.04835965207
0.05770150051
0.06651376359
0.07457957023
0.08186778617
0.08838471331
0.09423304843
0.09898494701
0.10092714200
0.10551813870
0.10701513410
0.10765312040
0.10704125330
0.10520244940
0.10256453370
0.09864903369
0.09351723166
0.08795632433
0.08089771074
0.07277949045
0.06404714210
0.05443104048
0.04409371220
0.03813293795
0.02230071493
0.01058729343
-0.00076086476
-0.01232484152
-0.02360328898
-0.03530880130
-0.04564693008
-0.05564731854
-0.06524754960
-0.07389238554
-0.08132332273
-0.08822746594
-0.09418539287
-0.09907286111
-0.10111685980
-0.10472364360
-0.10597048660
-0.10592640030
-0.10437368030
-0.10177621710
-0.09794301224
-0.09318357818
-0.08759664996
-0.08043049389
-0.07249161770
-0.06401366579
-0.05476559401
-0.04447315686
-0.03470576086
-0.02984125301
-0.01355704042
-0.00286165547
0.00769440461
0.01856055310
0.02904250852
0.03889117115
0.04867075975
0.05833090002
0.07085618851
0.07897827713
0.08617011149
0.09262778363
0.09780898482
0.10241470820
0.10431004430
0.10797331500
0.10904326420
0.10898737250
0.10787402100
0.10529777160
0.10175578390
0.09685897791
0.09131907966
0.08435395698
0.07685327626
0.06841471547
0.05913621562
0.04932572515
0.03862728669
0.03382189344
0.01652640614
0.00497389077
-0.00646200279
-0.01795107710
-0.02934816335
-0.04024733069
-0.05067929665
-0.06042391990
-0.06988626722
-0.07805067020
-0.08538724376
-0.09120340653
-0.09629620204
-0.10006358920
-0.10125951350
-0.10438130720
-0.10458961450
-0.10380896630
-0.10176712790
-0.09875385057
-0.09455561441
-0.08951481963
-0.08361304940
-0.07676212128
-0.06899799989
-0.06056845969
-0.05157567082
-0.04207624024
-0.03223375695
-0.02677586389
-0.01172848688
-0.00100794665
0.00939592479
0.01969768133
0.02997886191
0.04005952225
0.04967535555
0.05870250071
0.06732688804
0.07522990473
0.08260721297
0.08864915858
0.09425280255
0.09862839415
0.10094376050
0.10486520820
0.10647469510
0.10661244790
0.10576698560
0.10373661550
0.10057865760
0.09670509632
0.09180739203
0.08559467996
0.07906225300
0.07113671508
0.06276617750
0.05378741457
0.04413410991
0.03996439348
0.02388070795
0.01328102288
0.00255331927
-0.00884895602
-0.02029069174
-0.03172390183
-0.04266156051
-0.05288115758
-0.06240829716
-0.07120659130
-0.07904739679
-0.08603759774
-0.09181084263
-0.09641095903
-0.09800071550
-0.10224893310
-0.10348516210
-0.10358673430
-0.10226911280
-0.09993276337
-0.09633246252
-0.09194521995
-0.08642071400
-0.08007942958
-0.07273718251
-0.06501587946
-0.05584621035
-0.04631287684
-0.03679500298
-0.03220559176
-0.01639986313
-0.00575407169
0.00481861249
0.01534701974
0.02594952679
0.03621627354
0.04609053506
0.05552063879
0.06449495017
0.07263896044
0.08024699264
0.08694591416
0.09271979657
0.09744285821
0.09925627505
0.10406267240
0.10601152380
0.10671532680
0.10650255120
0.10501014190
0.10235843450
0.09885570118
0.09431247843
0.08894579340
0.08254906394
0.07538778555
0.06755321482
0.05922540047
0.05004919461
0.04569155310
0.02894895612
0.01833918399
0.00702006105
-0.00428214598
-0.01532254339
-0.02601398220
-0.03693275456
-0.04694059383
-0.05669707188
-0.06546572919
-0.07351042196
-0.08079395768
-0.08690928209
-0.09242372855
-0.09430837141
-0.09984235997
-0.10181349150
-0.10286807960
-0.10271918240
-0.10155963660
-0.09917088423
-0.09569965113
-0.09100517412
-0.08565277106
-0.07911460977
-0.07190427556
-0.06405730626
-0.05511208875
-0.04563729411
-0.04128501825
-0.02548503721
-0.01472823051
-0.00420674641
0.00698157037
0.01789465620
0.02851019403
0.03884684869
0.04857867919
0.05800976313
0.06661437706
0.07503670212
0.08245226669
0.08891408258
0.09462122043
0.09675005457
0.10310938360
0.10569812100
0.10744546120
0.10789564930
0.10732942790
0.10561363590
0.10263920720
0.09861903390
0.09367628410
0.08758386289
0.08074651488
0.07307453834
0.06443508160
0.05500494063
0.05046089064
0.03474759546
0.02406728847
0.01307668902
0.00131021995
-0.00999398876
-0.02102286588
-0.03210233140
-0.04256233880
-0.05289770945
-0.06213451139
-0.07080162105
-0.07825550234
-0.08542379504
-0.09144933257
-0.09368906890
-0.09988426490
-0.10300504620
-0.10433463040
-0.10458225020
-0.10363240110
-0.10144018080
-0.09811829639
-0.09369128762
-0.08813220001
-0.08183896682
-0.07474366399
-0.06674627175
-0.05817741085
-0.04880063474
-0.04488042566
-0.02926939997
-0.01884597839
-0.00815917642
0.00265044844
0.01334940091
0.02392351213
0.03416644956
0.04404940835
0.05354750952
0.06268971712
0.07097303825
0.07849727288
0.08560633258
0.09160091221
0.09419037808
0.10106229370
0.10422025870
0.10622054600
0.10708074210
0.10683483420
0.10554184360
0.10307841160
0.09967747828
0.09524749091
0.08954820310
0.08308746529
0.07580975760
0.06786266205
0.05875844482
0.05409526503
0.03935567008
0.02862236221
0.01742965630
0.00614163611
-0.00524341083
-0.01675877901
-0.02742756522
-0.03856939959
-0.04888177704
-0.05891551307
-0.06790740469
-0.07649217080
-0.08388200272
-0.09007636062
-0.09296957932
-0.09986281762
-0.10275639730
-0.10451795480
-0.10537082980
-0.10468608500
-0.10296980290
-0.09980972625
-0.09596524870
-0.09073906840
-0.08448850210
-0.07729104526
-0.06958451774
-0.06099658536
-0.05154668309
-0.04752981220
-0.03153433895
-0.02095053950
-0.01006585759
0.00137443872
0.01212270822
0.02307260469
0.03367326704
0.04424640758
0.05415901136
0.06347847902
0.07216389123
0.08003791498
0.08735486358
0.09375105909
0.09593528854
0.10310346200
0.10617837860
0.10819163470
0.10902656780
0.10887116200
0.10790589390
0.10552879350
0.10210350000
0.09760314629
0.09196766732
0.08563483864
0.07814335272
0.07018494983
0.06109934414
0.05614248453
0.04168765376
0.03074396174
0.02021850727
0.00933053030
-0.00224249488
-0.01364479577
-0.02458439860
-0.03540476694
-0.04575572912
-0.05512989044
-0.06416276482
-0.07230439754
-0.07942186190
-0.08576112856
-0.08871655472
-0.09514588590
-0.09800329250
-0.09971439359
-0.10052623690
-0.09999504984
-0.09806453484
-0.09543296517
-0.09137061074
-0.08655322673
-0.08025308494
-0.07349962800
-0.06594451439
-0.05748508098
-0.04846457585
-0.04439886185
-0.02898367363
-0.01852879842
-0.00766139640
0.00343070257
0.01444355561
0.02505168835
0.03557627301
0.04618852890
0.05608217958
0.06528271943
0.07388198445
0.08140289239
0.08868818137
0.09475031374
0.09759527082
0.10429907700
0.10754603120
0.10942574760
0.11035733470
0.11048188700
0.10918020730
0.10688003260
0.10349855920
0.09935845929
0.09383993410
0.08747802303
0.08031591788
0.07184281069
0.06354494116
0.05865950974
0.04413163679
0.03392412713
0.02333368268
0.01244301192
0.00122633468
-0.01007773194
-0.02111699237
-0.03167332443
-0.04197933206
-0.05184132824
-0.06056148803
-0.06881622489
-0.07640917365
-0.08301843675
-0.08633049208
-0.09309957573
-0.09655894371
-0.09905829561
-0.10028183940
-0.10036428370
-0.09915680526
-0.09701053824
-0.09356316914
-0.08894051161
-0.08325943488
-0.07647227816
-0.06902615561
-0.06043158843
-0.05169365264
-0.04673998604
-0.03220311842
-0.02183563392
-0.01129977818
0.00009358560
0.01046484258
0.02105449489
0.03164372576
0.04167179032
0.05148711741
0.06072127366
0.06924666209
0.07714669466
0.08457539387
0.09091319587
0.09379781698
0.10104083680
0.10467074500
0.10746931880
0.10873707260
0.10904136230
0.10857266000
0.10675838770
0.10396092140
0.10005437730
0.09527595014
0.08959792663
0.08269783461
0.07509720513
0.06678587505
0.06176057883
0.04808117091
0.03796861622
0.02777467031
0.01704654761
0.00616841437
-0.00498336832
-0.01577182653
-0.02654492879
-0.03700653743
-0.04697773793
-0.05651717390
-0.06527711849
-0.07327007954
-0.08018675601
-0.08371372974
-0.09128099595
-0.09516141011
-0.09795362468
-0.09972227052
-0.10024042030
-0.09937165007
-0.09747547786
-0.09445401928
-0.09016286858
-0.08502841379
-0.07870045695
-0.07160794076
-0.06364563300
-0.05470459842
-0.04953770173
-0.03574595179
-0.02537166148
-0.01495520560
-0.00424550220
0.00629444779
0.01657446704
0.02732101993
0.03763405310
0.04727530120
0.05717611140
0.06564085225
0.07406419079
0.08136330576
0.08862834391
0.09177498571
0.09942513824
0.10354483140
0.10658348860
0.10849021790
0.10929372820
0.10911638510
0.10777111510
0.10542691220
0.10217822800
0.09770037408
0.09228723704
0.08586905992
0.07840805145
0.07039152681
0.06534317094
0.05223542523
0.04245285777
0.03216761352
0.02157609744
0.01067380439
-0.00019734960
-0.01120063753
-0.02188258419
-0.03244448301
-0.04271225994
-0.05228623468
-0.06115789876
-0.06959778849
-0.07695215455
-0.08065139681
-0.08869806335
-0.09303376936
-0.09616081976
-0.09842660635
-0.09940428831
-0.09923118238
-0.09789498826
-0.09545176213
-0.09195541790
-0.08706291279
-0.08131994203
-0.07472952746
-0.06700621839
-0.05855572300
-0.05340729293
-0.04010424745
-0.03007708104
-0.01981248001
-0.00877929468
0.00188623679
0.01262211514
0.02318244071
0.03382999198
0.04393760120
0.05312762553
0.06211008639
0.07058593114
0.07840966841
0.08525329781
0.08855619791
0.09678468215
0.10113745760
0.10440330340
0.10661415500
0.10792333240
0.10816669620
0.10719757440
0.10529495320
0.10238358010
0.09842224863
0.09349937636
0.08757378505
0.08078880139
0.07308754359
0.06850748149
0.05563086657
0.04603831002
0.03607728469
0.02585184175
0.01527354055
0.00460608628
-0.00655668384
-0.01741650578
-0.02796395420
-0.03816282598
-0.04803191964
-0.05737948512
-0.06599970339
-0.07327467703
-0.07724704101
-0.08576649478
-0.09032046533
-0.09363221298
-0.09621542630
-0.09757909047
-0.09788972248
-0.09706191917
-0.09492694580
-0.09181276421
-0.08760909502
-0.08247151995
-0.07628595866
-0.06953913379
-0.06155099415
-0.05672493033
-0.04311493684
-0.03332595048
-0.02390427957
-0.01221377511
-0.00219305462
0.00882859119
0.01944323668
