r
0.07201939932656398
0.07175779069469719
0.07148945650995561
0.07156097472699072
0.07123245112377442
0.07114902979906682
0.07113579128423239
0.07109721813657863
0.0706293973859402
0.07075074413710347
0.07013629988318695
0.07020452149719804
0.06972188861106868
0.06999383933512592
0.06993625097019632
0.07008863458895988
0.07025507914851781
0.07009200952923425
0.06990559472735558
0.06966460278039097
0.06928239119675617
0.06951844393708456
0.0693733533188485
0.06969479486262484
0.06965414916417664
0.06962370379652008
0.06937142371733593
0.06933558775471067
0.0693491186004877
0.0693814162567838
0.06946815087454444
0.06959909201656249
0.06981098359890496
0.07008406157653845
0.07017703806176918
0.07030167022475806
0.07020040977157566
0.07017460477605354
0.0703409572726625
0.07045185495077796
0.07058581584826311
0.07084664233367004
0.07088919059052089
0.07095826642790057
0.0711292299621591
0.07130133296755446
0.07148250654480057
0.07145264937659634
0.07162565749401707
0.07171899502891423
0.0716793271456232
0.07166141116418087
0.07187996749380496
0.07189318176739529
0.07222182028702323
0.07218162709519234
0.07226843512197552
0.07226367725486381
0.07245387430424642
0.07229143593000395
0.07241660332108867
0.07239690203079945
0.07255904832243172
0.07231435785148513
0.0723565465918238
0.072414238182791
0.07253881689657599
0.07278247631654183
0.0728543265640846
0.07268911640485351
0.07284983878996569
0.07254421144071575
0.07220435536200077
0.07212472549322076
0.07202434787356501
0.07221008584882338
0.0722484809287311
0.07205491442887146
0.07207282771442493
0.07215581550673894
0.0722447710214432
0.07224156227096867
0.07219256978837268
0.07214996829905336
0.07230156182544158
0.07223934948498312
0.07226108868457592
0.0720227462371815
0.07186514760784407
0.07173658585953654
0.07182143645336614
0.07181819527113811
0.07145868684541949
0.07112004828995265
0.07123597315380448
0.07109091822120839
0.07137032379396115
0.07116979120250087
0.07110467196845248
0.07106505121009297
0.0711127624019388
0.07079788285163606
0.07086359101907569
0.07075404255139947
0.07062810555199149
0.07024473781904673
0.07035666201069571
0.07017866260231993
0.07009877618320115
0.07000595054098258
0.06977545677671014
0.06963097109622585
0.06992585431518945
0.07002608594746114
0.069995573896338
0.07002267887330092
0.06984818703292661
0.06992748662368882
0.06982302529985966
0.0698336187860982
0.0698014676180359
0.06992165907921523
0.07001010399689286
0.0701975798073273
0.07017602361369171
0.07028371187111115
0.07038155584265192
0.07069161544603957
0.0709397498876311
0.07106368847759428
0.07097585218657579
0.07122346255059639
0.0713427177486497
0.07134418818352692
0.07151812915090552
0.07140194122569843
0.07138829769229797
0.07165364293691397
0.07186526097928334
0.0722794281994597
0.07224440141994656
0.07232699406836805
0.07224675536291565
0.07229119150075768
0.07228410254308487
0.07249814406103414
0.07245944836136761
0.07263686845343854
0.07278349636536939
0.07252982880205336
0.07267738046410022
0.07266771629681487
0.07277356664022673
0.07281452370458819
0.07309277753677154
0.07300709859536282
0.07295680987996767
0.07300172873299221
0.07310540506972998
0.07296838718566456
0.07275622283714171
0.07224765229575773
0.0719953327545514
0.07226042616720557
0.07253331457694945
0.07228100129854091
0.07219300572806035
0.07238608795965969
0.07258660141211765
0.07253288303605102
0.07243514013448367
0.07177939981443446
0.07152352127118686
0.07155614670976787
0.07146730607766826
0.07131256185669155
0.0709472772257076
0.070864923725048
0.0707591108522592
0.07054878970560052
0.07049600508527193
0.0703881530954908
0.0705456408260952
0.07046283197302883
0.07049323223188844
0.0701500729534926
0.06983098671428549
0.06982311879844579
0.06974445445903418
0.06980795125793568
0.0696666715526535
0.06950311519086802
0.06952891394244233
0.06958369350540655
0.06973543181153126
0.06954335225368793
0.06956187503992917
0.06927217469717208
0.06909299840183855
0.0687496103155496
0.06890354772111791
0.06898610312070744
0.06925024305663963
0.06921091665605478
0.06928092364341241
0.06924431324825459
0.06942435383240009
0.06931434591246044
0.06930305684120461
0.0693444703852901
0.06936304358586783
0.06963404353777727
0.0698054261132295
0.07008104797033293
0.07029633540862919
0.0705717546300042
0.07069230904976977
0.0709479237557072
0.07112276675522262
0.07125706730489509
0.07139104096666554
0.07158460028553612
0.0717367205041739
0.0718888112398633
0.07184988135253668
0.07205058026652163
0.07226557910689524
0.07218774926225639
0.07214711099164801
0.07220835314488697
0.07215187862735406
0.07237956433532457
0.07283390236508051
0.0728185028122013
0.07317203445244558
0.0734543471771613
0.07345757742844848
0.07326310303627034
0.07331297581342541
0.07294676146552236
0.07297725718347425
0.0731649838151263
0.07343530722857111
0.07348357821784435
0.0738930075860339
0.07398033941861885
0.07395589678437389
0.07382887990252411
0.07385244876958877
0.07335395010382399
0.07324552067920877
0.07293037040958367
0.07262577087625663
0.07234890653314323
0.07245610035342206
0.07269093878157395
0.07262788213569722
0.0725182041551527
0.07216852900604101
0.0721468829734491
0.07196562313297977
0.07194262465581248
0.0719396842081185
0.0719367706790136
0.0718583006304825
0.07169066276344194
0.07134946898583909
0.07125742440627253
0.07113308017418646
0.07055925310215896
0.07036476198212023
0.07004626140095052
0.06995199293321462
0.06976938556198176
0.06944935118974827
0.06955033203604415
0.0693003674335779
0.06955660230679235
0.06960632368674166
0.06965529103889345
0.06961144630501388
0.06962884444123112
0.06936438404421713
0.06945804081077253
0.06936267056742723
0.06913757718623481
0.06910883940005165
0.06914775603027776
0.06923070343740745
0.06927723792197134
0.06958073220319931
0.06964541897550844
0.06977249772269462
0.06968267590766995
0.06967370857129951
0.06960475202724604
0.06958614936266708
0.06943827514074151
0.0694428936327074
0.06962033691694623
0.07009265267673384
0.07031511078272033
0.07038001096828138
0.07058994677990386
0.07060976359695052
0.07061998483871992
0.07092684145883901
0.07113697472015462
0.07119135692653371
0.07133725870041525
0.07142652424720028
0.07126022858922637
0.07140546414579596
0.071549108428494
0.07183142549261207
0.07180590441023918
0.07200090573548994
0.07210380795134207
0.07190207592430957
0.07204603173442216
0.07206639631898829
0.07236299138816397
0.07242466325962442
0.07272499136075478
0.07276300022218336
0.07311741595946208
0.07316496628900451
0.07308077017865533
0.07290867350619598
0.07299848974950922
0.07281058848239381
0.07297343123574311
0.07312033915468563
0.07326670686935198
0.07325781752067446
0.07333837251803765
0.07345814108544697
0.07340768771234048
0.07342597236710165
0.07305522873976777
0.07320751971089856
0.07309320846491589
0.07279695875673527
0.07286864209430621
0.07295418498160854
0.07281884253850708
0.0726343635562165
0.07264106572457076
0.07247606453833748
0.07224359887313096
0.07219148077469686
0.0721258131390488
0.07195203413408015
0.07194668741153562
0.07167379007573511
0.07156931093894581
0.07154165986530957
0.07119536722881395
0.07106220408434168
0.07099923952562848
0.07081187591110578
0.0706465791769881
0.07045959867918315
0.07023916827165416
0.07013103105345808
0.07007463243784488
0.07002514116153596
0.07009819369218655
0.06984477138823839
0.06991855274363366
0.06969482991734927
0.06967472311173445
0.06940315098341424
0.0693124844715203
0.06913087891215253
0.06896107885361569
0.0689058816787974
0.06887882530490223
0.06893575985644561
0.06905730749592258
0.06919677978770143
0.06943512059779061
0.06939258169833433
0.06955928244492424
0.0694293094436155
0.06939802336611012
0.06948092586034135
0.0694277480396255
0.06958391519728165
0.06981909132584686
0.07007023432647663
0.07021224252497235
0.07009574991677864
0.07024052418516624
0.07075326582670632
0.07087088251548465
0.07101658075968972
0.07138718624884346
0.07125882782545091
0.071330323704637
0.07129853043293258
0.07149941458636212
0.0716049830829952
0.07200543712070004
0.07208968074057773
0.07231426087006522
0.0721592422958478
0.07244487965060496
0.07238927509120639
0.07227780321123728
0.07242631711872176
0.07253903924617776
0.07270617370365158
0.07289859652327245
0.07296182139872785
0.07297629626972296
0.07313602540731164
0.07299441204895805
0.07301226130123806
0.07292692223072958
0.0730728418764075
0.0729981937758428
0.07334819429763541
0.07333076886513065
0.07349335041047032
0.07353107797706133
0.07312857184967433
0.07293552233752568
0.07271098115010816
0.0725013847911497
0.07238361925994799
0.07247418543996732
0.07265575502148987
0.07278846981832972
0.07271997322962973
0.07280679055714015
0.07242053950576696
0.07243608562748977
0.07238595089731016
0.07224659080697773
0.07192938409596798
0.07195826458984816
0.0718188835550516
0.07148037621549153
0.07109731458016623
0.07106888681927094
0.07087385837485846
0.07091170881895434
0.07057988622162689
0.07033189713172729
0.07033373907999511
0.07021110688159679
0.07033145683669825
0.07016644225024175
0.07006135325837634
0.0699090522278198
0.06983702216865163
0.06964066402659454
0.06962047723344085
0.0694542812945328
0.06941807347780456
0.0694961893987643
0.06924196423660083
0.06913606846070117
0.06899574849924862
0.06898149064859557
0.06888667198259692
0.06897000562631858
0.06884449185487596
0.06894883593501898
0.06891607024985145
0.06924198895549655
0.06917094235911875
0.06945682399630473
0.06921900600293335
0.06935469705196298
0.0696351076808228
0.06971029889651367
0.06993267451994166
0.07032379677985945
0.07055648692941682
0.07099886159069052
0.07117177221419231
0.07123722939255724
0.07155970121772594
0.07178820678342245
0.07200686970874436
0.07215915138399907
0.07230442024195416
0.07241870423279416
0.07270194541001566
0.07311230122915416
0.07309233537631404
0.07332885938790215
0.07362694456640854
0.07391668745911958
0.0744246514933278
0.07432508274965538
0.07420122634904809
0.07462205982617576
0.07475388397803229
0.07424148158864856
0.07453034110168483
0.07470822965577723
0.07520519745620197
0.07480822412247638
0.07488687059551717
0.07492617550570592
0.07518483383177475
0.07485025084678354
0.07495156695849561
0.07467340026431965
0.0746908000428098
0.07441453183562927
0.07405191848675606
0.07395890114419534
0.07405798211844793
0.0740207153120622
0.07434620722770362
0.0737204814459411
0.07354794617737248
0.07363991707205252
0.07350282333926225
0.07318316550200238
0.07311453219401486
0.07280784247097308
0.07265281639789338
0.07238615842091935
0.07214833872971238
0.07144820621935852
0.07132965422790832
0.07113187221430507
0.07083182195242603
0.07060878092265058
0.07040932315800752
0.07009023043620759
0.07000276053098306
0.06984098496572279
0.06961944524641728
0.06945377555144396
0.06910291068874985
0.06896528118594691
0.06888440310924625
0.0684248803184137
0.06855661352825197
0.06825906328246525
0.06798261608052583
0.067898216784042
0.06805507524231674
0.0678601661354168
0.06800231867283137
0.0679848985978595
0.06773052596917745
0.06767240697770172
0.06793598837565837
0.06757149087504448
0.0676177650911854
0.06748578063544995
0.06769699287031608
0.0676286580534587
0.06802809880090682
0.06807136755760612
0.06832685765285264
0.0685339801649987
0.0686482357009234
0.06878711140055356
0.06922557545692393
0.06955107714011845
0.07001235454750906
0.07011663499772178
0.07012477767892478
0.07034205405362681
0.07045895721372765
0.07093243559422902
0.0713334908935992
0.07161135226767018
0.07188582932170524
0.07203251653991127
0.07226270234737865
0.0725601407446861
0.0725618192250025
0.07251801355873856
0.07243076078367328
0.07279269071104184
0.07262233854031198
0.07320414847015802
0.07333861875770473
0.07375762854376998
0.07335131799300516
0.07366807777270976
0.07370832134086915
0.07389485828017772
0.07402457721606667
0.0740621933120063
0.07434678386531038
0.07435083733081106
0.07450722871698755
0.07430738587465775
0.07463584743346385
0.0746035952125338
0.07496265650370898
0.07508611265852116
0.07520822729171864
0.07518534340647455
0.07529894470979052
0.07533260697554897
0.07531478743423684
0.07523576980385906
0.07476379479470947
0.0742692645572353
0.07410013996850896
0.07414152172334477
0.07407319122140558
0.07424867552076077
0.07406054051570835
0.07381962465778567
0.07359405813738838
0.07295781263631981
0.07291608047750364
0.07273622522450399
0.07243333743868972
0.07214986192405168
0.07189582370438075
0.0713659446395853
0.07141217317128472
0.07121592127250916
0.07126184590243954
0.0708531994729332
0.07045348040918238
0.07028391814166457
0.07008006671978252
0.06979443284953829
0.06957167478512412
0.06936631273454004
0.06918125284872517
0.06915470819276764
0.06907320387251065
0.06891010271251924
0.06880016781701924
0.06846972069678327
0.06810780672481671
0.06808637435866727
0.06796846964887775
0.067978020656471
0.06780670686789804
0.0676267290560507
0.06782452908500056
0.06794524078554375
0.06792191999088588
0.06789935052390654
0.06781719285251711
0.0677954091359186
0.06805565678983257
0.0684073805514397
0.06870465487450875
0.06897921063534697
0.06911017462166608
0.06938940313128619
0.06985106238094145
0.07020377471982621
0.07057738731150981
0.07068502505684432
0.0707755092949357
0.07087153438336978
0.0714181232676112
0.07177169625219904
0.07202033513810185
0.07220551937789914
0.07272565217038258
0.07280541136825837
0.07270353467572814
0.07278577203850059
0.0729280571565927
0.07315108301481824
0.07354968267817194
0.07369878690364504
0.07379167785526478
0.07421655680779803
0.07430213953319215
0.07452301582093795
0.07447939310898903
0.07449479096395935
0.07422304310786938
0.07440996494312843
0.07412455912746123
0.07395857786303005
0.07395220023424226
0.07424986922916718
0.07466353319801777
0.07485485370006775
0.07494263577764544
0.07482335548284064
0.07455702761956713
0.07441127872895906
0.0743838868981398
0.07367974287661835
0.07351321034576422
0.07297435185916269
0.0730906830377807
0.07307264923333574
0.07293311177334089
0.07269574729375768
0.07244740367358021
0.07186300917734632
0.07155553228019039
0.07109312683016698
0.07089904066273925
0.07070325509476529
0.0706212360034542
0.0703035488187356
0.06994691860556135
0.06938906560992178
0.06913638879432292
0.06877502159905295
0.06857300766122297
0.06796505303832108
0.06758147023033888
0.06738212419395304
0.0672845080686149
0.06747202271824532
0.06709846064504359
0.06688263860614932
0.06634338591070199
0.06639063908487872
0.06616333341117173
0.06633096050997293
0.06666785552010228
0.066564620564166
0.06656793958257975
0.06654955461296488
0.06679278768351163
0.06690989635550121
0.06712644857534203
0.06724062661230555
0.0673439522894533
0.06690391907082467
0.06663461104508453
0.06643423635220151
0.06662245729361783
0.06722671387067426
0.06753695316075754
0.06797003862371671
0.06822954470207618
0.06820345418545343
0.06882799055457278
0.06928077647505941
0.0697714030140772
0.07005716422930872
0.0703540518503112
0.07059135599532201
0.07115436565709163
0.07137125140728613
0.07185511514952973
0.07189222432991448
0.07210840541536502
0.07230811704343433
0.07265882042956452
0.07277562280235106
0.07305091320759796
0.07353261759815684
0.07378391995836193
0.0739871173604903
0.07442148633430212
0.07476410405854819
0.0750092507724086
0.07534580854656145
0.07523098118473301
0.0757861684552129
0.07580464246331622
0.07560625699389088
0.0755907037585433
0.07577316980097898
0.07537345389475814
0.07537823136185752
0.07537620874604159
0.07565140013426373
0.07569839231139339
0.0760573853612506
0.07578069315116327
0.07591779627848601
0.07541709315834325
0.07509978272195063
0.07468639611524608
0.07452721485597813
0.07426765097321207
0.07408939632749754
0.0739135922851819
0.07374024300213347
0.07377125065587735
0.07355295990999582
0.07336548190673323
0.07302843738482649
0.07246805113261212
0.0720136736515861
0.07198196172567481
0.07162162311139313
0.07123257705751622
0.07068169858563539
0.07013958251101153
0.06990723303801413
0.0694545600464134
0.0689035114874235
0.06842276756522077
0.06815307175909109
0.06767963582190985
0.06752799711549616
0.06714517315433427
0.06698915416721277
0.06672391825045512
0.06691573465645688
0.0665458745232841
0.06653935894326053
0.06618156686100389
0.0659502950800878
0.06561473801441146
0.06526558397428482
0.06524247079101252
0.06496511732790576
0.06498137032225346
0.06514431203870945
0.06533525171621916
0.06561299022141802
0.06577559784189861
0.06584595107924374
0.06585805684399651
0.06578235902001339
0.06605260805063627
0.06616100098178562
0.06630517693584011
0.06651930743085646
0.06662991678885428
0.06670687431576552
0.06719293992419947
0.06753260573300895
0.06823855378303945
0.06850672352410768
0.06898600676294088
0.06941722110707019
0.06966097011963765
0.06983691324966768
0.07037286478013763
0.07057675930646698
0.0711756431955269
0.07159528463154995
0.07183750632744067
0.07224315524149996
0.07259523272700225
0.07276956518851661
0.07299269649963351
0.0732005386039609
0.07374662955114511
0.07392853407382477
0.07419349090500657
0.07449004947869547
0.0743241933996731
0.07482541095561564
0.07472550891342931
0.07480147919622293
0.07509169342518002
0.0751894902333737
0.07515742074695342
0.07515475043818932
0.07508616330437061
0.07530022565980536
0.07562765496045672
0.07566431674992677
0.07548923446856647
0.07541199064995785
0.07525358801432325
0.07535243662955139
0.07483206308506796
0.07456734947535272
0.07428823546008533
0.0740715051142109
0.07403716863843736
0.07406863693269483
0.07392960343557929
0.07377546965924804
0.0734228449111324
0.07307337919669134
0.07277914960580228
0.07261919518088268
0.07244456720463625
0.07219151294107184
0.07208991966561512
0.07131293630073218
0.07092675496026266
0.07033637991900303
0.07004972074360992
0.06966966735545506
0.06936242593135464
0.06889132075166211
0.06846480122497046
0.06818606871111238
0.06780263546266217
0.0675775367970227
0.06740146578993565
0.06698756346291936
0.0669780887063649
0.06678240661586712
0.0665019300999734
0.06617714660340765
0.06570371227501022
0.06581705877271712
0.06539822353612214
0.06541996825319737
0.06551027467122485
0.0655327178075306
0.06556012242697072
0.0658065159910386
0.06594918417420892
0.06607043833238867
0.06610815956607508
0.06624614775751962
0.06625612233158962
0.0665902433729543
0.06666963123790709
0.06694607688442673
0.06721381868309798
0.0674667743182396
0.0679812856417365
0.0682340198722739
0.06872780077171958
0.06914572764586852
0.06943328905418443
0.0697270888079058
0.07019016581709445
0.07041999664385164
0.07074177838343007
0.07107973713987202
0.0712854831977969
0.07170148382983713
0.07201873349917133
0.07241906725834114
0.07269874151903279
0.0728596874066358
0.07330127353341301
0.07329465906855206
0.07367742997358956
0.07374064621569154
0.07412644403644052
0.07393584758922651
0.07438505756681532
0.07444401040873119
0.07461856539087855
0.07466831920248919
0.0747120755221975
0.07474244117978297
0.07487384229851665
0.07504688751573081
0.07501264602553659
0.07524920690421386
0.07509185594634415
0.07496646315613748
0.07516006261158537
0.07489566783789457
0.07480357700407884
0.074701508394064
0.0741333538266554
0.07419088136060759
0.07389201320544567
0.07385550915562147
0.07363674286575078
0.07366627740227306
0.07303157436749896
0.07285444273706651
0.07276789966209761
0.07271554105219295
0.07247326977010722
0.07197923288269575
0.07162926432127283
0.07142426262223577
0.07126425491796196
0.07093330645754121
0.07070706319061325
0.07028035874669934
0.0698410531145842
0.06951738942359278
0.06956339434573296
0.06932849615318697
0.06914919392162826
0.06892039031002338
0.06856149115463504
0.06841126981124473
0.06820480700723973
0.068187523078669
0.06814003609438177
0.06806245547452122
0.06806268194587742
0.06798108377535202
0.06810830078563021
0.0681219423763479
0.06787819382515195
0.06777822344519269
0.06758167398478637
0.06744033623233574
0.06747439537089624
0.06757289449341614
0.06753340029869792
0.06749591908559158
0.06795338202379299
0.06786459192807355
0.0680729963999622
0.06870587829147981
0.06860930398900485
0.06903677977235398
0.06914300620015082
0.06916926695770795
0.06935238953681208
0.06953081856867194
0.06993939613175869
0.07018250395632877
0.07055847204858948
0.07096109522021331
0.07134294337405164
0.07155572794406759
0.07198139753881408
0.07193954467080031
0.072020783831868
0.07217972508837613
0.07244551797026014
0.07275380906501967
0.07304213731925153
0.07311414931309182
0.07324602625769407
0.07336490222767979
0.07335392757513765
0.07330999775560751
0.07359068076466646
0.07364241689380967
0.0737265408243227
0.07362235008296458
0.07347334526066193
0.07374726425429842
0.07369471959252001
0.07430461280101967
0.07419247943718114
0.07355292876471807
0.07377519212984747
0.07365520267898806
0.07354494750260888
0.07363259240842814
0.07356295646066012
0.0732738760966256
0.07346469933816302
0.07346789126251851
0.07329048958884143
0.07334348710583073
0.0730427169280171
0.07299881689312177
0.07339461528499766
0.07350437578152637
0.07305010520510329
0.07278940065365543
0.07269617014459154
0.07297901792308725
0.07278021323588671
0.07264162166938014
0.07232138611635361
0.07220538853665501
0.0719534981792767
0.07210062107192555
0.07183248081754624
0.07169539391490756
0.07126764681866221
0.0710937507999293
0.07102620601172933
0.07100324281000411
0.07064408405318567
0.07024210101454154
0.07007003471827725
0.06964941550397909
0.06937099761192632
0.06885720205139077
0.06886996139072023
0.06852602095258478
0.0684745025193268
0.06844164306517049
0.0685406897841381
0.0685558277418757
0.06847964213301566
0.0684862954128149
0.06824943002141273
0.06834331177776312
0.0673937086202273
0.06738297961817899
0.06725976555127906
0.0672583511431778
0.06701360945869383
0.0671319176273671
0.06750043342624006
0.06788131488967597
0.067988257376003
0.06837724512292771
0.06840025909449454
0.06843258710790276
0.06846580477468622
0.06873083432140793
0.06874842603008888
0.06896086955733863
0.06956672416369386
0.06990790219065554
0.0702386517044895
0.07088645717063832
0.07089460334380523
0.07113523455600358
0.07130787339843975
0.07139850248419595
0.07154849828559558
0.07167319028011927
0.07219544205761627
0.07223677829316248
0.07254446125144269
0.07292350032335977
0.07282278218272557
0.07310377621977855
0.07343106912746179
0.07350360639889063
0.07349332238884161
0.07364530022801928
0.07365356740510409
0.07374525489150074
0.07415120626292011
0.07393454829144108
0.07421957629959862
0.07452476554202052
0.07474065008449962
0.07460057219705549
0.0746536706381867
0.07461469639047986
0.07427737846760638
0.07416534241133917
0.07405530671274604
0.0737422664032877
0.0738279120677737
0.07387586193455165
0.07342659568469205
0.07390440267353145
0.07371829745667864
0.07341461475625569
0.07344065145158982
0.07332662767868235
0.07331029781692956
0.07291526035593371
0.07249837293982023
0.07226382393684451
0.07196883624451048
0.07181428524655617
0.0716835996219504
0.07138841479475642
0.07097519391723246
0.07059361635002107
0.07022448981815825
0.07002386348814761
0.07020582041684602
0.07008833566637805
0.07010156753144103
0.06995807884958677
0.06976768991578325
0.06947211264832816
0.06931283383220166
0.06908794516747749
0.0687031234398571
0.06852723596722081
0.06856167404980602
0.06869159411370146
0.06838998240025755
0.06835599614667215
0.06851906609754363
0.06867839418531159
0.06868940070530655
0.06814306702205376
0.06772275344798624
0.0674544551880224
0.0674955605699078
0.06766358804140496
0.06751078580078679
0.06724150195586187
0.06720924638265492
0.06758928561688693
0.06804579882276972
0.0682030567778818
0.06813718710138197
0.06816087093310183
0.06845837469558945
0.0687433939206204
0.06884390621807139
0.06882207892319851
0.06862935034746406
0.06882526512734642
0.06913988295995024
0.06955779091774868
0.06985146864656094
0.0701512737324826
0.07042410992171554
0.07035000349718692
0.0706558277084234
0.0710246550684252
0.07112263200174362
0.07124916189248216
0.07157800312515043
0.07164905102806036
0.07197052393372605
0.07219139757512892
0.07218054484712098
0.07225535199851078
0.07243361397866897
0.07234974694045822
0.07218531847791802
0.07252992420134759
0.07254990300837405
0.07268626125764192
0.07280861829588464
0.07325929870058966
0.07326366243115869
0.0733734359510611
0.07338467250628164
0.0732727616534209
0.07315939645591
0.07306719086442481
0.07285483001266063
0.07291909228730234
0.07291134004256343
0.0728504532250319
0.07292554249412425
0.07292883382109785
0.07316395809789275
0.07307400781995184
0.07269968164613706
0.07265015899102395
0.07242594896511344
0.07231211932660929
0.07211011719274238
0.07188660196090427
0.07179277570249637
0.07183565668855182
0.07175324509074635
0.0714240857979279
0.07142441374255824
0.07116394937433743
0.071109609596584
0.07065325999035063
0.07037616367872432
0.07022103274157389
0.07007901095781291
0.07008102575050941
0.06963330877740194
0.0695863136497968
0.06961880021517497
0.06938683416136907
0.06931471369611703
0.0692881735393287
0.06889839516156845
0.06884739853093359
0.06881747529909833
0.06882655578630638
0.06872587129921832
0.06905560020639648
0.0689572950518364
0.0689079703037769
0.06880840627990294
0.06877057800612586
0.06865085911380843
0.06889873058703673
0.0686998746115859
0.06844824289047971
0.06866046477057595
0.06854243496813106
0.06884329171608507
0.06896421602405241
0.06921564296909505
0.06932866039170511
0.06940445215096828
0.06984215543000437
0.06976007390715011
0.07013427449816632
0.07023069367534288
0.070212753073235
0.07044235939676828
0.07055271989076012
0.07078321998811522
0.07104826410103991
0.07120322696320257
0.07139354099741392
0.07145431185375671
0.071493509430666
0.07168723610215377
0.07216332322851479
0.07219182664857886
0.07247709824617704
0.07256197453873334
0.07276869848435416
0.07290469071089391
0.0729259765254847
0.07326972519167765
0.0730509124347976
0.07337775971917385
0.07351971859707447
0.0736149526640147
0.07389257420329852
0.0737646796217604
0.07370538751972598
0.0738693573124799
0.07382332338485627
0.07402971815195132
0.07400238417366461
0.07393299218428201
0.07380867450180238
0.07341020455148847
0.0732945051463396
0.07257021580935648
0.07481963521506227
0.07421244059039243
0.0732354593941678
0.07249926918917432
0.07423197413623159
0.07360111580970403
0.07372731915340196
