t	x	y
0.00000000000	-0.02859942629	-0.06609740309
0.01664833706	-0.03537812554	-0.06243051144
0.02497250559	-0.03960945331	-0.05951330608
0.03329667412	-0.04358929296	-0.05675338442
0.04162084266	-0.04716324067	-0.05338249547
0.04994501119	-0.05083749497	-0.04977683745
0.05826917972	-0.05432245189	-0.04592790026
0.06659334825	-0.05765225075	-0.04160567762
0.07491751678	-0.06008838935	-0.03712003826
0.08324168531	-0.06286761799	-0.03245505206
0.09156585384	-0.06448996228	-0.02757073315
0.09989002237	-0.06640301380	-0.02278847509
0.10821419090	-0.06732119623	-0.01813831000
0.11653835940	-0.06873728862	-0.01320313213
0.12486252800	-0.06947600310	-0.00801025549
0.13318669650	-0.07003677402	-0.00269573430
0.14151086500	-0.07020976201	0.00252298725
0.14983503360	-0.06972192823	0.00719322763
0.15815920210	-0.06885336535	0.01208330477
0.16648337060	-0.06765560832	0.01660950160
0.17480753920	-0.06597336259	0.02115573583
0.18313170770	-0.06440447510	0.02617016688
0.19145587620	-0.06212095729	0.03088120490
0.19978004470	-0.06000678944	0.03544784411
0.20810421330	-0.05741846617	0.03943120894
0.21642838180	-0.05429985808	0.04357735126
0.22475255030	-0.05077125665	0.04727233786
0.23307671890	-0.04711930399	0.05086447602
0.24140088740	-0.04294335974	0.05445335715
0.24972505590	-0.03882096713	0.05750402971
0.25804922450	-0.03444106622	0.06032940364
0.26637339300	-0.03012834620	0.06274006985
0.27844343740	-0.02381888553	0.06562190277
0.28676760590	-0.01901817465	0.06745431580
0.29509177440	-0.01417127405	0.06873130046
0.30341594300	-0.00945512146	0.06966294219
0.31174011150	-0.00422069520	0.07007341339
0.32006428000	0.00079270357	0.07017012738
0.32838844860	0.00588459559	0.07009437784
0.33671261710	0.01079859765	0.06961935187
0.34503678560	0.01545429421	0.06887323275
0.35336095420	0.02046490820	0.06782650118
0.36168512270	0.02553526677	0.06613038253
0.37000929120	0.03010826557	0.06425393310
0.37833345970	0.03466095251	0.06211268571
0.38665762830	0.03911928680	0.05961175625
0.39498179680	0.04308522491	0.05703868982
0.40330596530	0.04681373250	0.05398106661
0.41163013390	0.05044905160	0.05084415408
0.41995430240	0.05403619515	0.04715616462
0.42827847090	0.05711207206	0.04331439905
0.43660263950	0.06012215717	0.03899594937
0.44492680800	0.06301088407	0.03458841158
0.45325097650	0.06527917617	0.03012073610
0.46157514510	0.06757284505	0.02549317433
0.46989931360	0.06907304284	0.02095476182
0.47822348210	0.07046682392	0.01603600454
0.48654765070	0.07137611619	0.01129110659
0.49487181920	0.07218002424	0.00629348889
0.50319598770	0.07228081339	0.00123924352
0.51152015620	0.07230917177	-0.00394310975
0.51984432480	0.07184369518	-0.00893279836
0.52816849330	0.07119853656	-0.01398513086
0.53649266180	0.06988179143	-0.01859842945
0.54481683040	0.06845789629	-0.02343045604
0.55314099890	0.06669694335	-0.02820176660
0.56146516740	0.06472768880	-0.03274456076
0.56978933600	0.06241853703	-0.03743280772
0.57811350450	0.05965459644	-0.04182202796
0.58643767300	0.05634286433	-0.04592591080
0.59476184160	0.05328563382	-0.04967635494
0.60308601010	0.04918836780	-0.05332135676
0.61141017860	0.04521958159	-0.05629083739
0.61973434720	0.04122355810	-0.05918271948
0.62805851570	0.03698013692	-0.06180595570
0.63638268420	0.03252211237	-0.06447176673
0.64470685270	0.02817658190	-0.06652761253
0.65303102130	0.02346668149	-0.06812654074
0.66135518980	0.01866006638	-0.06961533177
0.66967935830	0.01334498650	-0.07091102204
0.67800352690	0.00803605772	-0.07179643944
0.68632769540	0.00282792398	-0.07218619096
0.69465186390	-0.00221295233	-0.07215864449
0.70297603250	-0.00739637837	-0.07176985100
0.71130020100	-0.01223672958	-0.07125853136
0.71962436950	-0.01701738029	-0.07020635571
0.72794853810	-0.02180713358	-0.06889204499
0.73627270660	-0.02683292403	-0.06683764032
0.74459687510	-0.03140372990	-0.06464058469
0.75292104360	-0.03573587006	-0.06220197217
0.76124521220	-0.04022652310	-0.05949912246
0.76956938070	-0.04427072874	-0.05655047081
0.77789354920	-0.04799927052	-0.05293783104
0.78621771780	-0.05156628573	-0.04897937775
0.79412567790	-0.05509763783	-0.04515322997
0.80244984640	-0.05813968524	-0.04091082563
0.81077401490	-0.06135061216	-0.03646677263
0.81909818350	-0.06369594055	-0.03174848559
0.82742235200	-0.06573948959	-0.02709601233
0.83574652050	-0.06730843684	-0.02279947003
0.84407068910	-0.06886042228	-0.01775576582
0.85239485760	-0.06959654733	-0.01298694791
0.86071902610	-0.07044798904	-0.00766350914
0.86904319470	-0.07070461345	-0.00264427197
0.87736736320	-0.07058687522	0.00241295266
0.88569153170	-0.06986763205	0.00726891897
0.89401570030	-0.06928616293	0.01222650873
0.90233986880	-0.06801037228	0.01730993781
0.91066403730	-0.06653540561	0.02206531719
0.91898820580	-0.06477457383	0.02655348746
0.92731237440	-0.06248361820	0.03105498068
0.93563654290	-0.05993571846	0.03544265493
0.94396071140	-0.05752270156	0.03975882175
0.95228488000	-0.05448556565	0.04398836038
0.96060904850	-0.05106462336	0.04787258721
0.96893321700	-0.04754394913	0.05140766925
0.97725738560	-0.04350961299	0.05464140197
0.98558155410	-0.03932021170	0.05782537797
0.99390572260	-0.03473151760	0.06057207729
1.00222989100	-0.03021524260	0.06295850560
1.01055406000	-0.02546986487	0.06498869798
1.01887822800	-0.02094570477	0.06671068775
1.02720239700	-0.01596429348	0.06816565114
1.03552656500	-0.01089153024	0.06934749296
1.04385073400	-0.00566846706	0.06994671380
1.05217490200	-0.00083134684	0.07027879493
1.06049907100	0.00444705842	0.07024092165
1.06882323900	0.00919259686	0.07009137363
1.07714740800	0.01435774943	0.06947159956
1.08547157600	0.01915352601	0.06843383857
1.09379574500	0.02422528233	0.06671362147
1.10211991400	0.02889751645	0.06509773545
1.11044408200	0.03380352273	0.06282599165
1.11876825100	0.03817492578	0.06027162043
1.12709241900	0.04249450898	0.05752442528
1.13541658800	0.04648256757	0.05419970593
1.14374075600	0.05008180148	0.05087339391
1.15206492500	0.05345244592	0.04771876540
1.16038909300	0.05681409536	0.04400879803
1.16871326200	0.06000777953	0.04029121662
1.17703743000	0.06238444068	0.03643398273
1.18536159900	0.06476821811	0.03219117882
1.19368576700	0.06689873198	0.02727917374
1.20200993600	0.06868818383	0.02253774103
1.21033410400	0.06997108206	0.01813943648
1.21865827300	0.07127449425	0.01326376122
1.22698244200	0.07198816365	0.00825081518
1.23530661000	0.07256779448	0.00316699590
1.24363077900	0.07275655627	-0.00198011689
1.25195494700	0.07218317964	-0.00708270027
1.26027911600	0.07164034071	-0.01223369176
1.26860328400	0.07060273202	-0.01720032625
1.27692745300	0.06924786797	-0.02237688055
1.28525162100	0.06753188961	-0.02722863838
1.29357579000	0.06575433844	-0.03192054361
1.30189995800	0.06342012661	-0.03616523173
1.31022412700	0.06082741102	-0.04028302591
1.31854829500	0.05793017393	-0.04442237439
1.32645625500	0.05482953541	-0.04835413423
1.33478042400	0.05107061476	-0.05211696304
1.34310459300	0.04734749295	-0.05524203900
1.35142876100	0.04304116547	-0.05802741884
1.35975293000	0.03856661832	-0.06079427514
1.36807709800	0.03424527364	-0.06363042058
1.37640126700	0.02985157343	-0.06610571297
1.38472543500	0.02515272402	-0.06776343869
1.39304960400	0.02056859045	-0.06920088990
1.40137377200	0.01551048453	-0.07070481313
1.40969794100	0.01043398980	-0.07183276802
1.41802210900	0.00529221060	-0.07233955784
1.42634627800	-0.00040644892	-0.07243399979
1.43467044600	-0.00559401229	-0.07156108764
1.44299461500	-0.01072428490	-0.07071494756
1.45131878300	-0.01574311916	-0.06980283899
1.45964295200	-0.02033152591	-0.06851426780
1.46796712000	-0.02506140420	-0.06676381878
1.47629128900	-0.02932605284	-0.06460262201
1.48461545800	-0.03383370927	-0.06226650409
1.49293962600	-0.03820252687	-0.05956021079
1.50126379500	-0.04210616412	-0.05660567703
1.50958796300	-0.04632333716	-0.05313977011
1.51791213200	-0.05004176905	-0.04950064087
1.52623630000	-0.05374888590	-0.04569184505
1.53456046900	-0.05651025698	-0.04209039731
1.54288463700	-0.05949858894	-0.03780494286
1.55120880600	-0.06162323646	-0.03352028436
1.55953297400	-0.06362641527	-0.02877578818
1.56785714300	-0.06570632339	-0.02362090145
1.57618131100	-0.06717056266	-0.01877243830
1.58450548000	-0.06840107723	-0.01394427096
1.59282964800	-0.06907893473	-0.00903027695
1.60115381700	-0.06938431530	-0.00406199601
1.60947798600	-0.06952159929	0.00100851682
1.61780215400	-0.06932614274	0.00598133218
1.62612632300	-0.06886290809	0.01099683315
1.63445049100	-0.06770473407	0.01588542814
1.64277466000	-0.06641287894	0.02069260665
1.65109882800	-0.06457459384	0.02507500783
1.65942299700	-0.06245107430	0.02955851395
1.66774716500	-0.05986445240	0.03380467804
1.67607133400	-0.05744454178	0.03805027606
1.68439550200	-0.05439146004	0.04243408416
1.69271967100	-0.05135453749	0.04645758972
1.70104383900	-0.04777136580	0.05008041128
1.70936800800	-0.04381053788	0.05367013277
1.71769217600	-0.03964712191	0.05677042048
1.72601634500	-0.03529340647	0.05978391393
1.73434051300	-0.03071850482	0.06213575469
1.74266468200	-0.02615462549	0.06417826153
1.75098885100	-0.02133741283	0.06598007568
1.75931301900	-0.01654597815	0.06736068900
1.76763718800	-0.01156708625	0.06866660422
1.77596135600	-0.00684311970	0.06946919625
1.78428552500	-0.00196830066	0.07005340161
1.79260969300	0.00294589945	0.07023458157
1.80093386200	0.00778254424	0.07014131847
1.80925803000	0.01259211006	0.06956178062
1.81758219900	0.01765348223	0.06871653695
1.82590636700	0.02270486052	0.06740131497
1.83423053600	0.02756507691	0.06570948315
1.84255470400	0.03227788161	0.06367746139
1.85087887300	0.03687830243	0.06135426479
1.85920304100	0.04138343076	0.05859666140
1.86711100200	0.04536808750	0.05576502325
1.87543517000	0.04907486661	0.05247916651
1.88375933900	0.05256382394	0.04927809381
1.89208350700	0.05590548965	0.04579181314
1.90040767600	0.05869714599	0.04202042594
1.90873184400	0.06153507653	0.03766483746
1.91705601300	0.06396831213	0.03349778063
1.92538018100	0.06606819855	0.02899804700
1.93370435000	0.06804781445	0.02466366319
1.94202851800	0.07003776320	0.01998722241
1.95035268700	0.07125661672	0.01500096415
1.95867685500	0.07250398344	0.00986503985
1.96700102400	0.07329893291	0.00477572544
1.97532519200	0.07345679155	-0.00033978940
1.98364936100	0.07308991411	-0.00503455280
1.99197353000	0.07263426325	-0.00995269937
2.00029769800	0.07146081517	-0.01464861439
2.00862186700	0.07029108317	-0.01961743339
2.01694603500	0.06875859880	-0.02500739786
2.02527020400	0.06720469481	-0.02960191452
2.03359437200	0.06487132307	-0.03451880228
2.04191854100	0.06269452903	-0.03910975070
2.05024270900	0.06002125208	-0.04324973895
2.05856687800	0.05706551722	-0.04704254897
2.06689104600	0.05339062415	-0.05099161461
2.07521521500	0.04979192913	-0.05454308373
2.08353938300	0.04529099127	-0.05770206327
2.09186355200	0.04088303175	-0.06077404063
2.10018772000	0.03646365793	-0.06316043523
2.10851188900	0.03172522203	-0.06533003048
2.11683605700	0.02721451506	-0.06703532238
2.12516022600	0.02222292284	-0.06896396290
2.13348439500	0.01769805266	-0.07050355674
2.14180856300	0.01263736077	-0.07151997187
2.15013273200	0.00741468203	-0.07213814819
2.15845690000	0.00204668607	-0.07213950135
2.16678106900	-0.00268088784	-0.07209705655
2.17510523700	-0.00786830481	-0.07153419247
2.18342940600	-0.01264685513	-0.07082230085
2.19175357400	-0.01755813910	-0.06976410191
2.20007774300	-0.02231277746	-0.06838888022
2.20840191100	-0.02714321341	-0.06653466266
2.21672608000	-0.03158046345	-0.06436012318
2.22505024800	-0.03598484961	-0.06161036701
2.23337441700	-0.04040311190	-0.05869590345
2.24169858500	-0.04433161143	-0.05562933869
2.25002275400	-0.04767903019	-0.05201267421
2.25834692300	-0.05116976304	-0.04829963850
2.26667109100	-0.05436151971	-0.04417356575
2.27499526000	-0.05733390577	-0.04007623441
2.28331942800	-0.05995338063	-0.03568416053
2.29164359700	-0.06209626276	-0.03110090886
2.29996776500	-0.06429589309	-0.02651955539
2.30829193400	-0.06589350021	-0.02146130370
2.31661610200	-0.06748532119	-0.01684791822
2.32494027100	-0.06863284251	-0.01160057008
2.33326443900	-0.06932958448	-0.00672817104
2.34158860800	-0.06958872302	-0.00177850643
2.34991277600	-0.06955389060	0.00322990412
2.35823694500	-0.06887052685	0.00826246363
2.36656111300	-0.06821861164	0.01306294221
2.37488528200	-0.06695257972	0.01812545550
2.38320945000	-0.06532146001	0.02265196330
2.39153361900	-0.06353037862	0.02720151973
2.39985778800	-0.06141637131	0.03177170910
2.40776574800	-0.05904205318	0.03615143503
2.41608991600	-0.05621994026	0.04048029164
2.42441408500	-0.05328738757	0.04474296168
2.43273825300	-0.04999660558	0.04848529483
2.44106242200	-0.04639227016	0.05211486072
2.44938659000	-0.04218560480	0.05546214988
2.45771075900	-0.03799473467	0.05840227567
2.46603492700	-0.03327972510	0.06113330845
2.47435909600	-0.02871820817	0.06338372585
2.48268326400	-0.02393864795	0.06518140217
2.49100743300	-0.01931043654	0.06670399176
2.49933160200	-0.01440604103	0.06811356175
2.50765577000	-0.00953304392	0.06944134959
2.51597993900	-0.00430934487	0.07018293490
2.52430410700	0.00072395057	0.07037628748
2.53262827600	0.00547993826	0.07037691996
2.54095244400	0.01036466310	0.06984491731
2.54927661300	0.01527968057	0.06894717993
2.55760078100	0.02054581901	0.06788583181
2.56592495000	0.02567107032	0.06634354016
2.57424911800	0.03029084114	0.06442572657
2.58257328700	0.03484552538	0.06224784205
2.59089745500	0.03927136619	0.05966161382
2.59922162400	0.04313198162	0.05672435403
2.60754579200	0.04696484391	0.05378702210
2.61586996100	0.05083999015	0.05034451627
2.62419412900	0.05424751268	0.04708461592
2.63251829800	0.05724910142	0.04334314588
2.64084246700	0.06019057286	0.03951234447
2.64916663500	0.06284149616	0.03535400234
2.65749080400	0.06476116764	0.03123939321
2.66581497200	0.06699561145	0.02649941009
2.67413914100	0.06869964508	0.02176980120
2.68246330900	0.07037958097	0.01682608407
2.69078747800	0.07143369553	0.01193980700
2.69911164600	0.07240846385	0.00677781169
2.70743581500	0.07274125777	0.00177865662
2.71575998300	0.07304245289	-0.00331007438
2.72408415200	0.07267087611	-0.00848858395
2.73240832000	0.07186518995	-0.01327378783
2.74073248900	0.07058867684	-0.01824591391
2.74905665700	0.06922739845	-0.02315916254
2.75738082600	0.06726099606	-0.02788082144
2.76570499500	0.06536340520	-0.03244606181
2.77402916300	0.06304427065	-0.03704057149
2.78235333200	0.06042666475	-0.04143221600
2.79067750000	0.05729333879	-0.04565283297
2.79900166900	0.05399650636	-0.04962755469
2.80732583700	0.05045465256	-0.05338938590
2.81565000600	0.04677806755	-0.05657297068
2.82397417400	0.04238460449	-0.05995764105
2.83229834300	0.03825668084	-0.06223739083
2.84062251100	0.03403052368	-0.06481716131
2.84894668000	0.02957918006	-0.06684077521
2.85727084800	0.02496648199	-0.06838181031
2.86559501700	0.01992974605	-0.07009025769
2.87391918500	0.01482581192	-0.07143184449
2.88224335400	0.00972243230	-0.07216687702
2.89056752200	0.00444148918	-0.07249844097
2.89847548300	-0.00082397307	-0.07263639238
2.90679965100	-0.00581761158	-0.07224219907
2.91512382000	-0.01078017521	-0.07143476325
2.92344798800	-0.01559960311	-0.07048590128
2.93177215700	-0.02050049083	-0.06915101443
2.94009632500	-0.02546458282	-0.06729524677
2.94842049400	-0.03009319557	-0.06535078737
2.95674466200	-0.03441257085	-0.06287214925
2.96506883100	-0.03886676863	-0.06009609442
2.97339299900	-0.04304551338	-0.05714274122
2.98171716800	-0.04687996272	-0.05358217437
2.99004133600	-0.05071801361	-0.04977469181
2.99836550500	-0.05406486126	-0.04602046056
3.00668967300	-0.05700953745	-0.04200279050
3.01501384200	-0.05982167071	-0.03758067140
3.02333801100	-0.06212503073	-0.03324207579
3.03166217900	-0.06424221245	-0.02839857213
3.03998634800	-0.06605852171	-0.02355065235
3.04831051600	-0.06745987592	-0.01896362972
3.05663468500	-0.06864096292	-0.01385419085
3.06495885300	-0.06953611627	-0.00885919257
3.07328302200	-0.06973677980	-0.00388247774
3.08160719000	-0.06990820933	0.00120261633
3.08993135900	-0.06941936423	0.00619041090
3.09825552700	-0.06875992026	0.01125346198
3.10657969600	-0.06749951456	0.01614350955
3.11490386400	-0.06612516958	0.02077696926
3.12322803300	-0.06429456757	0.02540249988
3.13155220100	-0.06207768458	0.03003317289
3.13987637000	-0.05968482266	0.03443461157
3.14820053900	-0.05692895049	0.03877353700
3.15652470700	-0.05387884064	0.04300243619
3.16484887600	-0.05070262562	0.04688449076
3.17317304400	-0.04709123288	0.05070118459
3.18149721300	-0.04346990764	0.05414428042
3.18982138100	-0.03957552028	0.05700095253
3.19814555000	-0.03532423472	0.05992238493
3.20646971800	-0.03087476069	0.06218663974
3.21479388700	-0.02615937709	0.06427886618
3.22311805500	-0.02148924921	0.06607428567
3.23144222400	-0.01661090580	0.06741134924
3.23976639200	-0.01135245498	0.06865160610
3.24809056100	-0.00654699697	0.06951145477
3.25641472900	-0.00118378293	0.07006023406
3.26473889800	0.00383617846	0.07010736577
3.27306306600	0.00877866297	0.06954386553
3.28138723500	0.01392052025	0.06884729736
3.28971140400	0.01903946101	0.06814340430
3.29803557200	0.02368369923	0.06679643987
3.30635974100	0.02817188253	0.06518972141
3.31468390900	0.03317012207	0.06321292085
3.32300807800	0.03757738461	0.06054552592
3.33133224600	0.04180239884	0.05779770351
3.33965641500	0.04581449116	0.05463069505
3.34798058300	0.04976793981	0.05133535286
3.35630475200	0.05326844505	0.04785129428
3.36462892000	0.05693826120	0.04407740222
3.37295308900	0.05851583569	0.04210485771
3.38127725700	0.06251203389	0.03635378858
3.38960142600	0.06464785236	0.03205637899
3.39792559400	0.06695036777	0.02767505814
3.40624976300	0.06853142575	0.02331632117
3.41457393200	0.06991705063	0.01832175942
3.42289810000	0.07114724019	0.01355144364
3.43122226900	0.07202833437	0.00859251201
3.43913022900	0.07263242024	0.00327402271
3.44745439700	0.07287938109	-0.00167367470
3.45577856600	0.07263198868	-0.00692976206
3.46410273400	0.07199425946	-0.01193174011
3.47242690300	0.07123572266	-0.01656351501
3.48075107100	0.06967264088	-0.02176941210
3.48907524000	0.06800437380	-0.02657433808
3.49739940800	0.06700627248	-0.02878359662
3.50572357700	0.06383075194	-0.03557070883
3.51404774500	0.06104111575	-0.04003396661
3.52237191400	0.05870309537	-0.04397617765
3.53069608300	0.05541957446	-0.04802158295
3.53902025100	0.05181814530	-0.05211671874
3.54734442000	0.04827836735	-0.05546186685
3.55566858800	0.04450224503	-0.05802877052
3.56399275700	0.03994204343	-0.06102641711
3.57231692500	0.03567768034	-0.06335605658
3.58064109400	0.03115967969	-0.06546392257
3.58896526200	0.02629713840	-0.06743774054
3.59728943100	0.02180228653	-0.06911705909
3.60561359900	0.01685823052	-0.07067290005
3.61393776800	0.01137260191	-0.07189454266
3.62226193600	0.00913991656	-0.07214330483
3.63058610500	0.00173630871	-0.07278608372
3.63891027300	-0.00356506424	-0.07233273712
3.64723444200	-0.00803120931	-0.07198948658
3.65555861000	-0.01317587779	-0.07117669655
3.66388277900	-0.01784405667	-0.07000828183
3.67220694800	-0.02259874107	-0.06828713787
3.68053111600	-0.02716623490	-0.06663323138
3.68885528500	-0.03202892653	-0.06428141178
3.69717945300	-0.03625116860	-0.06160598152
3.70550362200	-0.04023475494	-0.05861734074
3.71382779000	-0.04436156350	-0.05552331364
3.72215195900	-0.04808389550	-0.05206767514
3.73047612700	-0.05196214730	-0.04825355630
3.73880029600	-0.05539039941	-0.04374270216
3.74712446400	-0.05694111400	-0.04128299033
3.75544863300	-0.06107259383	-0.03488514205
3.76377280100	-0.06333011984	-0.03031328835
3.77209697000	-0.06539821470	-0.02587638566
3.78042113800	-0.06690628823	-0.02113949416
3.78874530700	-0.06814142709	-0.01628923370
3.79706947600	-0.06897223047	-0.01140644587
3.80539364400	-0.06953796426	-0.00645609727
3.81371781300	-0.06962976794	-0.00123186959
3.82204198100	-0.06951192014	0.00388636188
3.83036615000	-0.06885672278	0.00909114504
3.83869031800	-0.06800773250	0.01392182623
3.84701448700	-0.06690828034	0.01878835711
3.85533865500	-0.06497123040	0.02394136236
3.86366282400	-0.06299963161	0.02847529419
3.87198699200	-0.06153759653	0.03120156285
3.88031116100	-0.05787004267	0.03754336444
3.88863532900	-0.05510414948	0.04133891976
3.89695949800	-0.05202818491	0.04527614881
3.90528366600	-0.04800005435	0.04935138135
3.91360783500	-0.04454536952	0.05262748361
3.92193200300	-0.04035477073	0.05586516999
3.93025617200	-0.03630796861	0.05895917613
3.93858034100	-0.03159215477	0.06153499024
3.94690450900	-0.02691719436	0.06402901723
3.95522867800	-0.02200805921	0.06562709899
3.96355284600	-0.01720479318	0.06718682233
3.97187701500	-0.01227593713	0.06854450809
3.98020118300	-0.00712559144	0.06934516363
3.98810914300	-0.00157159522	0.06991501308
3.99643331200	0.00129381330	0.07031189402
4.00475748000	0.00840292342	0.07005432696
4.01308164900	0.01388054526	0.06962879297
4.02140581700	0.01856632097	0.06870744418
4.02972998600	0.02352268077	0.06724155219
4.03805415400	0.02841683882	0.06567552139
4.04637832300	0.03278750894	0.06386333761
4.05470249200	0.03717874159	0.06166628300
4.06302666000	0.04141116325	0.05909364337
4.07135082900	0.04579454856	0.05595344948
4.07967499700	0.04974783118	0.05262719844
4.08799916600	0.05344883611	0.04928280415
4.09632333400	0.05707465370	0.04569346229
4.10464750300	0.06001128685	0.04172690908
4.11297167100	0.06296147374	0.03758955232
4.12129584000	0.06434766220	0.03578135458
4.12962000800	0.06794426072	0.02910762993
4.13794417700	0.07036133253	0.02425513625
4.14626834500	0.07162332529	0.01985742179
4.15459251400	0.07268307335	0.01493294479
4.16291668200	0.07399458710	0.00965675373
4.17124085100	0.07458173443	0.00507031155
4.17956502000	0.07424147792	0.00002333949
4.18788918800	0.07437143545	-0.00486429171
4.19621335700	0.07403352115	-0.01001785029
4.20453752500	0.07367854614	-0.01507625826
4.21286169400	0.07209968283	-0.01994758462
4.22118586200	0.07073428842	-0.02459072649
4.22951003100	0.06879875730	-0.02967596283
4.23783419900	0.06687900660	-0.03435051258
4.24615836800	0.06555688365	-0.03612277755
4.25448253600	0.06145998624	-0.04289997064
4.26280670500	0.05832227547	-0.04663291639
4.27113087300	0.05498858722	-0.05054671984
4.27945504200	0.05114547344	-0.05405241063
4.28777921000	0.04726061605	-0.05700983075
4.29610337900	0.04300849108	-0.06016800440
4.30442754700	0.03876244179	-0.06310354841
4.31275171600	0.03390962222	-0.06579668545
4.32107588500	0.03040549927	-0.06784441129
4.32940005300	0.02581521929	-0.06905276126
4.33772422200	0.02058571062	-0.07060827788
4.34604839000	0.01565476734	-0.07195669285
4.35437255900	0.01018771499	-0.07279337540
4.36269672700	0.00528707561	-0.07299193479
4.37102089600	0.00251387702	-0.07307130244
4.37934506400	-0.00474361391	-0.07265314895
4.38766923300	-0.01003181499	-0.07195689278
4.39599340100	-0.01505095306	-0.07080412942
4.40431757000	-0.01976131274	-0.06938928808
4.41264173800	-0.02403902325	-0.06728277293
4.42096590700	-0.02882134608	-0.06524760212
4.42929007500	-0.03302290574	-0.06300183284
4.43761424400	-0.03722372177	-0.06026227293
4.44593841300	-0.04142421574	-0.05718071610
4.45426258100	-0.04512191803	-0.05405076596
4.46258675000	-0.04858396417	-0.05051968753
4.47091091800	-0.05244824106	-0.04636343917
4.47923508700	-0.05555055794	-0.04233082439
4.48755925500	-0.05852371943	-0.03770731256
4.49588342400	-0.05992125483	-0.03511794638
4.50420759200	-0.06288797530	-0.02864113874
4.51211555200	-0.06458684608	-0.02418159057
4.52043972100	-0.06613414616	-0.01927007274
4.52876388900	-0.06687277606	-0.01449124110
4.53708805800	-0.06790873953	-0.00940278437
4.54541222600	-0.06811452847	-0.00443967696
4.55373639500	-0.06797962217	0.00063801158
4.56206056400	-0.06766442746	0.00562966242
4.57038473200	-0.06714580092	0.01108759149
4.57870890100	-0.06593210169	0.01606113678
4.58703306900	-0.06479926985	0.02062449931
4.59535723800	-0.06301009006	0.02552792565
4.60368140600	-0.06068186435	0.03008546970
4.61200557500	-0.05829980768	0.03436112761
4.62032974300	-0.05680698595	0.03725942651
4.62865391200	-0.05238828148	0.04267756252
4.63697808000	-0.04891809047	0.04668171570
4.64530224900	-0.04519431491	0.05011790586
4.65362641700	-0.04127106317	0.05366173859
4.66195058600	-0.03687453859	0.05669130263
4.67027475400	-0.03304496426	0.05946303527
4.67859892300	-0.02849550534	0.06182003928
4.68692309200	-0.02390492033	0.06400870457
4.69524726000	-0.01903070481	0.06583873261
4.70357142900	-0.01427310730	0.06714803551
4.71189559700	-0.00914126130	0.06817700519
4.72021976600	-0.00399796142	0.06911003257
4.72854393400	0.00077670997	0.06954674006
4.73686810300	0.00599270874	0.06975541005
4.74519227100	0.00823362466	0.06963152970
4.75351644000	0.01592649287	0.06829224897
4.76184060800	0.02094422115	0.06715165053
4.77016477700	0.02573012977	0.06559287365
4.77848894500	0.03040930600	0.06408341851
4.78681311400	0.03512544306	0.06208599015
4.79513728200	0.03929927439	0.05986445361
4.80346145100	0.04369513868	0.05708158471
4.81178561900	0.04802677934	0.05368530437
4.82010978800	0.05156374830	0.05062685070
4.82843395700	0.05515732591	0.04714491938
4.83675812500	0.05808390136	0.04349112567
4.84508229400	0.06075684699	0.03959125957
4.85340646200	0.06299597343	0.03574524359
4.86173063100	0.06560732094	0.03153498470
4.87005479900	0.06644399246	0.02931211219
4.87837896800	0.06989289837	0.02176763907
4.88670313600	0.07139608423	0.01676759249
4.89502730500	0.07281752684	0.01173863507
4.90335147300	0.07306612633	0.00646196831
4.91167564200	0.07364651042	0.00178246618
4.91999981000	0.07363224723	-0.00334795501
4.92832397900	0.07339718574	-0.00856172913
4.93664814700	0.07277674683	-0.01353451709
4.94497231600	0.07175032821	-0.01836025272
4.95329648500	0.07057851808	-0.02336914754
4.96162065300	0.06879834314	-0.02819281811
4.96994482200	0.06702134995	-0.03254943597
4.97826899000	0.06449619221	-0.03690296446
4.98659315900	0.06210925301	-0.04138780512
4.99491732700	0.06083908777	-0.04317756151
5.00324149600	0.05617646424	-0.04963471301
5.01114945600	0.05272195941	-0.05346325196
5.01947362400	0.04952696247	-0.05659821058
5.02779779300	0.04532021834	-0.05999094659
5.03612196100	0.04117936796	-0.06304118280
5.04444613000	0.03704767989	-0.06559322441
5.05277029800	0.03240445487	-0.06798726727
5.06109446700	0.02763388226	-0.06997706488
5.06941863600	0.02271014263	-0.07123113388
5.07774280400	0.01740281288	-0.07220156343
5.08606697300	0.01235667821	-0.07306259814
5.09439114100	0.00715520102	-0.07379544933
5.10271531000	0.00205342467	-0.07404472368
5.11103947800	-0.00328596552	-0.07417592768
5.11936364700	-0.00546398965	-0.07385870618
5.12768781500	-0.01290513880	-0.07268283413
5.13601198400	-0.01780894478	-0.07140677054
5.14433615200	-0.02270562694	-0.06933467336
5.15266032100	-0.02763566676	-0.06747610477
5.16098448900	-0.03231405014	-0.06516410533
5.16930865800	-0.03654383269	-0.06253908110
5.17763282600	-0.04073610797	-0.05954974461
5.18595699500	-0.04478891471	-0.05624022213
5.19428116300	-0.04836382816	-0.05247893082
5.20260533200	-0.05209894198	-0.04884054383
5.21092950100	-0.05537837270	-0.04477659299
5.21925366900	-0.05842964590	-0.04079494039
5.22757783800	-0.06083031829	-0.03632971583
5.23590200600	-0.06302089909	-0.03149697096
5.24422617500	-0.06397444649	-0.02910497115
5.25255034300	-0.06667745775	-0.02157156414
5.26087451200	-0.06776111247	-0.01672406929
5.26919868000	-0.06845418574	-0.01241943586
5.27752284900	-0.06897516088	-0.00735612153
5.28584701700	-0.06914741708	-0.00216343636
5.29417118600	-0.06907828297	0.00325030570
5.30249535400	-0.06855979930	0.00840603433
5.31081952300	-0.06754924763	0.01362723011
5.31914369100	-0.06632922735	0.01827284025
5.32746786000	-0.06450723027	0.02295473579
5.33579202900	-0.06219102766	0.02776597586
5.34411619700	-0.05994646962	0.03228273770
5.35244036600	-0.05713995688	0.03680676832
5.36076453400	-0.05415180706	0.04109249426
5.36908870300	-0.05245624443	0.04296617177
5.37741287100	-0.04725517611	0.04837688305
5.38573704000	-0.04351857143	0.05202211728
5.39406120800	-0.03945259050	0.05531770827
5.40238537700	-0.03481197989	0.05832249370
5.41070954500	-0.03031086053	0.06075832071
5.41903371400	-0.02556250602	0.06281504543
5.42735788200	-0.02083720840	0.06451378338
5.43568205100	-0.01577548758	0.06620201215
5.44400621900	-0.01072656870	0.06756116072
5.45233038800	-0.00557918602	0.06847775029
5.46065455600	-0.00086652069	0.06897376778
5.46897872500	0.00410663854	0.06898805517
5.47730289400	0.00878229153	0.06883139271
5.48562706200	0.01364585711	0.06850519323
5.49395123100	0.01567811620	0.06843074351
5.50227539900	0.02295450054	0.06674023153
5.51059956800	0.02764862080	0.06505325922
5.51892373600	0.03253760156	0.06285282174
5.52724790500	0.03683617286	0.06054643470
5.53931794900	0.04206870281	0.05771284584
5.54764211800	0.04823108854	0.05315015034
5.55596628600	0.05193596143	0.04989573713
5.56429045500	0.05537873080	0.04633393145
5.57261462300	0.05881966902	0.04276993126
5.58093879200	0.06152671585	0.03892417194
5.58926296000	0.06371883101	0.03501020607
5.59758712900	0.06601852728	0.03064837136
5.60591129700	0.06811196225	0.02606265756
5.61423546600	0.06986876885	0.02166647377
5.62255963400	0.07112938494	0.01871273417
5.63088380300	0.07278794704	0.01155101540
5.63920797100	0.07353100546	0.00619701192
5.64753214000	0.07420175804	0.00148202840
5.65585630900	0.07422291099	-0.00343036782
5.66418047700	0.07403718978	-0.00849555275
5.67250464600	0.07328487522	-0.01328559603
5.68082881400	0.07223649793	-0.01820335814
5.68915298300	0.07055415915	-0.02304714201
5.69747715100	0.06899930894	-0.02785566816
5.70580132000	0.06682007563	-0.03208625498
5.71412548800	0.06428736833	-0.03656508598
5.72244965700	0.06179779246	-0.04061970909
5.73077382500	0.05909186044	-0.04495770357
5.73909799400	0.05624142497	-0.04910748728
5.74742216200	0.05444251557	-0.05137374447
5.75574633100	0.04939113668	-0.05636412223
5.76407049900	0.04530998248	-0.05954443730
5.77239466800	0.04123753217	-0.06211454184
5.78071883700	0.03692726454	-0.06460197780
5.78904300500	0.03247708738	-0.06691936510
5.79736717400	0.02743391974	-0.06838190227
5.80569134200	0.02275510894	-0.06990276899
5.81401551100	0.01808888413	-0.07069687617
5.82233967900	0.01303954707	-0.07191813512
5.83066384800	0.00801433025	-0.07263182895
5.83898801600	0.00318714422	-0.07286344011
5.84731218500	-0.00199425896	-0.07266838794
5.85563635300	-0.00694000092	-0.07211423359
5.86396052200	-0.01207655165	-0.07084101205
5.87228469000	-0.01476516018	-0.07001560001
5.88060885900	-0.02161919741	-0.06772623558
5.88893302700	-0.02592950586	-0.06598738283
5.89725719600	-0.03027369875	-0.06389407989
5.90558136400	-0.03453449576	-0.06160136019
5.91390553300	-0.03842346665	-0.05887466507
5.92222970200	-0.04235634640	-0.05566427348
5.93055387000	-0.04589668405	-0.05204168348
5.93887803900	-0.04947371438	-0.04829277214
5.94720220700	-0.05252630575	-0.04439584215
5.95552637600	-0.05550451568	-0.04026792916
5.96385054400	-0.05782491179	-0.03571453501
5.97217471300	-0.06009550413	-0.03091578079
5.98049888100	-0.06208863057	-0.02617924015
5.98882305000	-0.06402228063	-0.02069668111
5.99714721800	-0.06493951224	-0.01831211620
6.00547138700	-0.06622047668	-0.01081905214
6.01379555500	-0.06658296718	-0.00632422552
6.02211972400	-0.06632410842	-0.00159921743
6.03044389200	-0.06632108232	0.00303825575
6.03876806100	-0.06567744107	0.00800377552
6.04709223000	-0.06508413498	0.01280045687
6.05541639800	-0.06417175946	0.01807175275
6.06374056700	-0.06255390066	0.02275649848
6.07206473500	-0.06074867690	0.02721927323
6.08038890400	-0.05853951705	0.03165388069
6.08871307200	-0.05605553105	0.03631878199
6.09662103200	-0.05312291015	0.04068034719
6.10494520100	-0.04993207097	0.04486366444
6.11326936900	-0.04634316405	0.04871973946
6.12159353800	-0.04458571645	0.05047099958
6.12991770600	-0.03820952267	0.05491963915
6.13824187500	-0.03369020726	0.05749035853
6.14656604300	-0.02927642798	0.05963554749
6.15489021200	-0.02493906219	0.06177859656
6.16321438100	-0.02033211979	0.06407835799
6.17153854900	-0.01585509786	0.06564949287
6.17986271800	-0.01100187325	0.06707372761
6.18818688600	-0.00607799306	0.06795828699
6.19651105500	-0.00122684430	0.06819241905
6.20483522300	0.00407381975	0.06870732331
6.21315939200	0.00885104587	0.06871306263
6.22148356000	0.01412474040	0.06832671796
6.22980772900	0.01895556035	0.06744399893
6.23813189700	0.02420287981	0.06605992144
6.24645606600	0.02717722455	0.06515011901
6.25478023400	0.03394167435	0.06253724086
6.26310440300	0.03849324630	0.06010096103
6.27142857100	0.04301198963	0.05755976304
6.27975274000	0.04668884612	0.05466848788
6.28807690800	0.05037805310	0.05159141302
6.29640107700	0.05399600932	0.04809256458
6.30472524600	0.05727809482	0.04470485477
6.31304941400	0.06020673887	0.04088324680
6.32137358300	0.06305744038	0.03688082338
6.32969775100	0.06595613413	0.03250898678
6.33802192000	0.06820884540	0.02813574690
6.34634608800	0.07020712349	0.02334637759
6.35467025700	0.07204573863	0.01865393185
6.36299442500	0.07347095297	0.01384522753
6.37131859400	0.07419351283	0.01103224163
6.37964276200	0.07524541388	0.00388825868
6.38796693100	0.07522293719	-0.00110011387
6.39629109900	0.07552059788	-0.00633897665
6.40461526800	0.07493179715	-0.01147037902
6.41293943600	0.07384410975	-0.01622817155
6.42126360500	0.07252299986	-0.02131593268
6.42958777400	0.07112531325	-0.02612973549
6.43791194200	0.06898435136	-0.03036966940
6.44623611100	0.06689579320	-0.03473946769
6.45456027900	0.06440651224	-0.03915832001
6.46288444800	0.06186915323	-0.04353552826
6.47120861600	0.05889887966	-0.04755174627
6.47953278500	0.05597899183	-0.05148862342
6.48785695300	0.05234274609	-0.05479918235
6.49618112200	0.05047528092	-0.05670765211
6.50450529000	0.04431985344	-0.06102039439
6.51282945900	0.03973471194	-0.06372699610
6.52115362700	0.03517477124	-0.06588469650
6.52947779600	0.03028261034	-0.06809749823
6.53780196400	0.02568536767	-0.06968461716
6.54612613300	0.02079207122	-0.07111208352
6.55445030100	0.01597666181	-0.07216623450
6.56277447000	0.01135892442	-0.07286012815
6.57109863900	0.00664660278	-0.07347121950
6.57942280700	0.00175634964	-0.07353198724
6.58774697600	-0.00309052938	-0.07330035855
6.59607114400	-0.00809065266	-0.07257888127
6.60439531300	-0.01306104318	-0.07128132705
6.61271948100	-0.01793359319	-0.06974493120
6.62104365000	-0.02105954297	-0.06883239400
6.62936781800	-0.02785916193	-0.06598123971
6.63727577800	-0.03233213618	-0.06347214353
6.64559994700	-0.03680476842	-0.06034328079
6.65392411500	-0.04070254658	-0.05712148227
6.66224828400	-0.04431548323	-0.05406624804
6.67057245300	-0.04753370458	-0.05064072314
6.67889662100	-0.05064754280	-0.04671745181
6.68722079000	-0.05329368834	-0.04291221160
6.69554495800	-0.05617739611	-0.03858680288
6.70386912700	-0.05845145822	-0.03411686001
6.71219329500	-0.06076604886	-0.02945365343
6.72051746400	-0.06244759249	-0.02467331494
6.72884163200	-0.06400027619	-0.01978664761
6.73716580100	-0.06507707960	-0.01473278580
6.74548996900	-0.06582491422	-0.01203312979
6.75381413800	-0.06640507829	-0.00432654520
6.76213830600	-0.06653604306	0.00066427592
6.77046247500	-0.06595365734	0.00548770222
6.77878664300	-0.06511038248	0.01049187850
6.78711081200	-0.06380606345	0.01529967685
6.79543498000	-0.06214625168	0.01993589360
6.80375914900	-0.06053825209	0.02432488497
6.81208331800	-0.05827312417	0.02871775529
6.82040748600	-0.05599350438	0.03297432268
6.82873165500	-0.05356007915	0.03708233154
6.83705582300	-0.05071925729	0.04118558069
6.84537999200	-0.04750297649	0.04526070824
6.85370416000	-0.04413105508	0.04877375574
6.86202832900	-0.04034872357	0.05203527438
6.87035249700	-0.03799255078	0.05379451400
6.87867666600	-0.03164944867	0.05766828554
6.88700083400	-0.02725887156	0.06016561270
6.89532500300	-0.02252571872	0.06220827957
6.90364917100	-0.01793638644	0.06383308335
6.91197334000	-0.01311061677	0.06521449217
6.92029750800	-0.00803530548	0.06614362915
6.92862167700	-0.00318342730	0.06663087026
6.93694584600	0.00200044379	0.06716315508
6.94527001400	0.00675594908	0.06719382404
6.95359418300	0.01168557650	0.06723055499
6.96191835100	0.01630137859	0.06653898274
6.97024252000	0.02131817982	0.06560948360
6.97856668800	0.02603276231	0.06435095860
6.98689085700	0.03060477681	0.06257793856
6.99521502500	0.03330613123	0.06138319049
7.00353919400	0.03962118017	0.05815928283
7.01186336200	0.04381583276	0.05532857990
7.02018753100	0.04816493023	0.05240335562
7.02851169900	0.05193152769	0.04928489843
7.03683586800	0.05547359662	0.04564326230
7.04516003600	0.05874534503	0.04204828078
7.05348420500	0.06165551857	0.03832316329
7.06180837300	0.06411969281	0.03441038523
7.07013254200	0.06660096331	0.02987047754
7.07845671100	0.06868092771	0.02532289519
7.08678087900	0.07078096697	0.02070314191
7.09510504800	0.07224982089	0.01566497787
7.10342921600	0.07343254296	0.01059885499
7.11175338500	0.07427608426	0.00564187720
7.12007755300	0.07426709417	0.00291280759
7.12840172200	0.07470837373	-0.00418342196
7.13672589000	0.07419396759	-0.00889701386
7.14463385000	0.07350040149	-0.01389072607
7.15295801900	0.07268086934	-0.01887468287
7.16128218700	0.07140031127	-0.02356809267
7.16960635600	0.06960040129	-0.02836233477
7.17793052400	0.06771353449	-0.03260542532
7.18625469300	0.06526287179	-0.03713070812
7.19457886200	0.06279167731	-0.04156115067
7.20290303000	0.06008956338	-0.04592152619
7.21122719900	0.05692596964	-0.04984498781
7.21955136700	0.05334301219	-0.05341486283
7.22787553600	0.04951296396	-0.05688088197
7.23619970400	0.04537439499	-0.06003554604
7.24452387300	0.04324100977	-0.06171065370
7.25284804100	0.03656094555	-0.06529268662
7.26117221000	0.03264820105	-0.06704017136
7.26949637800	0.02770977710	-0.06892684659
7.27782054700	0.02331352020	-0.07030695304
7.28614471500	0.01822591268	-0.07175875171
7.29446888400	0.01318978570	-0.07288478943
7.30279305200	0.00814764426	-0.07347926345
7.31111722100	0.00328797664	-0.07370216505
7.31944139000	-0.00186669668	-0.07339911170
7.32776555800	-0.00660147538	-0.07277457846
7.33608972700	-0.01183082821	-0.07181111419
7.34441389500	-0.01681358561	-0.07064595422
7.35273806400	-0.02125823512	-0.06925534461
7.36106223200	-0.02570318934	-0.06746080787
7.36938640100	-0.02867086738	-0.06614331320
7.37771056900	-0.03473438429	-0.06228207954
7.38603473800	-0.03895931006	-0.05926868253
7.39435890600	-0.04284477019	-0.05578110798
7.40268307500	-0.04638201819	-0.05249449271
7.41100724300	-0.04957332065	-0.04895251198
7.41933141200	-0.05261074862	-0.04520238114
7.42765558000	-0.05554066440	-0.04075841843
7.43597974900	-0.05802903912	-0.03633262481
7.44430391700	-0.06057603101	-0.03130310581
7.45262808600	-0.06230820322	-0.02673733695
7.46095225500	-0.06388757253	-0.02202502113
7.46927642300	-0.06518519755	-0.01714198387
7.47760059200	-0.06586493244	-0.01221246631
7.48592476000	-0.06660000826	-0.00710656503
7.49424892900	-0.06665060756	-0.00419360767
7.50257309700	-0.06644553091	0.00273827119
7.51089726600	-0.06573448225	0.00764150351
7.51922143400	-0.06454801494	0.01226913094
7.52754560300	-0.06352795428	0.01720709884
7.53586977100	-0.06160854719	0.02193888226
7.54419394000	-0.05984335385	0.02643000655
7.55251810800	-0.05763926474	0.03113376379
7.56084227700	-0.05524674646	0.03524676026
7.56916644500	-0.05228833022	0.03954820066
7.57749061400	-0.04941363342	0.04346021605
7.58581478300	-0.04587844118	0.04737576942
7.59413895100	-0.04218815867	0.05084743936
7.60246312000	-0.03821799402	0.05394139129
7.61078728800	-0.03398495747	0.05686452988
7.61911145700	-0.03144009785	0.05832147112
7.62743562500	-0.02478186607	0.06180711631
7.63575979400	-0.02008687402	0.06357166996
7.64408396200	-0.01569752926	0.06507968028
7.65240813100	-0.01060416909	0.06637204999
7.66031609100	-0.00575146648	0.06722117427
7.66864025900	-0.00063107307	0.06797835644
7.67696442800	0.00436548194	0.06809422909
7.68528859600	0.00926475922	0.06810047603
7.69361276500	0.01454872545	0.06759782718
7.70193693400	0.01911955171	0.06674896532
7.71026110200	0.02412889002	0.06541913772
7.71858527100	0.02889601057	0.06396624071
7.72690943900	0.03335575936	0.06201910387
7.73523360800	0.03778955729	0.05980257995
7.74355777600	0.04057763318	0.05835910141
7.75188194500	0.04654433027	0.05399301283
7.76020611300	0.05044655797	0.05095338627
7.76853028200	0.05418364954	0.04744291409
7.77685445000	0.05738527217	0.04417524013
7.78517861900	0.06057139700	0.04020215024
7.79350278700	0.06302158117	0.03656247196
7.80182695600	0.06588679955	0.03212485559
7.81015112400	0.06786343808	0.02768864063
7.81847529300	0.06992672292	0.02320812593
7.82679946100	0.07137093690	0.01854379331
7.83512363000	0.07281430992	0.01388545917
7.84344779900	0.07338493129	0.00900896322
7.85177196700	0.07427758389	0.00399716408
7.86009613600	0.07443292813	-0.00128448267
7.86842030400	0.07451170071	-0.00399208696
7.87674447300	0.07387358196	-0.01086516364
7.88506864100	0.07300587569	-0.01587565254
7.89339281000	0.07174656521	-0.02094905473
7.90171697800	0.07033806888	-0.02566414477
7.91004114700	0.06857734871	-0.03048249612
7.91836531500	0.06643661677	-0.03482919775
7.92668948400	0.06427672311	-0.03912730512
7.93501365200	0.06143881257	-0.04317475118
7.94333782100	0.05846832948	-0.04691934618
7.95166198900	0.05516890724	-0.05104338043
7.95998615800	0.05148049251	-0.05439779363
7.96831032700	0.04753613556	-0.05775717227
7.97663449500	0.04323787986	-0.06091634511
7.98495866400	0.03866540262	-0.06325140939
7.99328283200	0.03636483675	-0.06466749976
8.00160700100	0.02985634401	-0.06759162920
8.00993116900	0.02543359235	-0.06933807477
8.01825533800	0.02072965425	-0.07065869610
8.02657950600	0.01589059467	-0.07193197778
8.03490367500	0.01089151556	-0.07221485819
8.04322784300	0.00537559525	-0.07265585181
8.05155201200	0.00048622949	-0.07276627517
8.05987618000	-0.00423498167	-0.07259211280
8.06820034900	-0.00956483265	-0.07183932633
8.07652451700	-0.01422151286	-0.07056031844
8.08484868600	-0.01902245373	-0.06905720644
8.09317285400	-0.02352800836	-0.06743780923
8.10149702300	-0.02829649459	-0.06540567577
8.10982119200	-0.03228715757	-0.06315911194
8.11814536000	-0.03476578818	-0.06156970649
8.12646952900	-0.04065510515	-0.05732792732
8.13479369700	-0.04488432178	-0.05350860079
8.14311786600	-0.04861217723	-0.04969430206
8.15144203400	-0.05228006697	-0.04588965494
8.15976620300	-0.05539659785	-0.04168521711
8.16809037100	-0.05794067574	-0.03774240473
8.17641454000	-0.06039590909	-0.03320172233
8.18473870800	-0.06228944463	-0.02864791715
8.19306287700	-0.06413859745	-0.02379794433
8.20138704500	-0.06555135027	-0.01883921911
8.20971121400	-0.06674389742	-0.01395673532
8.21761917400	-0.06753530581	-0.00905797925
8.22594334300	-0.06794588537	-0.00398177178
8.23426751100	-0.06805530108	0.00100233157
8.24259168000	-0.06786534092	0.00396525574
8.25091584800	-0.06719775795	0.01109963794
8.25924001700	-0.06608221546	0.01654508486
8.26756418500	-0.06444417635	0.02131659756
8.27588835400	-0.06268763929	0.02577105845
8.28421252200	-0.06054623891	0.03002391734
8.29253669100	-0.05801918860	0.03437982992
8.30086085900	-0.05537875484	0.03854850896
8.30918502800	-0.05223823175	0.04286330848
8.31750919600	-0.04885543733	0.04662516916
8.32583336500	-0.04518604081	0.05013901484
8.33415753300	-0.04162672696	0.05371105781
8.34248170200	-0.03741982389	0.05661589545
8.35080587100	-0.03306412748	0.05950375041
8.35913003900	-0.02891480803	0.06232520829
8.36745420800	-0.02611391231	0.06344525339
8.37577837600	-0.01950710853	0.06622348283
8.38410254500	-0.01509275952	0.06747565425
8.39242671300	-0.00973042311	0.06848143075
8.40075088200	-0.00420610568	0.06922472542
8.40907505000	0.00087623299	0.06952529717
8.41739921900	0.00623851490	0.06966060625
8.42572338700	0.01110185859	0.06929886433
8.43404755600	0.01606140302	0.06870610825
8.44237172400	0.02078085959	0.06785007671
8.45069589300	0.02582354670	0.06650533817
8.45902006100	0.03014518022	0.06489599611
8.46734423000	0.03500611582	0.06289589372
8.47566839800	0.03906504821	0.06040877499
8.48399256700	0.04308308264	0.05771344119
8.49231673600	0.04542207402	0.05609588136
8.50064090400	0.05115166190	0.05130166234
8.50896507300	0.05462559778	0.04805372827
8.51728924100	0.05811192640	0.04425107721
8.52561341000	0.06092954070	0.04041373405
8.53393757800	0.06339978355	0.03668034635
8.54226174700	0.06610034894	0.03183006046
8.55058591500	0.06811652566	0.02722016941
8.55891008400	0.06976229859	0.02252947994
8.56723425200	0.07143800243	0.01766918516
8.57555842100	0.07259777040	0.01235998782
8.58388258900	0.07335894567	0.00735308861
8.59220675800	0.07356982747	0.00278045280
8.60053092600	0.07343898541	-0.00224675004
8.60885509500	0.07340740001	-0.00707195933
8.61717926400	0.07307423930	-0.00954291604
8.62550343200	0.07233526900	-0.01699365594
8.63382760100	0.07078436186	-0.02222831800
8.64215176900	0.06860187919	-0.02652952132
8.65047593800	0.06687305906	-0.03115722943
8.65880010600	0.06446174088	-0.03563387215
8.66712427500	0.06168581133	-0.04004647280
8.67544844300	0.05872307115	-0.04442251208
8.68377261200	0.05556085126	-0.04821307261
8.69209678000	0.05186676743	-0.05175808492
8.70042094900	0.04821172020	-0.05543186885
8.70874511700	0.04443696438	-0.05850544627
8.71706928600	0.03988229597	-0.06148900985
8.72539345400	0.03625435599	-0.06375648024
8.73371762300	0.03141314426	-0.06594279994
8.74204179100	0.02930344039	-0.06685907305
8.75036596000	0.02242897796	-0.06988354957
8.75827392000	0.01713450844	-0.07147938080
8.76659808900	0.01188183358	-0.07207731891
8.77492225700	0.00607696227	-0.07253528367
8.78324642600	0.00073744904	-0.07269242961
8.79157059400	-0.00465833395	-0.07283019279
8.79989476300	-0.00924141946	-0.07219110475
8.80821893100	-0.01381226857	-0.07131638266
8.81654310000	-0.01876116148	-0.06984555612
8.82486726800	-0.02311940757	-0.06840402859
8.83319143700	-0.02737928974	-0.06654081750
8.84151560500	-0.03210573978	-0.06455788900
8.84983977400	-0.03615363203	-0.06207108982
8.85816394300	-0.04043084679	-0.05920790603
8.86648811100	-0.04251937312	-0.05719423391
8.87481228000	-0.04846151296	-0.05201733523
8.88313644800	-0.05227669516	-0.04808189975
8.89146061700	-0.05577081935	-0.04394401209
8.89978478500	-0.05839123846	-0.03976241797
8.90810895400	-0.06064589224	-0.03544049251
8.91643312200	-0.06304628043	-0.03057738199
8.92475729100	-0.06465476951	-0.02589984285
8.93308145900	-0.06609967581	-0.02105155974
8.94140562800	-0.06683614813	-0.01656030125
8.94972979600	-0.06788937316	-0.01158035379
8.95805396500	-0.06821632228	-0.00650760495
8.96637813300	-0.06846055666	-0.00138191066
8.97470230200	-0.06835499856	0.00344277175
8.98302647000	-0.06800875684	0.00852262572
8.99135063900	-0.06759903583	0.01141367041
8.99967480800	-0.06584786384	0.01880213324
9.00799897600	-0.06439264816	0.02332293983
9.01632314500	-0.06221682020	0.02805444675
9.02464731300	-0.06025510536	0.03225105491
9.03297148200	-0.05675941395	0.03633566966
9.04129565000	-0.05386902750	0.04047954815
9.04961981900	-0.05038709923	0.04455352167
9.05794398700	-0.04682922041	0.04827742655
9.06626815600	-0.04329462965	0.05115074678
9.07459232400	-0.03943566683	0.05432791682
9.08291649300	-0.03532146590	0.05752132265
9.09124066100	-0.03099037554	0.06039428396
9.09956483000	-0.02656424797	0.06258389466
9.10788899800	-0.02189497407	0.06477698481
9.11621316700	-0.01911038195	0.06567639413
9.12453733600	-0.01227224789	0.06732318256
9.13286150400	-0.00721862921	0.06808419652
9.14118567300	-0.00199372964	0.06870191139
9.14950984100	0.00330905919	0.06866874259
9.15783401000	0.00841124696	0.06844598202
9.16615817800	0.01379082518	0.06818608547
9.17448234700	0.01845009990	0.06742928594
9.18280651500	0.02313703572	0.06631851756
9.19113068400	0.02804741818	0.06510170615
9.19945485200	0.03236383985	0.06307635574
9.20777902100	0.03695575436	0.06078234789
9.21610318900	0.04105495919	0.05830354307
9.22442735800	0.04517971007	0.05528598335
9.23275152600	0.04890604129	0.05222438829
9.24107569500	0.05099173127	0.05036754458
9.24939986300	0.05642594156	0.04503659593
9.25772403200	0.05949194952	0.04097389511
9.26563199200	0.06245116256	0.03691275055
9.27395616100	0.06530698800	0.03244740695
9.28228032900	0.06731266825	0.02778780844
9.29060449800	0.06914738865	0.02372342177
9.29892866600	0.07103652713	0.01859929371
9.30725283500	0.07213513475	0.01411745332
9.31557700300	0.07292859125	0.00909334999
9.32390117200	0.07352453504	0.00421580275
9.33222534000	0.07365098677	-0.00061655438
9.34054950900	0.07354360601	-0.00544982881
9.34887367700	0.07336553390	-0.01076567814
9.35719784600	0.07227076072	-0.01559662066
9.36552201400	0.07198657976	-0.01806869781
9.37384618300	0.06992926268	-0.02576507132
9.38217035200	0.06830895789	-0.03033234325
9.39049452000	0.06595408837	-0.03486120479
9.39881868900	0.06357045296	-0.03914036344
9.40714285700	0.06075192810	-0.04331923533
9.41546702600	0.05755378212	-0.04695413843
9.42379119400	0.05399545059	-0.05084279035
9.43211536300	0.05040485740	-0.05425438971
9.44043953100	0.04642751629	-0.05729229953
9.44876370000	0.04236965899	-0.06045967745
9.45708786800	0.03804326524	-0.06332734754
9.46541203700	0.03384675078	-0.06516028250
9.47373620500	0.02950514982	-0.06775918291
9.48206037400	0.02507228556	-0.06932364587
9.49038454200	0.02252840022	-0.06987257576
9.49870871100	0.01525624046	-0.07183854406
9.50703288000	0.01008321108	-0.07263004324
9.51535704800	0.00499292239	-0.07314007446
9.52368121700	-0.00027661599	-0.07291473566
9.53200538500	-0.00525070214	-0.07230798162
9.54032955400	-0.01003205283	-0.07156408433
9.54865372200	-0.01531740485	-0.07031991538
9.55697789100	-0.01994166524	-0.06899001053
9.56530205900	-0.02470837969	-0.06729067118
9.57362622800	-0.02937282290	-0.06506568252
9.58195039600	-0.03368700954	-0.06247130173
9.59027456500	-0.03793532029	-0.05953461299
9.59859873300	-0.04188568322	-0.05636549043
9.60692290200	-0.04547692734	-0.05324650728
9.61524707000	-0.04771504808	-0.05149884860
9.62357123900	-0.05292577524	-0.04594820031
9.63189540700	-0.05577975111	-0.04245997099
9.64021957600	-0.05879224543	-0.03791575759
9.64854374500	-0.06144156948	-0.03305244463
9.65686791300	-0.06355122339	-0.02806450501
9.66519208200	-0.06524897462	-0.02338461556
9.67351625000	-0.06635610318	-0.01923568918
9.68184041900	-0.06712027041	-0.01466248514
9.69016458700	-0.06790580498	-0.00920780752
9.69848875600	-0.06845579467	-0.00380884820
9.70681292400	-0.06867752399	0.00139025195
9.71513709300	-0.06810986757	0.00618349677
9.72346126100	-0.06746823860	0.01098084648
9.73178543000	-0.06660301878	0.01609037937
9.74010959800	-0.06606641443	0.01876034947
9.74843376700	-0.06362192735	0.02589370830
9.75675793500	-0.06122679112	0.02991249960
9.76508210400	-0.05862990697	0.03389550624
9.77340627300	-0.05599417835	0.03761323591
9.78173044100	-0.05286199687	0.04196736808
9.78963840100	-0.04948090953	0.04615193104
9.79796257000	-0.04605656897	0.04936090208
9.80628673800	-0.04184847254	0.05263197632
9.81461090700	-0.03761322879	0.05569854414
9.82293507500	-0.03373288707	0.05856964965
9.83125924400	-0.02941453325	0.06135972597
9.83958341200	-0.02484344306	0.06351740148
9.84790758100	-0.02022298930	0.06506694222
9.85623174900	-0.01528134770	0.06642578369
9.86455591800	-0.01275558172	0.06725952870
9.87288008600	-0.00536913087	0.06853339800
9.88120425500	-0.00053805503	0.06884180358
9.88952842400	0.00484922809	0.06865102719
9.89785259200	0.01005003799	0.06788950188
9.90617676100	0.01524818624	0.06711490100
9.91450092900	0.01992882047	0.06620547961
9.92282509800	0.02487959826	0.06495607645
9.93114926600	0.02931947668	0.06340028359
9.93947343500	0.03385918306	0.06143905052
9.94779760300	0.03821704504	0.05915245326
9.95612177200	0.04207806786	0.05637871227
9.96444594000	0.04635838408	0.05332116104
9.97277010900	0.05028008027	0.05016388298
9.98109427700	0.05345864260	0.04691057785
9.98941844600	0.05508487108	0.04518960111
9.99774261400	0.06012910133	0.03883171004
10.00606678000	0.06281463025	0.03446605199
10.01439095000	0.06535567125	0.03013955127
10.02271512000	0.06752972829	0.02552123980
10.03103929000	0.06904668632	0.02103773188
10.03936346000	0.07046885977	0.01596795839
10.04768763000	0.07154517481	0.01131001306
10.05601179000	0.07208978532	0.00612770225
10.06433596000	0.07217154837	0.00140989703
10.07266013000	0.07245117918	-0.00337883709
10.08098430000	0.07207438337	-0.00829286973
10.08930847000	0.07152162681	-0.01295953217
10.09763264000	0.07056880169	-0.01792035508
10.10595681000	0.06960047984	-0.02286259067
10.11428097000	0.06896435968	-0.02472814847
10.12260514000	0.06613942017	-0.03176850961
10.13092931000	0.06371047123	-0.03641820993
10.13925348000	0.06095837630	-0.04065678245
10.14757765000	0.05804705856	-0.04452904987
10.15590182000	0.05476682412	-0.04836744108
10.16422599000	0.05106342969	-0.05196491513
10.17255015000	0.04738654055	-0.05542300781
10.18087432000	0.04334636049	-0.05862726788
10.18919849000	0.03917161589	-0.06142290325
10.19752266000	0.03498006911	-0.06398851079
10.20584683000	0.03079251224	-0.06610927312
10.21417100000	0.02610802768	-0.06834717006
10.22249516000	0.02153764810	-0.06982793376
10.23081933000	0.01674065450	-0.07074598362
10.23914350000	0.01451010382	-0.07118639258
10.24746767000	0.00654820652	-0.07212932188
10.25579184000	0.00137952737	-0.07229895923
10.26411601000	-0.00393881273	-0.07200246354
10.27244018000	-0.00894096818	-0.07132841390
10.28076434000	-0.01399688281	-0.07041512561
10.28908851000	-0.01881183790	-0.06932875541
10.29741268000	-0.02360297386	-0.06776007531
10.30573685000	-0.02771434039	-0.06582792241
10.31406102000	-0.03214927936	-0.06377986136
10.32238519000	-0.03622212906	-0.06125573489
10.33029315000	-0.04049009004	-0.05845621597
10.33861732000	-0.04436177421	-0.05499014581
10.34694148000	-0.04814596827	-0.05133001221
10.35526565000	-0.05172347935	-0.04749394828
10.36358982000	-0.05312954571	-0.04569813070
10.37191399000	-0.05831650405	-0.03886560852
10.38023816000	-0.06052866624	-0.03442496557
10.38856233000	-0.06284464006	-0.02987986384
10.39688650000	-0.06493363379	-0.02510777860
10.40521066000	-0.06635545276	-0.02028513357
10.41353483000	-0.06746520197	-0.01590522109
10.42185900000	-0.06842056678	-0.01093055506
10.43018317000	-0.06865037810	-0.00584075702
10.43850734000	-0.06884153147	-0.00089879327
10.44683151000	-0.06869627196	0.00408253908
10.45515568000	-0.06821350571	0.00916582894
10.46347984000	-0.06727248397	0.01405909977
10.47180401000	-0.06637079837	0.01906811589
10.48012818000	-0.06462145893	0.02406606712
10.48845235000	-0.06391286324	0.02575760633
10.49677652000	-0.06037084389	0.03301451170
10.50510069000	-0.05777779999	0.03729769735
10.51342485000	-0.05459735795	0.04161813261
10.52174902000	-0.05157248575	0.04568712937
10.53007319000	-0.04780985483	0.04933447631
10.53839736000	-0.04388041320	0.05253257363
10.54672153000	-0.03980674122	0.05594356778
10.55504570000	-0.03572002674	0.05849910325
10.56336987000	-0.03146910699	0.06122984664
10.57169403000	-0.02701450343	0.06345297232
10.58001820000	-0.02257033231	0.06543229578
10.58834237000	-0.01788265561	0.06698263790
10.59666654000	-0.01286497624	0.06820168887
10.60499071000	-0.00784676665	0.06939996346
10.61331488000	-0.00563343760	0.06953223923
10.62163905000	0.00275084367	0.07008030621
10.62996321000	0.00779244299	0.06979704984
10.63828738000	0.01293829695	0.06901036999
10.64661155000	0.01801419536	0.06810003497
10.65493572000	0.02290260052	0.06673198014
10.66325989000	0.02770027998	0.06513799752
10.67158406000	0.03227747702	0.06329313003
10.67990823000	0.03654168904	0.06111141049
10.68823239000	0.04091307741	0.05850775840
10.69655656000	0.04491766100	0.05557087738
10.70488073000	0.04859999997	0.05243435795
10.71320490000	0.05251290541	0.04880014944
10.72152907000	0.05620539181	0.04526034855
10.72985324000	0.05925079223	0.04124322314
10.73817741000	0.06073525070	0.03954945123
10.74650157000	0.06475585239	0.03274018525
10.75482574000	0.06722943651	0.02784755547
10.76314991000	0.06904350932	0.02341127396
10.77147408000	0.07046791041	0.01877422847
10.77979825000	0.07193234682	0.01393521118
10.78812242000	0.07251064216	0.00886806524
10.79644659000	0.07327303658	0.00391889420
10.80477075000	0.07351167203	-0.00108770306
10.81309492000	0.07336830612	-0.00602103918
10.82141909000	0.07308647565	-0.01088483346
10.82974326000	0.07205659858	-0.01578209621
10.83806743000	0.07073487695	-0.02071379570
10.84639160000	0.06940732717	-0.02528447913
10.85471576000	0.06740683911	-0.03010317453
10.86303993000	0.06673998077	-0.03203395287
10.87136410000	0.06301515775	-0.03880003553
10.87968827000	0.06028707506	-0.04279668111
10.89175831000	0.05558808747	-0.04855599822
10.90008248000	0.05187828285	-0.05193940605
10.90840665000	0.04823367063	-0.05518693235
10.91673082000	0.04364996702	-0.05797513779
10.92505499000	0.04024154058	-0.06307611454
10.93337916000	0.03717898175	-0.06422779503
10.94170333000	0.03295644659	-0.06540110963
10.95002749000	0.02781036887	-0.06695317331
10.95835166000	0.02296295093	-0.07059099708
10.96667583000	0.01839745868	-0.07126470208
10.97500000000	0.01232202034	-0.07269033914
