t
0.00000000000
0.01664833706
0.02497250559
0.03329667412
0.04162084266
0.04994501119
0.05826917972
0.06659334825
0.07491751678
0.08324168531
0.09156585384
0.09989002237
0.10821419090
0.11653835940
0.12486252800
0.13318669650
0.14151086500
0.14983503360
0.15815920210
0.16648337060
0.17480753920
0.18313170770
0.19145587620
0.19978004470
0.20810421330
0.21642838180
0.22475255030
0.23307671890
0.24140088740
0.24972505590
0.25804922450
0.26637339300
0.27844343740
0.28676760590
0.29509177440
0.30341594300
0.31174011150
0.32006428000
0.32838844860
0.33671261710
0.34503678560
0.35336095420
0.36168512270
0.37000929120
0.37833345970
0.38665762830
0.39498179680
0.40330596530
0.41163013390
0.41995430240
0.42827847090
0.43660263950
0.44492680800
0.45325097650
0.46157514510
0.46989931360
0.47822348210
0.48654765070
0.49487181920
0.50319598770
0.51152015620
0.51984432480
0.52816849330
0.53649266180
0.54481683040
0.55314099890
0.56146516740
0.56978933600
0.57811350450
0.58643767300
0.59476184160
0.60308601010
0.61141017860
0.61973434720
0.62805851570
0.63638268420
0.64470685270
0.65303102130
0.66135518980
0.66967935830
0.67800352690
0.68632769540
0.69465186390
0.70297603250
0.71130020100
0.71962436950
0.72794853810
0.73627270660
0.74459687510
0.75292104360
0.76124521220
0.76956938070
0.77789354920
0.78621771780
0.79412567790
0.80244984640
0.81077401490
0.81909818350
0.82742235200
0.83574652050
0.84407068910
0.85239485760
0.86071902610
0.86904319470
0.87736736320
0.88569153170
0.89401570030
0.90233986880
0.91066403730
0.91898820580
0.92731237440
0.93563654290
0.94396071140
0.95228488000
0.96060904850
0.96893321700
0.97725738560
0.98558155410
0.99390572260
1.00222989100
1.01055406000
1.01887822800
1.02720239700
1.03552656500
1.04385073400
1.05217490200
1.06049907100
1.06882323900
1.07714740800
1.08547157600
1.09379574500
1.10211991400
1.11044408200
1.11876825100
1.12709241900
1.13541658800
1.14374075600
1.15206492500
1.16038909300
1.16871326200
1.17703743000
1.18536159900
1.19368576700
1.20200993600
1.21033410400
1.21865827300
1.22698244200
1.23530661000
1.24363077900
1.25195494700
1.26027911600
1.26860328400
1.27692745300
1.28525162100
1.29357579000
1.30189995800
1.31022412700
1.31854829500
1.32645625500
1.33478042400
1.34310459300
1.35142876100
1.35975293000
1.36807709800
1.37640126700
1.38472543500
1.39304960400
1.40137377200
1.40969794100
1.41802210900
1.42634627800
1.43467044600
1.44299461500
1.45131878300
1.45964295200
1.46796712000
1.47629128900
1.48461545800
1.49293962600
1.50126379500
1.50958796300
1.51791213200
1.52623630000
1.53456046900
1.54288463700
1.55120880600
1.55953297400
1.56785714300
1.57618131100
1.58450548000
1.59282964800
1.60115381700
1.60947798600
1.61780215400
1.62612632300
1.63445049100
1.64277466000
1.65109882800
1.65942299700
1.66774716500
1.67607133400
1.68439550200
1.69271967100
1.70104383900
1.70936800800
1.71769217600
1.72601634500
1.73434051300
1.74266468200
1.75098885100
1.75931301900
1.76763718800
1.77596135600
1.78428552500
1.79260969300
1.80093386200
1.80925803000
1.81758219900
1.82590636700
1.83423053600
1.84255470400
1.85087887300
1.85920304100
1.86711100200
1.87543517000
1.88375933900
1.89208350700
1.90040767600
1.90873184400
1.91705601300
1.92538018100
1.93370435000
1.94202851800
1.95035268700
1.95867685500
1.96700102400
1.97532519200
1.98364936100
1.99197353000
2.00029769800
2.00862186700
2.01694603500
2.02527020400
2.03359437200
2.04191854100
2.05024270900
2.05856687800
2.06689104600
2.07521521500
2.08353938300
2.09186355200
2.10018772000
2.10851188900
2.11683605700
2.12516022600
2.13348439500
2.14180856300
2.15013273200
2.15845690000
2.16678106900
2.17510523700
2.18342940600
2.19175357400
2.20007774300
2.20840191100
2.21672608000
2.22505024800
2.23337441700
2.24169858500
2.25002275400
2.25834692300
2.26667109100
2.27499526000
2.28331942800
2.29164359700
2.29996776500
2.30829193400
2.31661610200
2.32494027100
2.33326443900
2.34158860800
2.34991277600
2.35823694500
2.36656111300
2.37488528200
2.38320945000
2.39153361900
2.39985778800
2.40776574800
2.41608991600
2.42441408500
2.43273825300
2.44106242200
2.44938659000
2.45771075900
2.46603492700
2.47435909600
2.48268326400
2.49100743300
2.49933160200
2.50765577000
2.51597993900
2.52430410700
2.53262827600
2.54095244400
2.54927661300
2.55760078100
2.56592495000
2.57424911800
2.58257328700
2.59089745500
2.59922162400
2.60754579200
2.61586996100
2.62419412900
2.63251829800
2.64084246700
2.64916663500
2.65749080400
2.66581497200
2.67413914100
2.68246330900
2.69078747800
2.69911164600
2.70743581500
2.71575998300
2.72408415200
2.73240832000
2.74073248900
2.74905665700
2.75738082600
2.76570499500
2.77402916300
2.78235333200
2.79067750000
2.79900166900
2.80732583700
2.81565000600
2.82397417400
2.83229834300
2.84062251100
2.84894668000
2.85727084800
2.86559501700
2.87391918500
2.88224335400
2.89056752200
2.89847548300
2.90679965100
2.91512382000
2.92344798800
2.93177215700
2.94009632500
2.94842049400
2.95674466200
2.96506883100
2.97339299900
2.98171716800
2.99004133600
2.99836550500
3.00668967300
3.01501384200
3.02333801100
3.03166217900
3.03998634800
3.04831051600
3.05663468500
3.06495885300
3.07328302200
3.08160719000
3.08993135900
3.09825552700
3.10657969600
3.11490386400
3.12322803300
3.13155220100
3.13987637000
3.14820053900
3.15652470700
3.16484887600
3.17317304400
3.18149721300
3.18982138100
3.19814555000
3.20646971800
3.21479388700
3.22311805500
3.23144222400
3.23976639200
3.24809056100
3.25641472900
3.26473889800
3.27306306600
3.28138723500
3.28971140400
3.29803557200
3.30635974100
3.31468390900
3.32300807800
3.33133224600
3.33965641500
3.34798058300
3.35630475200
3.36462892000
3.37295308900
3.38127725700
3.38960142600
3.39792559400
3.40624976300
3.41457393200
3.42289810000
3.43122226900
3.43913022900
3.44745439700
3.45577856600
3.46410273400
3.47242690300
3.48075107100
3.48907524000
3.49739940800
3.50572357700
3.51404774500
3.52237191400
3.53069608300
3.53902025100
3.54734442000
3.55566858800
3.56399275700
3.57231692500
3.58064109400
3.58896526200
3.59728943100
3.60561359900
3.61393776800
3.62226193600
3.63058610500
3.63891027300
3.64723444200
3.65555861000
3.66388277900
3.67220694800
3.68053111600
3.68885528500
3.69717945300
3.70550362200
3.71382779000
3.72215195900
3.73047612700
3.73880029600
3.74712446400
3.75544863300
3.76377280100
3.77209697000
3.78042113800
3.78874530700
3.79706947600
3.80539364400
3.81371781300
3.82204198100
3.83036615000
3.83869031800
3.84701448700
3.85533865500
3.86366282400
3.87198699200
3.88031116100
3.88863532900
3.89695949800
3.90528366600
3.91360783500
3.92193200300
3.93025617200
3.93858034100
3.94690450900
3.95522867800
3.96355284600
3.97187701500
3.98020118300
3.98810914300
3.99643331200
4.00475748000
4.01308164900
4.02140581700
4.02972998600
4.03805415400
4.04637832300
4.05470249200
4.06302666000
4.07135082900
4.07967499700
4.08799916600
4.09632333400
4.10464750300
4.11297167100
4.12129584000
4.12962000800
4.13794417700
4.14626834500
4.15459251400
4.16291668200
4.17124085100
4.17956502000
4.18788918800
4.19621335700
4.20453752500
4.21286169400
4.22118586200
4.22951003100
4.23783419900
4.24615836800
4.25448253600
4.26280670500
4.27113087300
4.27945504200
4.28777921000
4.29610337900
4.30442754700
4.31275171600
4.32107588500
4.32940005300
4.33772422200
4.34604839000
4.35437255900
4.36269672700
4.37102089600
4.37934506400
4.38766923300
4.39599340100
4.40431757000
4.41264173800
4.42096590700
4.42929007500
4.43761424400
4.44593841300
4.45426258100
4.46258675000
4.47091091800
4.47923508700
4.48755925500
4.49588342400
4.50420759200
4.51211555200
4.52043972100
4.52876388900
4.53708805800
4.54541222600
4.55373639500
4.56206056400
4.57038473200
4.57870890100
4.58703306900
4.59535723800
4.60368140600
4.61200557500
4.62032974300
4.62865391200
4.63697808000
4.64530224900
4.65362641700
4.66195058600
4.67027475400
4.67859892300
4.68692309200
4.69524726000
4.70357142900
4.71189559700
4.72021976600
4.72854393400
4.73686810300
4.74519227100
4.75351644000
4.76184060800
4.77016477700
4.77848894500
4.78681311400
4.79513728200
4.80346145100
4.81178561900
4.82010978800
4.82843395700
4.83675812500
4.84508229400
4.85340646200
4.86173063100
4.87005479900
4.87837896800
4.88670313600
4.89502730500
4.90335147300
4.91167564200
4.91999981000
4.92832397900
4.93664814700
4.94497231600
4.95329648500
4.96162065300
4.96994482200
4.97826899000
4.98659315900
4.99491732700
5.00324149600
5.01114945600
5.01947362400
5.02779779300
5.03612196100
5.04444613000
5.05277029800
5.06109446700
5.06941863600
5.07774280400
5.08606697300
5.09439114100
5.10271531000
5.11103947800
5.11936364700
5.12768781500
5.13601198400
5.14433615200
5.15266032100
5.16098448900
5.16930865800
5.17763282600
5.18595699500
5.19428116300
5.20260533200
5.21092950100
5.21925366900
5.22757783800
5.23590200600
5.24422617500
5.25255034300
5.26087451200
5.26919868000
5.27752284900
5.28584701700
5.29417118600
5.30249535400
5.31081952300
5.31914369100
5.32746786000
5.33579202900
5.34411619700
5.35244036600
5.36076453400
5.36908870300
5.37741287100
5.38573704000
5.39406120800
5.40238537700
5.41070954500
5.41903371400
5.42735788200
5.43568205100
5.44400621900
5.45233038800
5.46065455600
5.46897872500
5.47730289400
5.48562706200
5.49395123100
5.50227539900
5.51059956800
5.51892373600
5.52724790500
5.53931794900
5.54764211800
5.55596628600
5.56429045500
5.57261462300
5.58093879200
5.58926296000
5.59758712900
5.60591129700
5.61423546600
5.62255963400
5.63088380300
5.63920797100
5.64753214000
5.65585630900
5.66418047700
5.67250464600
5.68082881400
5.68915298300
5.69747715100
5.70580132000
5.71412548800
5.72244965700
5.73077382500
5.73909799400
5.74742216200
5.75574633100
5.76407049900
5.77239466800
5.78071883700
5.78904300500
5.79736717400
5.80569134200
5.81401551100
5.82233967900
5.83066384800
5.83898801600
5.84731218500
5.85563635300
5.86396052200
5.87228469000
5.88060885900
5.88893302700
5.89725719600
5.90558136400
5.91390553300
5.92222970200
5.93055387000
5.93887803900
5.94720220700
5.95552637600
5.96385054400
5.97217471300
5.98049888100
5.98882305000
5.99714721800
6.00547138700
6.01379555500
6.02211972400
6.03044389200
6.03876806100
6.04709223000
6.05541639800
6.06374056700
6.07206473500
6.08038890400
6.08871307200
6.09662103200
6.10494520100
6.11326936900
6.12159353800
6.12991770600
6.13824187500
6.14656604300
6.15489021200
6.16321438100
6.17153854900
6.17986271800
6.18818688600
6.19651105500
6.20483522300
6.21315939200
6.22148356000
6.22980772900
6.23813189700
6.24645606600
6.25478023400
6.26310440300
6.27142857100
6.27975274000
6.28807690800
6.29640107700
6.30472524600
6.31304941400
6.32137358300
6.32969775100
6.33802192000
6.34634608800
6.35467025700
6.36299442500
6.37131859400
6.37964276200
6.38796693100
6.39629109900
6.40461526800
6.41293943600
6.42126360500
6.42958777400
6.43791194200
6.44623611100
6.45456027900
6.46288444800
6.47120861600
6.47953278500
6.48785695300
6.49618112200
6.50450529000
6.51282945900
6.52115362700
6.52947779600
6.53780196400
6.54612613300
6.55445030100
6.56277447000
6.57109863900
6.57942280700
6.58774697600
6.59607114400
6.60439531300
6.61271948100
6.62104365000
6.62936781800
6.63727577800
6.64559994700
6.65392411500
6.66224828400
6.67057245300
6.67889662100
6.68722079000
6.69554495800
6.70386912700
6.71219329500
6.72051746400
6.72884163200
6.73716580100
6.74548996900
6.75381413800
6.76213830600
6.77046247500
6.77878664300
6.78711081200
6.79543498000
6.80375914900
6.81208331800
6.82040748600
6.82873165500
6.83705582300
6.84537999200
6.85370416000
6.86202832900
6.87035249700
6.87867666600
6.88700083400
6.89532500300
6.90364917100
6.91197334000
6.92029750800
6.92862167700
6.93694584600
6.94527001400
6.95359418300
6.96191835100
6.97024252000
6.97856668800
6.98689085700
6.99521502500
7.00353919400
7.01186336200
7.02018753100
7.02851169900
7.03683586800
7.04516003600
7.05348420500
7.06180837300
7.07013254200
7.07845671100
7.08678087900
7.09510504800
7.10342921600
7.11175338500
7.12007755300
7.12840172200
7.13672589000
7.14463385000
7.15295801900
7.16128218700
7.16960635600
7.17793052400
7.18625469300
7.19457886200
7.20290303000
7.21122719900
7.21955136700
7.22787553600
7.23619970400
7.24452387300
7.25284804100
7.26117221000
7.26949637800
7.27782054700
7.28614471500
7.29446888400
7.30279305200
7.31111722100
7.31944139000
7.32776555800
7.33608972700
7.34441389500
7.35273806400
7.36106223200
7.36938640100
7.37771056900
7.38603473800
7.39435890600
7.40268307500
7.41100724300
7.41933141200
7.42765558000
7.43597974900
7.44430391700
7.45262808600
7.46095225500
7.46927642300
7.47760059200
7.48592476000
7.49424892900
7.50257309700
7.51089726600
7.51922143400
7.52754560300
7.53586977100
7.54419394000
7.55251810800
7.56084227700
7.56916644500
7.57749061400
7.58581478300
7.59413895100
7.60246312000
7.61078728800
7.61911145700
7.62743562500
7.63575979400
7.64408396200
7.65240813100
7.66031609100
7.66864025900
7.67696442800
7.68528859600
7.69361276500
7.70193693400
7.71026110200
7.71858527100
7.72690943900
7.73523360800
7.74355777600
7.75188194500
7.76020611300
7.76853028200
7.77685445000
7.78517861900
7.79350278700
7.80182695600
7.81015112400
7.81847529300
7.82679946100
7.83512363000
7.84344779900
7.85177196700
7.86009613600
7.86842030400
7.87674447300
7.88506864100
7.89339281000
7.90171697800
7.91004114700
7.91836531500
7.92668948400
7.93501365200
7.94333782100
7.95166198900
7.95998615800
7.96831032700
7.97663449500
7.98495866400
7.99328283200
8.00160700100
8.00993116900
8.01825533800
8.02657950600
8.03490367500
8.04322784300
8.05155201200
8.05987618000
8.06820034900
8.07652451700
8.08484868600
8.09317285400
8.10149702300
8.10982119200
8.11814536000
8.12646952900
8.13479369700
8.14311786600
8.15144203400
8.15976620300
8.16809037100
8.17641454000
8.18473870800
8.19306287700
8.20138704500
8.20971121400
8.21761917400
8.22594334300
8.23426751100
8.24259168000
8.25091584800
8.25924001700
8.26756418500
8.27588835400
8.28421252200
8.29253669100
8.30086085900
8.30918502800
8.31750919600
8.32583336500
8.33415753300
8.34248170200
8.35080587100
8.35913003900
8.36745420800
8.37577837600
8.38410254500
8.39242671300
8.40075088200
8.40907505000
8.41739921900
8.42572338700
8.43404755600
8.44237172400
8.45069589300
8.45902006100
8.46734423000
8.47566839800
8.48399256700
8.49231673600
8.50064090400
8.50896507300
8.51728924100
8.52561341000
8.53393757800
8.54226174700
8.55058591500
8.55891008400
8.56723425200
8.57555842100
8.58388258900
8.59220675800
8.60053092600
8.60885509500
8.61717926400
8.62550343200
8.63382760100
8.64215176900
8.65047593800
8.65880010600
8.66712427500
8.67544844300
8.68377261200
8.69209678000
8.70042094900
8.70874511700
8.71706928600
8.72539345400
8.73371762300
8.74204179100
8.75036596000
8.75827392000
8.76659808900
8.77492225700
8.78324642600
8.79157059400
8.79989476300
8.80821893100
8.81654310000
8.82486726800
8.83319143700
8.84151560500
8.84983977400
8.85816394300
8.86648811100
8.87481228000
8.88313644800
8.89146061700
8.89978478500
8.90810895400
8.91643312200
8.92475729100
8.93308145900
8.94140562800
8.94972979600
8.95805396500
8.96637813300
8.97470230200
8.98302647000
8.99135063900
8.99967480800
9.00799897600
9.01632314500
9.02464731300
9.03297148200
9.04129565000
9.04961981900
9.05794398700
9.06626815600
9.07459232400
9.08291649300
9.09124066100
9.09956483000
9.10788899800
9.11621316700
9.12453733600
9.13286150400
9.14118567300
9.14950984100
9.15783401000
9.16615817800
9.17448234700
9.18280651500
9.19113068400
9.19945485200
9.20777902100
9.21610318900
9.22442735800
9.23275152600
9.24107569500
9.24939986300
9.25772403200
9.26563199200
9.27395616100
9.28228032900
9.29060449800
9.29892866600
9.30725283500
9.31557700300
9.32390117200
9.33222534000
9.34054950900
9.34887367700
9.35719784600
9.36552201400
9.37384618300
9.38217035200
9.39049452000
9.39881868900
9.40714285700
9.41546702600
9.42379119400
9.43211536300
9.44043953100
9.44876370000
9.45708786800
9.46541203700
9.47373620500
9.48206037400
9.49038454200
9.49870871100
9.50703288000
9.51535704800
9.52368121700
9.53200538500
9.54032955400
9.54865372200
9.55697789100
9.56530205900
9.57362622800
9.58195039600
9.59027456500
9.59859873300
9.60692290200
9.61524707000
9.62357123900
9.63189540700
9.64021957600
9.64854374500
9.65686791300
9.66519208200
9.67351625000
9.68184041900
9.69016458700
9.69848875600
9.70681292400
9.71513709300
9.72346126100
9.73178543000
9.74010959800
9.74843376700
9.75675793500
9.76508210400
9.77340627300
9.78173044100
9.78963840100
9.79796257000
9.80628673800
9.81461090700
9.82293507500
9.83125924400
9.83958341200
9.84790758100
9.85623174900
9.86455591800
9.87288008600
9.88120425500
9.88952842400
9.89785259200
9.90617676100
9.91450092900
9.92282509800
9.93114926600
9.93947343500
9.94779760300
9.95612177200
9.96444594000
9.97277010900
9.98109427700
9.98941844600
9.99774261400
10.00606678000
10.01439095000
10.02271512000
10.03103929000
10.03936346000
10.04768763000
10.05601179000
10.06433596000
10.07266013000
10.08098430000
10.08930847000
10.09763264000
10.10595681000
10.11428097000
10.12260514000
10.13092931000
10.13925348000
10.14757765000
10.15590182000
10.16422599000
10.17255015000
10.18087432000
10.18919849000
10.19752266000
10.20584683000
10.21417100000
10.22249516000
10.23081933000
10.23914350000
10.24746767000
10.25579184000
10.26411601000
10.27244018000
10.28076434000
10.28908851000
10.29741268000
10.30573685000
10.31406102000
10.32238519000
10.33029315000
10.33861732000
10.34694148000
10.35526565000
10.36358982000
10.37191399000
10.38023816000
10.38856233000
10.39688650000
10.40521066000
10.41353483000
10.42185900000
10.43018317000
10.43850734000
10.44683151000
10.45515568000
10.46347984000
10.47180401000
10.48012818000
10.48845235000
10.49677652000
10.50510069000
10.51342485000
10.52174902000
10.53007319000
10.53839736000
10.54672153000
10.55504570000
10.56336987000
10.57169403000
10.58001820000
10.58834237000
10.59666654000
10.60499071000
10.61331488000
10.62163905000
10.62996321000
10.63828738000
10.64661155000
10.65493572000
10.66325989000
10.67158406000
10.67990823000
10.68823239000
10.69655656000
10.70488073000
10.71320490000
10.72152907000
10.72985324000
10.73817741000
10.74650157000
10.75482574000
10.76314991000
10.77147408000
10.77979825000
10.78812242000
10.79644659000
10.80477075000
10.81309492000
10.82141909000
10.82974326000
10.83806743000
10.84639160000
10.85471576000
10.86303993000
10.87136410000
10.87968827000
10.89175831000
10.90008248000
10.90840665000
10.91673082000
10.92505499000
10.93337916000
10.94170333000
10.95002749000
10.95835166000
10.96667583000
10.97500000000
