th
24.30157580264529
24.207631399000835
24.111343717774407
24.136999861413333
24.019189060089325
23.989290806689105
23.984546753439563
23.97072497052507
23.80321000585747
23.846640440346974
23.62687758945128
23.65125955189611
23.47886694295601
23.57597773745014
23.55540754292764
23.609845015725174
23.66933146033473
23.61105093397016
23.544458642844777
23.458419888836513
23.322077791079877
23.40626568935388
23.35451298453239
23.469195965795628
23.454689017183146
23.44382373570509
23.353824846649815
23.341045611059656
23.34587061568058
23.35738844224202
23.388324252806747
23.435040986328797
23.5106739527408
23.608211025512457
23.641436604021088
23.685987722987438
23.649789919185498
23.640566950648328
23.700034453738827
23.739693082818548
23.787615563480227
23.880973042049114
23.89620869941269
23.92094716256987
23.982195552856016
24.04388159585548
24.108850790763956
24.098141686113586
24.16020831860583
24.193705666850825
24.179468423757562
24.17303870012852
24.25149679797425
24.256242053272025
24.374313489607985
24.359867195028006
24.391069927565752
24.389359535358587
24.457750995560946
24.39933874960504
24.444346094240718
24.437260893811313
24.495585634807743
24.40757975038269
24.422749057990302
24.443495495471726
24.488306825330866
24.575998037159607
24.60186811796367
24.542391259529676
24.600252113419604
24.490247619126414
24.368036018552974
24.339418359133283
24.30335350944375
24.370095710496404
24.383896806039637
24.3143347339915
24.320770634842667
24.350590826546227
24.382563215652176
24.381409786102036
24.363800070062453
24.348489506219114
24.402979194509197
24.38061437583531
24.388428987262092
24.302778137849327
24.246175176714104
24.20001971966755
24.230480386693305
24.229316695037973
24.100307120171625
23.978905441497236
24.02045151069762
23.968467684440412
24.068617959281177
23.996731056997554
23.97339576079787
23.959199840288147
23.976294715114147
23.863515477670198
23.88704180336229
23.84782115760712
23.802747732050882
23.665634733374578
23.70564996451758
23.64201721606641
23.61346879728433
23.580304192567276
23.497989917510743
23.446417193783507
23.55169426761363
23.58749742800194
23.576597361571533
23.586280246486453
23.523957893222217
23.552277256918956
23.514973442440645
23.51875596310918
23.507276370759747
23.550195924411764
23.58178795384322
23.64877842936933
23.64107404080242
23.67956737822633
23.71455169583612
23.825476255255595
23.914315280011518
23.958711607825144
23.92724599173983
24.01596721595448
24.05871935854895
24.059246587859775
24.121629002281733
24.079955846969618
24.075063206161772
24.1702509236862
24.24621588602454
24.39502188648339
24.382430356767617
24.41212301456606
24.383276519790243
24.39925087411033
24.39670232817696
24.47367493316572
24.459755886467747
24.523587487053355
24.576365274013114
24.485073247318013
24.538167308721345
24.534689128703057
24.572790431083817
24.587536216928612
24.68776209902035
24.656892326828398
24.63877706405402
24.654957841710917
24.69231239375625
24.642947268519254
24.56654665878632
24.38359893835468
24.292930527235413
24.38819082435415
24.486327288021915
24.39558741820966
24.363956752151015
24.433371984709208
24.50549929104578
24.486172036397395
24.451012876006573
24.215388667895382
24.123563324939887
24.135267716899346
24.103398608117825
24.047907340888976
23.91701122973732
23.887519013178288
23.84963545348027
23.7743682569191
23.75548517486535
23.716910894982586
23.773241705142794
23.743619282616628
23.754493294659486
23.631799629641144
23.517816142800136
23.51500682666294
23.486922250061482
23.509591277426924
23.459158241408307
23.400797088572997
23.410001041829904
23.42954630206322
23.483701385999442
23.41515232787715
23.42176116248619
23.318435295311946
23.254569650032728
23.132257660252243
23.187075055165057
23.216482438781455
23.31061632920814
23.296597015603776
23.321554557116126
23.308502340569333
23.372702171445983
23.33347127288163
23.329446033044494
23.344213074997253
23.350836350838296
23.447513661517476
23.508689699645405
23.607134240304134
23.684080423958743
23.782584546442497
23.825724499787086
23.917242789965563
23.979879553059288
24.028012842545667
24.076046943375903
24.145476325675187
24.200068050220093
24.254672574045717
24.240693503000433
24.312777601441763
24.390043223995253
24.36206752658844
24.3474626837968
24.369472926303764
24.349176020103396
24.431026045368164
24.594513727825106
24.58896890893255
24.71632485039585
24.818118567727506
24.819283785271494
24.749152406798984
24.76713375600726
24.635157686850302
24.646142381104188
24.713783663419157
24.811250692443092
24.82866319967774
24.97645295653308
25.00799965971806
24.99916947979821
24.953293393066787
24.961804727972986
24.78190875424231
24.74281380716367
24.62925395410158
24.519593887930153
24.42000187703699
24.458551662708825
24.543047174505563
24.520353640727592
24.48089126027185
24.355159817384234
24.347380741905017
24.28225894845773
24.273998601981727
24.272942522227247
24.271896119106316
24.243716594633838
24.18353674052257
24.061140054932974
24.028140851621476
23.98357524227234
23.778111740482725
23.70854634905076
23.594705365465654
23.561030151249632
23.495822452002745
23.381618318546618
23.417642639461516
23.328487113803487
23.419879844877308
23.437621557767592
23.455096544522608
23.43944955912173
23.44565825592597
23.35131437630687
23.384717904255204
23.35070332775373
23.27045646132579
23.260214785583788
23.27408422323177
23.303650542641808
23.32024047792644
23.4284896403296
23.451573313638335
23.496933510376905
23.464870395226917
23.461669810641585
23.43706071767199
23.430422615650343
23.377667599649605
23.379314956474982
23.442622225380592
23.611280741755927
23.690793103589364
23.713999249885536
23.78909362231022
23.79618436831614
23.799841828881434
23.9096921995666
23.98497083340102
24.004460006587927
24.056762017613384
24.088771915472567
24.02914606323254
24.081219214450915
24.132742639460545
24.234066849184423
24.224903965964344
24.29493241990601
24.33190201264849
24.259436051225084
24.311143472929267
24.318459919893122
24.42506649792537
24.447244815118907
24.555304105760282
24.56898648161793
24.6966406370877
24.71377734672824
24.683435436560465
24.621439589374038
24.65379101711178
24.58611934214954
24.644764204589254
24.697694062251436
24.750451661319993
24.7472468963759
24.77629139541279
24.819487108973757
24.80128876876843
24.807883665648024
24.674232480534407
24.729115216272586
24.687917379984558
24.581212090164804
24.607023142973535
24.63783158165918
24.58909122937007
24.522686057999973
24.525097959595776
24.465732624230107
24.382141869578042
24.3634086659934
24.339809197506806
24.277378132585675
24.275457779965805
24.177481234340032
24.139990693845128
24.130070422203122
24.00589731182938
23.95817978950587
23.935623294535265
23.86852523133668
23.809358546935385
23.74246280390019
23.663643824159994
23.624994732731636
23.60484194952246
23.58715990091433
23.613260659623617
23.522738239688415
23.549086496798072
23.469208477945145
23.462031912321756
23.365139933195728
23.332807547685565
23.268069235929374
23.20756776276649
23.187906354569133
23.17826984422666
23.19854869695031
23.24185163021418
23.29155778005332
23.37654242642246
23.361370438009715
23.420836118085067
23.37446970897127
23.363311174674543
23.392881342860157
23.373912794268733
23.429625407237502
23.513568801458504
23.603270513072193
23.654019283317744
23.612387445126473
23.66412851078989
23.847543116293117
23.88965273362524
23.941835244429456
24.07466464508177
24.028643932383517
24.05427551895084
24.042876859882007
24.114915727871107
24.152789791984855
24.296560180102013
24.32682590307988
24.407544882017643
24.351822333409324
24.454515843167584
24.434518114592265
24.394437703183034
24.44783962639653
24.488386819399786
24.54853070484774
24.61781042559474
24.64058222154132
24.645796240924007
24.703347033322537
24.652322065168512
24.658752212388855
24.62801202408209
24.68057867997306
24.653684394896814
24.779833150841576
24.77354957076687
24.83218856263262
24.845799895982758
24.700660907548638
24.631109546149556
24.55026110664127
24.474840710670243
24.43248421849867
24.465056709753952
24.530384341975406
24.578155826480916
24.55349779763022
24.584751916267205
24.445761717142517
24.451352932878084
24.433322695714455
24.383217367302223
24.269243243242904
24.279615927381194
24.22956381084544
24.108086659174045
23.970759526974053
23.960574051619606
23.89071834091259
23.904272741119637
23.785493955955474
23.696794947730076
23.697453540519685
23.65361336599748
23.69663751973377
23.637649715991
23.60009738249872
23.545693446103805
23.51997120131313
23.449876358185463
23.44267229874339
23.383376876827164
23.370462166296022
23.398326354440403
23.307664922473986
23.26991875670746
23.2199186792703
23.214839241264986
23.18106447804314
23.210747779123885
23.166042499126988
23.203206546883337
23.19153533822299
23.30767373468488
23.282348249592193
23.384283862464486
23.29948063430477
23.34785990337256
23.44789342627903
23.474729965906203
23.55413016404968
23.69389868794224
23.77712207792222
23.935487914598546
23.997441013312514
24.020901804967664
24.136542963066763
24.21855034014167
24.297074797458304
24.351789661688887
24.40400686660045
24.44510167132384
24.54700878419633
24.69479747487367
24.687602770797263
24.772861035998325
24.880393337659278
24.985005989782053
25.168623461285875
25.13260989770458
25.08782641252071
25.2400566435296
25.287781246350832
25.102379936475575
25.206862555592405
25.271250782560255
25.451313916433843
25.307459600041046
25.335945736549935
25.350184679783524
25.443930416601955
25.322681051061306
25.35938410264823
25.25864131101551
25.264940482509473
25.164962741589605
25.03386206615799
25.0002548047813
25.03605318202764
25.022587301610297
25.140249637685127
24.914155442671447
24.851886081530605
24.88507520782183
24.83560606061207
24.72033680300158
24.69560142986953
24.585130651610037
24.529326772665513
24.43339732329196
24.34790389150705
24.0965481006028
24.054035484873868
23.983142378944812
23.87566658899276
23.795832744009598
23.72448166666387
23.610415235192555
23.57916461961557
23.521386202544587
23.442304024161327
23.383196478228832
23.25810198802499
23.209064765304717
23.18025640136344
23.016694066247457
23.063562778875333
22.95772197580607
22.85946185298899
22.829477215276142
22.88520978342793
22.815961077097718
22.866462568395924
22.860272857454646
22.76992108599958
22.74928593686113
22.842895556028097
22.71346307230804
22.729888175767595
22.683045296371233
22.758014778063746
22.73375493608763
22.875623295690314
22.890999832778387
22.98182963048942
23.055509005100824
23.096170207978965
23.14560979963401
23.301822501045464
23.417908487383666
23.58259193708669
23.61985032977295
23.622760076496107
23.70042661959777
23.742233366912533
23.91169568707149
24.055411088448942
24.155075178338052
24.253601762802994
24.306288060408004
24.389009071478597
24.495978675617156
24.49658257568844
24.48082269403676
24.44943780669389
24.579675460782493
24.518358745494165
24.727900024103278
24.776380188745893
24.927566238340685
24.780959583477955
24.895239217153076
24.90976573455263
24.977121395130773
25.02398268224731
25.037574935515586
25.140458187356753
25.141924194232953
25.198499339313912
25.126210129984056
25.245047324788484
25.233373353678136
25.36340210798172
25.40814223065364
25.452412521357793
25.444115174097316
25.48531090215899
25.497520704992624
25.491057138647985
25.462399774047793
25.291370040915687
25.11242535580256
25.05128816026683
25.066244515363113
25.041549220173554
25.104980949562655
25.03697768013549
24.949951242781747
24.868525184854455
24.63913825649122
24.624107231974282
24.559347900601004
24.45036451934629
24.348451278388556
24.257190796014047
24.067047690624896
24.08362519747146
24.013264199317824
24.029725822853308
23.88332090207363
23.740274460206937
23.679641120837946
23.60678363367067
23.504764736183017
23.425257794602665
23.352002176226506
23.28602325904639
23.276562045678453
23.24751596070193
23.189409798043226
23.150258806402764
23.032645774317473
22.903950671509943
22.896333247860255
22.85443557226555
22.857829061041265
22.796973841284395
22.733070176769974
22.803303500079615
22.846182672257104
22.837897614075008
22.82987995658617
22.800697961016212
22.792961541604406
22.88541645261505
23.010469136139825
23.116253173238306
23.214026991871602
23.260690619237398
23.36023683515486
23.5249846271521
23.650992633916022
23.784599861717002
23.823117542965093
23.85550576580084
23.889886156259553
24.085759051973124
24.212623179295473
24.301911979927723
24.368454394632934
24.55554197031618
24.584255349217532
24.54758081806137
24.57718456322284
24.628420788783927
24.708773696257598
24.852512642313926
24.906323982370544
24.939859956909466
25.09336864713215
25.12431294606952
25.204211840604078
25.18842778709829
25.193998976176335
25.09571363602046
25.16331073421257
25.06011360708072
25.000138019000314
24.997834114219682
25.105412547976016
25.25506932206076
25.32434825192455
25.356148221020305
25.312939732114852
25.216519786789164
25.163785974961666
25.153877806861033
24.89944973479162
24.8393534339702
24.645095828633497
24.687007368470013
24.68050926688954
24.630241319448203
24.544777884250642
24.45542366284258
24.245407313530198
24.135047280093286
23.96925903378733
23.899736063916716
23.829642211470635
23.800289539451263
23.68665936297573
23.55921771079965
23.360116462242146
23.270032922332817
23.141305119874165
23.06939670863263
22.85322166546301
22.717005092917326
22.646267592401156
22.611642018799323
22.678163366910024
22.545672948852534
22.469185814283573
22.278259175568284
22.294979080459065
22.214568301143707
22.27386294535722
22.393108786093855
22.35655736634968
22.357732350369318
22.351223910426945
22.437355184037916
22.47884360296868
22.555594948227974
22.596079596435203
22.63272653580634
22.47672571264022
22.381337182779514
22.310407166079614
22.37703388499168
22.59114585311005
22.701205142519296
22.854993025802397
22.94722652172066
22.93795060761896
23.16016620493984
23.321502086577848
23.49654269235293
23.59860070446454
23.704716638110817
23.789597847351136
23.991202973516277
24.068950583529645
24.242572782540204
24.255898230823213
24.333553991307152
24.40533597141843
24.531487548729665
24.57353067045395
24.672677597901508
24.846355391534072
24.937058811444455
25.010448380808942
25.16747847398945
25.29148202980175
25.38028577709536
25.502309449252653
25.460663302499928
25.662155570622158
25.668866120077755
25.596823757562138
25.591177539487912
25.657434130065756
25.512338154863688
25.514071327384876
25.51333755849193
25.61321337005355
25.6302766794525
25.76071114623803
25.660166778683106
25.709976671185714
25.528170564244373
25.413097238732107
25.26334611551984
25.205731289998983
25.11184191363696
25.047405450075807
24.983887997054104
24.92128955174583
24.932484440630414
24.85369513526424
24.786067346412906
24.664579891063948
24.462850215534733
24.29951895292073
24.288127595451694
24.158760641362058
24.019234200072503
23.82192700914545
23.628050675369607
23.545043743660663
23.383476307749213
23.187062149638198
23.015942512937187
22.92004003297175
22.751852368393305
22.698026692844877
22.562233395968146
22.50692954463916
22.41296240930702
22.480912279420185
22.349921163029983
22.347614685271257
22.221016793741494
22.13924650137215
22.02068857934154
21.89743185239625
21.88927631165104
21.791447800820027
21.797178735405748
21.854645959701223
21.92201710201572
22.0200713150384
22.077510628439086
22.102369354815146
22.10664726682382
22.079899443940487
22.175415222329356
22.213743429061562
22.2647409014497
22.340516804956863
22.379675064361304
22.406926301590886
22.579169654763753
22.699662255853486
22.950429651621576
23.04581074046388
23.216448111030004
23.370158155353945
23.457123388593338
23.51993230968113
23.711443808649342
23.78437516645063
23.99882830953454
24.149309878987527
24.236250160288666
24.381982399983013
24.508605016063136
24.571349880125872
24.651704060383985
24.726598830534115
24.923595244711326
24.989285141796753
25.085030006633446
25.1922834041665
25.132288271715538
25.31368418280491
25.277506971133043
25.305016866715906
25.410165074796552
25.445618707774592
25.4339916185329
25.433023523977486
25.408160587953795
25.485775499016462
25.60459219665145
25.617903274003897
25.554348154910556
25.52631925647328
25.46886131730329
25.50471379527638
25.316093480990798
25.220255232304805
25.119285092564983
25.040939907836194
25.028532316957993
25.039903433605396
24.989671416563716
24.93400773261973
24.80675563207774
24.680772287232
24.57480036590937
24.517227603287324
24.454403465644823
24.363420226942022
24.326911750584394
24.048041587530523
23.909661221150678
23.698397784306152
23.595941299420094
23.46022746197212
23.35061608751457
23.18272018811446
23.030895608177477
22.931769934263198
22.795527900478888
22.71560896955252
22.653129317092557
22.50636580371112
22.5030080254354
22.433678052856926
22.334365829814498
22.219453485919274
22.052114983935656
22.092159970896482
21.944243061984864
21.951918685977983
21.983800204259456
21.991724575350656
22.001401380014055
22.0884347580091
22.13885383535861
22.18171936801805
22.195057170388942
22.243859039015728
22.247387375075
22.36562849536602
22.393737581629104
22.49166389353918
22.586573113151996
22.676301043705394
22.858989135131555
22.94881763474845
23.12449305442285
23.273361294784426
23.375889149533513
23.480723208146472
23.646128547591
23.728298852059233
23.843431067629563
23.9644615534754
24.038199402405965
24.187420507466282
24.301336613955165
24.44523223118857
24.545855596579006
24.603798533455986
24.762914331079497
24.76052945429411
24.898614881349413
24.921435119957966
25.060794867611467
24.99192695347887
25.154301244462467
25.175626728017114
25.23879180014063
25.256801896376565
25.272643202528748
25.28363783976533
25.33122636057559
25.393925364957916
25.38151615649782
25.467272532288064
25.410223983875216
25.364781379265256
25.434949408599092
25.339132557555082
25.305776600682044
25.26881734611309
25.06329229770579
25.08408665628458
24.97609380502674
24.962909956657054
24.883929597644354
24.894589386485546
24.66571006800803
24.601909951020613
24.57075028369912
24.551902428883476
24.46472734325923
24.28714740549812
24.161502587958413
24.087960816509177
24.03058938951281
23.912007581452563
23.831005199220662
23.67836862763902
23.521410536682385
23.405889479574853
23.422303257614626
23.338516865767097
23.274596698765052
23.193074094792184
23.065298478859535
23.01185257947567
22.938431558273273
22.932286962596883
22.91540633750224
22.887832578856816
22.887913063309984
22.85891741018307
22.904126274083307
22.908974954142032
22.82236460476049
22.786858406580293
22.717077413419055
22.666920233807534
22.679005278665144
22.71396125979332
22.69994424309623
22.68664298695986
22.84907508674341
22.817533113413813
22.891578712990654
23.116688693939007
23.082313828838313
23.234537375024452
23.2723913612663
23.281751089080878
23.347037034933663
23.41068056096336
23.55653089131952
23.6433901291967
23.777832299660222
23.921960352575688
24.05880025714579
24.135117477714616
24.287924941070205
24.27289240676506
24.302073167239993
24.359183613888707
24.454745428075416
24.565677725036345
24.669515712452576
24.695463453759295
24.74299606829285
24.7858582995573
24.781900630096715
24.76605996094234
24.867306413019904
24.885977431784212
24.916342891828165
24.878735198239024
24.82497172137817
24.92382438969017
24.90485578890467
25.12520732641294
25.08466436013281
24.853683897351353
24.933907528681424
24.890592120563642
24.850804113106047
24.88243166246953
24.857302167109427
24.753036352754687
24.821852842127793
24.82300426900916
24.75902615206787
24.778135714463236
24.669724538585793
24.653908868163747
24.796574029571946
24.83616613592205
24.67238647743258
24.578490950517175
24.54493008050643
24.646776636903382
24.575183289202286
24.525298028893737
24.41010669411598
24.368407366987313
24.277903970624784
24.3307569033777
24.2344457587224
24.18523477393194
24.03180530366116
23.96948260437745
23.9452833162986
23.937057318293945
23.808465643419627
23.66469216855497
23.60319919390605
23.452999619386556
23.35367288867081
23.170568915458492
23.17511298670583
23.052676942382497
23.03434699172194
23.02265709661228
23.057896481350458
23.063283159429233
23.03617552356198
23.038542612627424
22.95429674025278
22.987681360235204
22.65037730223535
22.64657105987979
22.60286694538401
22.602365334476424
22.515596717417854
22.557533864854936
22.688244958533833
22.82347325343531
22.86146627847353
22.999750184410953
23.00793600910714
23.019435578213617
23.03125263220799
23.12557302798569
23.13183602092035
23.20749320530865
23.42349135937631
23.545282723356788
23.663459171853592
23.89522986392173
23.898147023931298
23.98434725238524
24.046226434646016
24.078722679094078
24.132523744892556
24.177265976588245
24.364832402548103
24.379690138934095
24.49033749419462
24.626779568458804
24.590509729973327
24.69172543308539
24.809722024249346
24.835888565077813
24.83217845355907
24.887018079449795
24.89000190237225
24.923098956916224
25.06974500304644
24.99145761278401
25.094460276932466
25.204844986776095
25.282989301773412
25.2322792044702
25.25149906947482
25.23739139478
25.115359238066173
25.07485470933697
25.035086409399916
24.922020042031022
24.952943895178368
24.970260417551945
24.80810848959784
24.98056872200312
24.9133670271703
24.803787168992866
24.813178361806482
24.772056313047216
24.76616815330592
24.62381185996529
24.473757266646835
24.389412265303605
24.283413042182023
24.227912881003853
24.181001786534313
24.075105198907597
23.92701020870929
23.790406618801455
23.658396959835084
23.586703450345407
23.651723821423673
23.60973820660828
23.614466215871786
23.563203942358665
23.495217100989496
23.389737479087135
23.3329321173193
23.25276891778135
23.115708004198023
23.053109267442636
23.065363562415495
23.111603798499843
23.00428063700945
22.992192590509358
23.05020230086287
23.106905046422614
23.110823003913527
22.91648370577347
22.7671612715573
22.67192986760929
22.68651576388214
22.746155045712655
22.691918701890256
22.596390017112302
22.58495177413143
22.71977910969376
22.88191319063689
22.937809322939547
22.914393647220923
22.922812425915314
23.028609320924236
23.130044461503932
23.16583394301841
23.1580610708378
23.089448449524046
23.15919567519373
23.271278235381885
23.420303940378933
23.525129697783836
23.632228757139398
23.729769923732466
23.703269064073456
23.812668274440522
23.944727712778036
23.979831266478215
24.025179045364602
24.143109315793886
24.16860305828494
24.284019234968245
24.36337876315936
24.35947823468122
24.38636676816165
24.450463979359167
24.420304064323492
24.361193888303294
24.485107567955954
24.492295305464534
24.54136363377574
24.58540998350651
24.74778088178261
24.749354079049628
24.78893581055331
24.792988158444754
24.75263456369229
24.711769907203863
24.678542525391926
24.602049406283356
24.625191960451588
24.622399943767352
24.60047336437818
24.627515088029305
24.628700519751074
24.71341397927805
24.680998793163532
24.54619397869641
24.52837041697144
24.447707219518453
24.406774921327543
24.334169079316773
24.2538792178223
24.220190597638904
24.23558604732728
24.20599967250849
24.08789740125434
24.088015013459103
23.994637481454973
23.975164997965877
23.81174936905152
23.71262347210873
23.65716124639774
23.606406404712924
23.60712630101921
23.447251445434887
23.43048123776789
23.442073839025465
23.359320645850573
23.33360241215374
23.32413941797798
23.185239856082838
23.167077625092535
23.156421741519207
23.159655280393064
23.12380614773434
23.241243288765975
23.206219868281426
23.188650276766072
23.153192364276492
23.13972297441526
23.097103971285957
23.1853593245835
23.11455147469047
23.025004932091488
23.100523011876273
23.058517475152073
23.16561510783344
23.20868531965362
23.298281802209473
23.33857542990318
23.36560399704434
23.52180414469521
23.49249819629775
23.626153799375466
23.660614524506933
23.654201770930676
23.736296861724316
23.77577434444094
23.858266130646637
23.953185574105678
24.008714312502086
24.076943460087396
24.09873795629218
24.112797507977323
24.182306909131707
24.353288939607168
24.363532976922553
24.466104452023004
24.49663845612878
24.571037862670472
24.620005197411214
24.62767141173364
24.751539837854562
24.67267731946392
24.790495117315064
24.841701506832393
24.876065532040734
24.97629642673727
24.930111973826975
24.908706670175807
24.967911208043834
24.951286874779754
25.025840226464805
25.015964122959538
24.99089550811543
24.94599716226955
24.802196519785117
24.76047395745299
24.499603624510137
25.311592337959922
25.09188053638022
24.73918676777379
24.4740796706982
25.098942539887815
24.871072082685423
24.91662387317924
