a
24.31847832343729
10.37963265608187
0.7013211252946205
-8.63325278266067
-18.13651035741426
-27.43237365177725
-36.90724974823697
-46.75443349701586
-56.005180778235925
-65.41427566909017
-74.64183104058266
-84.12218663866882
-93.64108471592523
-103.33563534049755
-113.03502141620197
-122.46907652990474
-131.7348633114381
-141.25384171502992
-150.42323007337555
-159.8448720353616
-168.88612852684534
-178.01056826749777
173.12713738985792
164.21198350722142
155.4962360576679
146.9935020772446
138.5973797847447
129.92139194763504
121.54896222069456
113.15380687176152
104.70981347803915
96.14406465545831
82.83898832514487
74.20119031453476
65.3981426047538
56.375922987219354
47.51760234182496
38.7057445930062
30.10655639291697
20.946957519966034
11.782663704132412
2.249449073501968
-7.3208932316697215
-16.449026448798644
-25.92447904850025
-35.17818428788256
-44.42665774680889
-53.88996741382449
-63.40349093980365
-73.05122047946121
-82.69189187615729
-92.26398350552412
-102.05680264684473
-111.74157655485736
-121.42969837621756
-130.9866508533777
-140.35175847999005
-149.8241041822761
-159.10530968132548
-168.32492751119008
-177.6552232196241
173.34946356016667
163.96548051326542
154.92350471087957
146.20899945138333
137.69717333030457
129.7297042776049
121.10897461454776
112.66462033390161
104.37850544510408
95.79727855079693
87.05763998991056
78.69785399666685
70.10847614368473
61.058983676133835
52.20447793676352
43.43778894693884
34.34839573798502
25.529865661615744
16.463083250251735
7.04827469697538
-2.082908210131799
-11.273472035649677
-20.58577767096502
-29.71441236419582
-38.989655179250164
-48.420468750070604
-57.86773752594101
-67.40100722115541
-77.16981146827045
-86.8979572848687
-96.62123039059793
-106.33785820292675
-115.78871650013585
-125.4503190758349
-134.8838424714673
-144.33552291412778
-153.65703458222455
-162.95693085097403
-172.05754937729822
179.03787196322892
170.24759851370445
161.43267700070294
152.9850353763646
144.34831791655606
135.92565667786218
127.30065355572528
118.87582813177977
110.48090290771029
101.93695009868517
93.28302698693959
84.57904492065114
75.62316136982992
66.8303643983816
57.63742943900518
48.57654661701503
39.653990839672154
30.870101650404305
21.422687023048326
12.342622078116374
2.632758359012226
-6.248689071699147
-15.410620583651985
-25.089416925521117
-33.8682344244759
-43.61120010981133
-52.95424903868534
-62.36053553072955
-71.52305733975142
-81.13079191718953
-90.50332166516017
-100.18446648140065
-109.76914145528748
-119.22378745888138
-128.85401702099742
-138.28264407335698
-147.82055330781205
-157.25021313299615
-166.60040110832148
-175.39859510277282
176.0217329715734
167.56101707746978
158.89769455903385
150.3635033570581
141.92509728578767
133.31991445936916
124.98448906058618
116.25307255548441
107.6269768935238
98.92977208230593
90.12502710500881
81.4473731075401
72.67098335259865
63.850710448944355
54.84459212878646
45.76178108723303
36.897198574991705
27.545302840477106
18.52840523636594
9.382652669190565
-0.38789343700535267
-9.439490146802695
-18.64039727733511
-28.021758031933018
-37.15762528815589
-46.74936972899738
-56.375033404604835
-65.64700907398915
-75.15286601281862
-84.93320538099687
-94.34021626925086
-104.0710315515486
-113.52527940358165
-122.86645008230518
-132.22345567212056
-141.34566865586268
-150.6006998730641
-159.67896106855062
-168.46342467628426
-177.4067008756013
173.81994844838974
165.27389493674028
156.6888588153987
147.9602210090793
139.43281684217018
130.97653337867715
122.60248098913522
114.00106986502975
105.43972137129352
96.72164853707818
87.88393208821985
78.94884098712424
69.98310251609622
61.059938868093575
52.56548872382835
43.855955181518965
34.85700167946052
26.000246975101714
16.652708715595818
7.226371420225562
-2.583208479871405
-12.255530403023707
-21.907443346533842
-31.69189522604024
-41.13194017802691
-50.72960515255381
-59.921736341369275
-69.56107908484839
-78.87984343455493
-88.0393466174052
-97.22677374437978
-106.43790017996703
-115.53838324766171
-124.76202389702564
-133.897118921828
-143.29484518732104
-152.6790340514608
-161.79080078649486
-171.0954642204187
-179.9334895074079
171.17519364554803
162.59878004170986
154.09625597794178
145.64597703685615
137.11289294712523
128.61705893815795
120.10177855950845
111.69881440244619
103.07215304102174
94.36186488989271
85.49393460695042
76.62835082106946
67.88339070502848
59.0735079080225
50.24806339614444
41.24543594927582
32.316815639930745
22.89826711580728
13.487987784128155
3.796757654368727
-6.121449112581234
-15.535815582572829
-25.13438100563657
-34.96024132996304
-43.94805991350051
-53.469241810018
-62.883638973459156
-72.19619782278289
-81.58363224982953
-90.81091841197662
-100.4598254465203
-109.81960124174688
-119.49012124483724
-128.73631887248362
-138.14374175524065
-147.16057408974027
-156.4302829630877
-165.3350570411318
-174.2007661352396
177.0638099109299
168.5451470214719
159.951975931159
151.57888512623467
143.19032088054038
134.68191933519813
126.19632171517969
117.55679739932235
109.17798942721228
100.55530593253536
91.77259065462366
82.88619593022496
73.9046426130048
65.145930993111
56.44395406554107
47.615391075608336
38.463318582978246
29.67321593354376
20.124585915819576
10.576035292138117
0.8533176452192386
-8.353756564701815
-17.805084163425505
-27.776661005329583
-37.05326991890253
-46.357757543773516
-56.12988984039679
-65.04844969230616
-74.50197559366177
-83.82641406685966
-93.30006763265534
-102.76900066022101
-112.26394022333577
-121.4720054398408
-131.2311241117638
-140.52759896955556
-149.8947984428895
-159.01604170606768
-167.75336423691735
-176.7632047926368
174.6662096034152
166.16431798243025
157.54489535427277
149.22374592761713
140.80471977154284
132.26074132801585
123.9918359917244
115.5829927885004
107.057664528065
98.47094004944874
89.65656536400223
80.87076917856642
71.86412050360313
62.99540767251898
53.774656574889434
45.039914410169075
36.42734634919093
27.044651337567583
17.999785883894077
8.227451285749757
-1.2460451079032946
-11.201391467587985
-20.623616905574337
-30.158742288222204
-39.60059455610228
-49.30287450878407
-58.26471252317642
-67.99791307339802
-77.45120203794312
-86.87518751156288
-96.031033194171
-105.42013692350464
-114.83529743439381
-124.51233966491208
-133.9275219315336
-143.1402288871652
-152.40391392125272
-161.44932134747407
-170.39456861398423
-179.38157068563027
172.06451362516137
163.33449028376995
155.01556216642658
146.56280714432586
138.26373462880568
129.95903925355788
121.72849516197857
113.42144608578053
105.06896577675664
96.64951415461908
87.89071560931173
79.18425179300561
70.34073469641908
61.3342907973728
52.318014512216884
43.15673454350104
34.155448113856814
24.871410467182894
15.37713422115868
5.819198903616818
-3.9545991510795324
-13.400612126767996
-22.839160052230277
-32.60351540056752
-41.881682207336944
-51.63742624693552
-60.89351975890162
-70.30792552333729
-79.38341880332446
-88.72994172383905
-98.20651766346569
-107.74387947162657
-117.19598138209616
-126.49394512143846
-135.6702358446014
-145.18233142271998
-154.36677093575895
-163.36864040788552
-172.32408893076837
178.9241810114458
170.37135772933146
161.7834608529519
153.18274947285232
144.34862418101372
135.9980638808323
127.31678501693798
118.72433937427417
110.10344260683188
101.88915748926475
93.19919800259889
84.62986771753854
75.9234949658707
67.05974709662624
57.96047800850109
49.069382407873086
40.04614778820279
30.772991623430027
21.642080194086976
11.962028192335527
2.7698466283528567
-6.939997676028747
-16.11771795800574
-25.593565158237922
-35.08334583380878
-44.46350385470755
-54.031662263242474
-63.33683837519158
-72.88118652389959
-82.49161043680948
-91.6168463335409
-101.12242477662124
-110.39406307380919
-120.04588444514728
-129.48893539441406
-138.99401357762864
-148.15651122709443
-157.52775300561842
-166.5702527983375
-175.40146227727914
176.10585306813465
167.46364869967485
158.90850017043874
150.50150192851459
142.01146952009597
133.56455773783412
125.05025827077745
116.751074000306
108.2781985914273
99.58856557762441
90.93765987210274
82.26135873442894
73.39176938697412
64.49546044147958
55.83956553756505
46.78341781772502
37.873285236283614
28.78542041987373
19.180474934945558
9.919366592510823
-0.1672732334615506
-9.372036346899494
-18.426025956747388
-28.046188843832816
-37.84906536163381
-47.06517310775685
-56.47598669998727
-66.18278059471588
-75.38898184552174
-85.33137693365447
-94.62483920676675
-104.53906870031443
-113.72458793388827
-123.14426159710439
-132.5889103996451
-141.70470189028507
-151.03589792503013
-159.98756766706222
-168.9115811585554
-177.92949112589127
173.51226391616282
164.847964256273
156.57242742604143
148.04404435589473
139.69195922264683
131.1862342430732
122.99088345568576
114.51825271555269
105.94572266893448
97.62450654974323
88.86930284266053
80.25130815852117
71.42357552584804
62.529934438009434
53.48197067655749
44.573515594095646
35.18418704043052
25.820610358534967
16.710233915879353
7.590537848450093
-2.1445864100052394
-11.530333586905064
-21.10821326356832
-30.357193163535708
-39.89752156787281
-49.23992485536725
-58.751803912105174
-68.39156214931627
-77.98036838036029
-87.52105533420006
-96.98418961717371
-106.38187600791845
-115.8117028085644
-125.09083554361122
-134.35271853976815
-143.55360323865366
-152.77945387884975
-161.8959217275034
-170.78927311634013
-179.56396626092962
171.53689914759866
162.98239419438988
154.52232210372887
146.051487101653
137.42895611739993
128.9255694808426
120.43791922457218
111.74304120974062
103.34572237135366
94.998069013338
86.39745504707265
77.5607561601326
68.83123366263264
59.87311068418124
50.770507210811815
41.81146857741512
32.769595689837494
23.536141450458803
14.19689851789281
4.70505935768543
-5.497970895936553
-14.53717255012247
-24.170834065217868
-33.444212585609385
-42.87408451379323
-52.205006178066405
-61.56338365870525
-71.0713592273022
-80.85346210702178
-89.84392099396449
-99.65289263221901
-109.2900708934364
-118.74747072135364
-128.10940920363544
-137.4369009739879
-146.92179737955001
-156.0912256186258
-164.94424355850518
-173.97338271793663
177.35125535834766
168.81575556865081
160.1425311902701
151.71282212945835
143.26517792161175
134.94166049382508
126.8232309005535
118.37810201991608
110.07283440487335
101.58654076293611
92.8934929240835
84.40114869573384
75.723556862467
66.85254813958898
57.899968823280496
48.81785165875107
39.59385527938768
30.513340162820924
21.330331207790426
11.874659827457503
2.227725896305257
-7.537374350846778
-16.816778503502384
-26.528775774222126
-35.95488201220129
-45.15524225377394
-54.78329024234099
-64.45438131309506
-73.94216301157148
-83.30033817436208
-93.00997722403535
-102.5473553343942
-111.80788212529777
-121.06440733559936
-130.27754765127827
-139.56428501146877
-148.7382672029758
-157.8818528153876
-167.15010658342112
-175.97349702085714
175.25090947195363
166.6841513048967
157.99540604958554
149.51775780841052
141.1811171704143
132.6549795071302
124.49638171815842
116.16944326662619
107.58570681565996
98.97711670778276
90.35289887083816
81.79390086513976
72.91755354566702
63.71494855397958
54.841341323894646
45.798906207775545
36.69596105107346
27.459462977338617
18.057997683427423
8.454184085802382
-1.1179045055274652
-10.684419899966228
-20.08711581350159
-29.625940791168784
-38.69600946744904
-47.80437176444564
-57.88078068526573
-66.95205725322454
-76.4953332071166
-86.00225571111281
-95.44706237684676
-104.86884757676582
-114.37731787454008
-123.84024778469066
-133.34431185059165
-142.6142443703639
-151.9880040678716
-161.00389262770656
-169.94796812757733
-178.78735781480808
172.47940887107114
163.87149502781142
155.46003277663732
146.98512414227065
138.6931591246346
130.15292076546865
121.7651480830658
113.4463840399443
104.92211409704018
96.42089072091086
87.50562982876953
78.72482566540072
69.63231816206572
60.95180507390128
52.133395339957524
42.89674263041431
33.79381440937782
24.866604551893882
15.43671388313493
5.767754362571785
-3.375425269104182
-13.048585626474228
-22.600607510247496
-32.353720204019076
-41.394529663129724
-51.0441083582821
-60.20806619972686
-69.79753544447915
-79.3498430296047
-88.77970480091993
-98.21234185484306
-107.80833063618083
-117.0698320527672
-126.62600663175373
-135.84896257698998
-145.14585598226049
-154.38497832043424
-163.5033062378599
-172.6485269786593
178.6536399490475
170.08960338732788
161.34644889058646
152.95892842688704
144.7373523887132
136.48002054982314
128.03519747196268
119.64079249497055
111.31450031917282
98.05936054398578
89.60174420094468
80.74732972425427
71.82374423077637
62.87051956138462
53.899106435809934
44.93373841966729
35.95160821036637
27.011688472573372
17.657820490938214
8.54634975239895
-0.6350043878080835
-10.194554725105073
-20.174617161648
-29.205885072794942
-38.411541438911826
-48.028280030608904
-57.680350206888896
-67.41618955003271
-77.24735985646531
-86.92228802404875
-96.54960006421726
-105.9083677936462
-115.57592680043845
-124.71852487939151
-134.11980695872086
-143.29352380686956
-152.72924053105365
-161.63615864363683
-170.65791540618463
-179.47171202722998
171.79574503168632
163.0821610996962
154.58402781817162
146.1662427968152
137.56678927086978
129.1195884546608
120.52719391999766
112.11779535142733
103.4755268039909
94.8387775254485
86.37118973035776
77.51830104744408
68.68837812384628
60.04478078653727
51.488690841348756
42.30084963313392
33.62271128469909
24.68090292691922
15.359761303622271
5.769960984540724
-3.8270616814186904
-13.18886622888226
-22.661371153489924
-32.21961871645381
-41.874922591859864
-51.01783812384802
-60.679309399838836
-70.04756433761553
-79.61950045411754
-88.86068408429692
-98.4999799031465
-107.90105749214692
-117.42223597430505
-126.775938644239
-136.2697340059713
-145.6444492670409
-155.04814311855603
-164.1611308071207
-173.27551643334868
177.85932185690882
169.1642132763041
160.47731599281505
152.1455157923732
143.80836767171974
135.47325609819154
127.07561773626828
118.73834631890085
110.35649162302425
101.80697364471963
93.16259925978721
84.63485541064092
75.64968401680527
66.74793854456887
57.93842368980287
48.63987682315509
39.60484021820221
30.988591359333796
21.90659552108075
12.712396124733967
3.594254185442942
-5.775549576568724
-15.283797779201088
-24.6336552659341
-34.32392710188028
-43.71963467102658
-53.45781957130471
-62.8348781904233
-72.58960565052624
-82.00421620821055
-91.6424003188368
-101.19620281184397
-110.87664129273323
-120.17704010588535
-129.66709087553414
-138.9467491538798
-147.9711740254305
-156.99913414481037
-166.2288612360109
-175.12795176176877
176.24072744927153
167.52554816490027
158.8789024202978
150.2696126313505
141.40407297912398
132.64604327046902
124.41921281875554
115.89785465151462
107.50209783003768
98.79363828307703
90.16769565872255
81.31413403328897
72.48525885250686
63.81384326147978
55.1557879207536
46.493185615676374
37.774545451040574
28.790556581089543
19.579902823660806
10.481225908788318
0.8189233661837388
-8.458952927778443
-18.166034499383954
-28.121706643368878
-37.95931371380975
-47.26262626876237
-56.795269297268156
-66.55617100715499
-75.72864427170668
-84.62004888187079
-94.25360735121042
-103.71409129731151
-113.24559081599571
-122.62430982255935
-131.97680681808887
-141.07851065449503
-150.2477209292294
-159.5376256035063
-168.6958123470136
-177.7546857526702
173.34742115167822
164.3057548354456
155.96358260433757
147.52754901661024
139.41736704524146
130.89397613135918
122.51869480226885
114.04406332378483
105.470825347194
96.8787055765973
88.20304656999532
79.3192818087876
70.58162546829514
61.791803097299024
53.2568655473529
44.385717292100544
35.54452818141274
26.492053997134736
17.331909237498035
7.71258395886335
-1.608522997951502
-11.53951469355791
-20.724555258445296
-30.20587748767621
-39.77319725768341
-49.49250349677206
-59.09727315282783
-68.44187322313932
-78.11752951822743
-87.73496566571573
-97.29912177663387
-106.66025725128137
-115.99890459289406
-125.16721925429071
-134.51935223711638
-143.84037239379012
-153.3119909402756
-162.39026716029935
-171.37888517512056
179.78669613391176
171.1261900076068
162.6727087563819
153.9864734057281
145.51572467359702
136.90783987464857
128.41485697792672
119.95469517348545
111.68534241457422
103.2094926597145
94.44160996008682
85.8591139958095
76.90319892919267
67.88727334128941
59.134818371755856
50.42175068487741
41.53463100290686
32.52321590411264
23.273462472942107
13.784327647663993
4.71859351236252
-4.732215658037714
-14.293376189192742
-23.51390275818311
-32.78028771521544
-42.17495660160559
-51.928293402448666
-61.47922709581369
-71.1828969759921
-81.01471833816703
-90.32398925305988
-100.16878664597552
-109.64316500771669
-118.90248240319644
-128.10581695060404
-137.50945429068585
-146.89917467298102
-155.98472531581496
-165.0886107599027
-173.83407253934018
177.48224499624294
168.79895661542145
160.35672137461
151.72077032356788
143.03994220069248
134.39436763310135
125.8998922951461
117.35221395528504
108.72050029036599
99.99959179670563
91.3143008348627
82.58711485063517
73.8769191711104
65.25902029728867
56.59959675628856
47.822569200160245
39.17765383722251
30.331701735308165
21.129069589705367
11.801868217926971
2.466626462621061
-6.965189268926174
-16.768526366508095
-26.35151739510911
-36.1688204441018
-45.44631037181607
-55.15622537724207
-64.29838851767597
-73.71501521066486
-83.24697444723704
-92.68090338266474
-102.41269396654178
-112.06277080317693
-121.41702523732805
-130.95853941145805
-139.8844280617567
-149.1454375516705
-158.1760456672818
-167.21922593461767
-176.1865038820225
175.05956965281462
166.26382353941312
157.5760541399803
148.91674607900458
140.16087801834485
131.81008973050345
123.00129369125952
114.80500542031147
106.46911254877946
97.77576401168466
89.27614302250906
80.68173196891875
71.9394948459615
63.05301563238145
54.39540763723745
45.91771979809504
37.0764075076019
28.273234600501162
19.057274786506127
9.908931208036151
0.5060212288718088
-9.051458306683516
-18.413663562964683
-28.28701591847642
-38.14076313870053
-48.01981340884729
-57.625773073808126
-67.37399991455041
-76.79476318867097
-86.4980072884749
-95.92842555200652
-105.53566052797963
-114.92094233012382
-124.15162236793286
-133.5508758364695
-142.6195734975783
-151.84769127657393
-160.78403564664282
-170.05157071922991
-178.90239241566852
172.45829677850804
163.73056433900823
154.99531810703272
146.13422177793973
137.8180211535851
129.03112848173166
120.73417394694758
112.39037573024724
103.90256907253544
95.32640433205074
86.8156240903028
77.93875227110787
68.97284997693168
60.18851379771238
51.63285628206234
42.824007512750185
34.22543534466372
25.15291169621668
16.035594813602778
6.398584166880751
-3.410060905813669
-12.829166756618276
-21.988155333278556
-31.921522376580818
-41.38874056884786
-50.956610163191584
-60.371079532821014
-69.90830018375193
-79.19093241966988
-88.5709506740827
-97.95161672867061
-107.49077817805136
-117.02613596680034
-126.17535566689162
-135.67243840144678
-145.02896055419805
-154.30602693237392
-163.5524547470219
-172.75784434225176
178.10838870283985
169.33178715254445
160.72117838174657
152.19339782803218
143.9604356785535
135.41169514750374
127.26663409544167
118.93006927224302
110.65470909678123
102.43048813821818
94.07736146648948
85.45021499089948
76.76785735710902
68.07320164134084
59.129725239514045
50.40168046266391
41.20136272593588
32.3584888969379
23.17861615835387
13.485854937086447
4.400004759720221
-5.239873354881022
-14.905544878537352
-24.36265764279806
-34.018020292540704
-42.94635865365273
-52.35518667929043
-62.42018956485033
-72.42082551318965
-82.06778100849394
-91.86531257982742
-101.42711255476249
-111.12277084984738
-120.58901519761591
-129.83511698161436
-138.89811515070585
-147.87319801917874
-157.11018142306725
-166.06303327460202
-174.99517498194777
176.25975007492806
167.6284048530905
159.00285387838315
150.31841076074085
141.72949829693135
132.99935119908466
124.3185294737919
115.85915272203788
107.55214628461763
98.92222032154885
90.2425673497799
81.63700032748199
72.6877856244069
64.11815928466798
55.71066085626888
47.09344717050245
38.20134678433381
29.402398562205267
20.110488768936193
11.100368293771469
1.9520482390250034
-7.367724205961972
-16.569334213768176
-26.337176921815967
-35.834914351682144
-45.64784038836988
-55.64343375937253
-65.32529768546537
-75.1535273661036
-84.87712511957794
-94.09532693736344
-103.68157682374961
-113.00393636137773
-122.08276874246786
-131.5799075660898
-140.73239768100876
-149.81210273555774
-158.98155013442883
-168.07846177139018
-176.88645188601507
174.31205637078136
165.52232712606113
156.5565166958117
147.74618994719458
139.02223678248382
130.56962184523107
122.08461195791251
113.6693294982528
105.40344417116013
96.7524642074173
88.14395675588302
79.51624061263968
70.70517792949975
62.07728062354988
53.494990990826615
44.831467621941144
36.166677290735365
26.79301853775762
17.558645485775614
8.350152623201307
-1.0540356525870114
-10.698205351911048
-20.244068870765428
-29.803839817356224
-39.33402395238836
-48.66189505107024
-58.50861515313449
-68.03027196084409
-77.59140796765956
-86.93352830415031
-96.67169817742969
-106.28044210953198
-115.6236952165377
-125.08285076212759
-134.6297828905465
-144.1676264014912
-153.59443777991484
-162.78472277825617
-171.78592063475386
179.33418805222962
170.7261322037866
162.0499158498471
153.69797812305902
145.39833709571786
136.96238286495543
128.51032539705457
120.24802182511371
111.63468437771344
103.15495908881272
94.35339012807238
86.15250739227062
77.64306186014986
69.04845523222939
60.07589811460435
51.35199600606101
42.18452893242268
32.80436812909114
23.69470107523174
14.425615141783672
5.157867882014661
-4.38431697505207
-13.43924291446256
-23.042709101610928
-32.81891875591645
-42.38568550907335
-52.07420069174412
-61.63385972739142
-71.15150393394589
-80.5105424731286
-90.0058880604813
-99.527619616498
-108.8621314013713
-118.17250526184063
-127.51815154005752
-136.90124888334424
-146.27573734407656
-155.32144746372023
-164.53815855070317
-173.40630321634464
177.72739101164117
168.8524163638419
160.23996605431552
151.72008776885167
143.20377696879459
134.71390758018336
126.25165012932553
118.02557446232028
109.46631923467875
100.88522360477262
92.34931145441874
83.48121604872358
74.91012913731227
65.7617475631087
57.14234338242597
48.32583421543161
39.47293659442529
30.394471997585924
21.14071686156627
11.272673725736224
2.0423356334870486
-7.362471350998841
-17.360762716738233
-27.00821183573355
-36.88805428627553
-45.93579847224424
-55.23767312897011
-65.01320789990272
-74.56980326715494
-83.86615066559649
-93.4998751727403
-102.7217949829522
-111.95521771504822
-121.4655061593653
-130.50875631324604
-139.64082791623247
-148.9324984422031
-158.08384138134662
-167.27292608866384
-176.45911430638273
174.47857206621367
165.67469744603812
157.20213698092377
148.83581766926233
140.51109725363105
131.97392914840017
123.53564827277353
115.04107096603848
106.63132996133655
97.86464847424755
89.26952541540095
80.46649802602889
71.54014880400092
62.801483620938356
54.015836161352816
44.99465002352577
36.40762631267916
27.503396115100163
18.196977955700117
9.114979476361507
-0.7103606301328962
-10.117073856822211
-19.730278193691863
-29.35860603320216
-39.10722894686663
-48.81996763256377
-58.12059715423099
-67.50404033167742
-77.26437084633027
-86.88083256046234
-96.36049557063137
-105.83759364641416
-115.053243204125
-124.45202490449147
-133.85192742800194
-143.1883951853572
-152.24695994457676
-161.38783661102732
-170.554416468877
-179.37076993657948
171.88667646135093
163.3629668888284
154.86700919141705
146.1549842915959
137.61969652279313
128.93618603558025
120.5970170387407
112.11906302386437
103.48201833793046
94.96657102650005
86.19162688813664
77.28920492454243
68.61717710656973
59.932374404409316
51.07269932632178
42.41670267036853
33.24319342059291
23.899662537274395
14.732332329829894
5.212560851529652
-4.0531822820509005
-13.248783922438767
-22.527196249124124
-32.105819985662386
-41.80415505902796
-51.13636248356488
-61.09534158205196
-70.4011915247416
-80.1953103645664
-89.79519825626382
-99.35297065423582
-108.78612954194097
-118.28687768644816
-127.63837622843366
-136.88639118459076
-145.97954599572955
-155.11886996847522
-164.38804371262285
-173.49085854420218
177.60031982136942
169.0528628262427
160.5439421440537
151.91735238016162
143.08162343253127
134.78060853647847
125.94865906822452
117.39831547534546
108.90469029022202
100.45443221256805
91.91584268257625
83.29211644811593
74.71955164540965
66.19432216427582
52.77032152674233
43.80403242036694
34.50806993124386
26.34531838602671
17.072391261099025
7.7231978633089415
-1.5670476254761685
-11.085196936373219
-20.778851727046113
-30.10005042389033
-39.58564413314294
-48.79194475270611
-58.39503220090069
-67.8280791483625
-72.9161161419836
-87.07128524274238
-96.55664474246612
-106.11429826378853
-115.60634438570928
-125.05709715899319
-134.4635042255972
-143.70233586826885
-153.12573572000852
-162.42169140819314
-171.05325584934377
179.85995001509386
170.8534978212973
162.06867649455245
153.5956407576217
148.52698046118493
136.66719906964428
128.12730462223396
119.74974888487421
111.52715309413047
102.84921657533386
94.4064240996402
85.92919867540411
76.97971774447446
68.15614107090484
59.27632739499424
50.45436464650693
41.24708676607907
32.45753529224458
23.087927677399893
18.361927807018628
4.4959231723264805
-5.147604762413505
-14.647789782899144
-24.086658956128247
-33.51619298280446
-43.03084264851008
-52.74091970402573
-62.08060708298711
-71.83972186062647
-81.33478813908938
-90.92943208486042
-100.66840507462263
-109.68583340446301
-119.72906745985946
-125.07262499513993
-138.75970117770967
-148.16105870456641
-157.34196008663713
-166.30281987085598
-175.06010380410876
176.39510032440248
167.9773890007082
159.08152151041125
150.54739160660813
