r
0.09717697781521165
0.09658105621385224
0.09643261796967005
0.09614107588264224
0.09566106472363782
0.09458391438351173
0.09437389787426365
0.09443830583473733
0.09459363978838116
0.0954163492060171
0.09571479674474251
0.09589522724136253
0.095740150131948
0.09568481256801462
0.09597312763023523
0.09640496047368308
0.09670322710584127
0.09737014541914055
0.09772964804093273
0.09817155460208979
0.09893188185801216
0.09942230534620629
0.09975762249699859
0.10027494610907887
0.10049204743175183
0.10079950608448106
0.10115412752314486
0.10136540968773675
0.10152180176886555
0.10153880548000208
0.10128661372065381
0.10116837249734283
0.10077468959675298
0.10020104535795861
0.09999543221666163
0.10020064776010833
0.09959687556752707
0.09896589443161939
0.09887936060013641
0.09848774205894144
0.09805421931867411
0.09791491348123162
0.09745943616873964
0.09705611715251383
0.09666679181576703
0.09630150171053897
0.0959519294667036
0.09588592129833862
0.09569847832736118
0.09607335497885493
0.09586128051007663
0.09604424965927891
0.09614457469102523
0.0963429816794162
0.09674125469880543
0.09714094357964122
0.09752095312451776
0.09812462743667368
0.09843969112103401
0.09866490964765835
0.0992555484903019
0.09928093662315374
0.09979548619847943
0.10023134406865522
0.10054129694874102
0.10108298434627976
0.10131610551595847
0.10142765196381696
0.10159761207089768
0.10107345981066419
0.1008737566512931
0.10087299010214457
0.10071379030482994
0.10047760913941416
0.09996401749550285
0.09947577286878707
0.0987755269949582
0.09858263465424189
0.09818192928443288
0.09771098584969624
0.09742250580631066
0.09717789131492244
0.09675669415425228
0.0965710226938007
0.09609215735087304
0.09571831337018784
0.09558836097277111
0.09518903204383929
0.09517103073872002
0.09507612033998611
0.09519620236868576
0.09551214061821123
0.096059982486496
0.09656102592596116
0.09719948018160374
0.09750464401738668
0.09809785505605736
0.09885092136524791
0.09908099822658871
0.09972957809065013
0.10023558215324618
0.10025972067342352
0.10069326994265813
0.10075424314081087
0.10074054102859512
0.10114142172568637
0.10119795087586728
0.10140688176972443
0.10144425381057087
0.10112951170962982
0.10101071082441866
0.10054788519754507
0.10007407278967044
0.09946144129761392
0.09891451630051967
0.09829216326285382
0.09788969221682456
0.0974589521576618
0.0968768264848676
0.09675325814477617
0.09638293831253235
0.09636126663849907
0.09634151102541284
0.09604755063506203
0.09561909563435465
0.09554635197463465
0.09536546451610889
0.09542016111479662
0.09539648083294675
0.09554147537051595
0.09556413970725972
0.09589545984449335
0.09629562952661581
0.09673691482910429
0.09736659071463867
0.09773444496340061
0.0982990412669184
0.0989762010188506
0.09973285578947863
0.10037020423370688
0.10084269914016465
0.10095426550675228
0.10141621927313937
0.10164505204468192
0.10195355457845431
0.10245247754438977
0.1020936803375787
0.10196427351663875
0.10165136318831473
0.10090172324423392
0.10071546948891315
0.10019900221979552
0.10003422949207579
0.09993808752646542
0.09913725848157401
0.09896072359206781
0.09807291998742257
0.09812552383082523
0.09761934547522107
0.09688940911916151
0.09668070843169299
0.09633096448954674
0.09583696090947154
0.09538583703396807
0.09508030986517346
0.09509272299838042
0.09491336996648378
0.09506804430214699
0.09506420831685244
0.09509922982746072
0.09539461585044096
0.0957193951869835
0.09628139552742347
0.09680195731632771
0.09724623635623188
0.09798252637339644
0.0984758914829235
0.09915851887891447
0.09956925196034884
0.10004825830621081
0.10033782157512176
0.1003177400784195
0.10067711783998441
0.10090667734528347
0.10121147996581657
0.1016344292864203
0.10147357926248221
0.10143278901840687
0.10129724721085183
0.10066467069882223
0.10042813563548578
0.10012850474730285
0.09979884115249796
0.09944890421278343
0.09892832414398871
0.09828741724848838
0.09752465046040418
0.09678557176264783
0.0961223563078496
0.09559707787662661
0.09519285031692878
0.09483098420090466
0.09442400921876429
0.09413032592282393
0.0940819419488732
0.09420784825055364
0.0947005927590665
0.09464026536442867
0.09503448661789692
0.09519049092799522
0.09539891612630326
0.09610881000143776
0.09635892899031027
0.09714317143112784
0.09732144325807039
0.09791801560634639
0.09863735281993143
0.09916540532153088
0.1003750445172546
0.1007382046733408
0.10147872464177488
0.1016323059017984
0.10206494163834984
0.10205855567138415
0.10238865028068209
0.10261988342747008
0.10239822660743814
0.10227819262808752
0.10168939072893618
0.101249014324827
0.10093443979422977
0.1006306379121276
0.10009508586638875
0.09954729819508211
0.09889844479641158
0.09816844771824201
0.09757090971183259
0.09689766114971969
0.0965385028501701
0.09605383582554841
0.09581856299873716
0.09498768901932599
0.09466343701383048
0.09434649171279298
0.09416377847015031
0.09411359983929146
0.09457458298868611
0.09498953573481549
0.0950811318294418
0.09542134320652045
0.09576028303920588
0.0961817084860545
0.09687471385587354
0.09751599017218296
0.09789467999038412
0.09852095200290753
0.09936742512561512
0.09965089317542543
0.10018651145217178
0.10059744806618291
0.1007668929119137
0.10092364504878334
0.10125305869494534
0.10108938473894039
0.10138094519807535
0.10143438547105929
0.10118819491873059
0.10126121684263437
0.10086006767623978
0.10058703057238137
0.10045042533373098
0.1001682259234161
0.0996491730191736
0.0989735692034902
0.09827639405700803
0.09744830557408392
0.09722016917789003
0.09651173339194404
0.09592068286734325
0.09569163696426276
0.09514891349878081
0.09489388151984272
0.09441482778201817
0.09435669512572613
0.09447438446430895
0.09465870162249493
0.09479258219523538
0.09507760464884622
0.0952225399271823
0.09528079002735468
0.09587096567597281
0.09627669564230795
0.09652235429662823
0.09740722863456111
0.09774161247097203
0.09819794194837582
0.09915806820732737
0.0993715972713518
0.10008902477382062
0.10065595122326348
0.10059499426427712
0.10121218296428788
0.10129563242982688
0.1014699986295408
0.10201798217687279
0.1015623503108846
0.1013252598415566
0.10130835593219226
0.1007989171261474
0.10079769596557393
0.10045631067102612
0.09976656732470945
0.09957320165013912
0.09867968032224704
0.09797076109024537
0.09738933411083942
0.09680366057178129
0.096305915323287
0.09544506826773295
0.09537380033583098
0.09488325200713706
0.09444958683213489
0.09428124294886679
0.0943580512070292
0.09436204880665372
0.09448294891083209
0.09466418900456428
0.09511143671389741
0.09528058818282692
0.09568267584830853
0.0962486092043948
0.09656888958206308
0.09709075333290335
0.09777281011005796
0.09814078479483648
0.09924805608015456
0.09973910743267013
0.10043166727846656
0.10086934140310996
0.1010694907443826
0.10110431316736956
0.10175457298136584
0.10167525324458088
0.10176817001334729
0.10213661389481138
0.10158180624854071
0.10161057268213387
0.10136384461322054
0.10047707877507862
0.10031899325666167
0.09964270725217125
0.0990294480680529
0.09855877207725951
0.09758150293889795
0.09684617530358966
0.09668152715865698
0.09613571953320349
0.09602976537497279
0.09551377292056276
0.09558228228519547
0.09492226433909783
0.09487631134348459
0.09482482330903882
0.09469579367186434
0.09466405703017784
0.09508576405878609
0.09548573285924994
0.09555909725988913
0.09570756666312871
0.09606513935678412
0.09643314736956816
0.09683201852911376
0.09746204288084276
0.09803416910911839
0.09871228612730676
0.09944774052994623
0.0999201294767395
0.10074877511168501
0.10103864287313488
0.10137999597453824
0.10146287342118414
0.1016128865117814
0.10184510091429003
0.1018585183234686
0.10206152297195419
0.10187991635130499
0.10163151671024694
0.10121166012128685
0.10079862267259956
0.1006581629459131
0.10029175261572378
0.09966725574660078
0.09921563734082497
0.09866983362104857
0.09760122423421749
0.09738948758153725
0.09672737084506094
0.09610122396736213
0.09568729441173164
0.09514558325510179
0.09471341151399197
0.09449233944690402
0.09421355638559771
0.09407438902267327
0.09432609529488961
0.094516089252488
0.09471999115448383
0.09469889588824781
0.09526149831329389
0.09553476333449083
0.09617526928197123
0.09677978517530918
0.0973226931169667
0.09794741297759806
0.09867969907631381
0.09941810145841888
0.09995446608474491
0.100457778831149
0.10074868707714303
0.10086312479291658
0.10094174392125248
0.10126568107092819
0.1015808014010287
0.10192439093554065
0.10189698877842532
0.10175131249694953
0.10162982693176094
0.10117473016427696
0.10083670061553364
0.10053713847362263
0.10023684860530163
0.09970191845053979
0.09894244308293972
0.09819632437547415
0.09755968539770929
0.09717571589315586
0.0965515070399269
0.0960768018033867
0.09576022157613108
0.0952054992961459
0.09510873351365925
0.09447249623421333
0.09410721379553683
0.09410758122731039
0.0944355793058736
0.0944189638104173
0.09490130275479107
0.09498381994130041
0.09548630800587601
0.09597894496146277
0.09646461292878437
0.0971622026262639
0.0974591527896002
0.09800078155746114
0.09865806653083062
0.09920559182416604
0.09965943493232751
0.10014613855569454
0.10069465506901226
0.10092696723562918
0.10125108118324982
0.10147082357008527
0.10161668018887213
0.10192080179820659
0.10145420153603404
0.1013096128830507
0.10107211523762949
0.10046193185618006
0.10048352572255739
0.10051511783664807
0.09974109441467024
0.0990850456730634
0.098762039957449
0.09772889711687248
0.09737716821453384
0.09685410183589484
0.0962037232985869
0.09571877064309134
0.09552821703361124
0.09501544751145403
0.09455156416361621
0.09416829263943123
0.09449039961682115
0.09458826396540755
0.09473074343163275
0.09498218762662557
0.09481090554645925
0.09506900445448026
0.09530088777166151
0.09571676888101432
0.09611927568847266
0.09682780496531787
0.09724152488426041
0.09763976564767021
0.09851122654007166
0.09897547936822437
0.099776643075463
0.10050924300825693
0.1006813164641424
0.10094951968677732
0.10118039398671533
0.10137316403128371
0.1015767823482736
0.10168013168132821
0.10141392676018969
0.10156924515721008
0.10154420980607087
0.10110053484981583
0.10086641915494718
0.10031730299984029
0.09992990538402499
0.09893524828382524
0.09842332540089782
0.09775121081790233
0.09721466707723588
0.09694563403432635
0.09626434877053341
0.09595428517187463
0.09557612817733045
0.09499581915699863
0.09461283804838434
0.09426609182862497
0.0945646831427004
0.09449958625024829
0.0945874280808391
0.09469438971601997
0.09449115921034619
0.09480460182709892
0.09519286999048511
0.09586374426600525
0.09625243319670958
0.09696438407167558
0.0976616807280438
0.0981783644330529
0.09896882514712654
0.09948139875730234
0.10018613015956003
0.10057742335910838
0.10056203849785639
0.1007853361011133
0.10100456356988129
0.10145300402314218
0.10193016591034165
0.1018302649846532
0.1012430733212023
0.10118595704855628
0.10058370643432267
0.10016327990826494
0.10009378232458815
0.09970387687270714
0.09910770226169227
0.09862665255069793
0.09790312475246658
0.09724262899775314
0.09707561864972573
0.09607587437170345
0.09594077044043797
0.09543986021839652
0.09498850330049313
0.09438669068890178
0.09394683421396206
0.09408048637633677
0.0939775977003352
0.0946137488178901
0.09479218908648715
0.09533594283554889
0.09525133572320016
0.09566788037700195
0.09612768087640504
0.09682535639324795
0.09717884483504712
0.09774123524627917
0.0981699512859485
0.09877348832094396
0.09924536904326482
0.0996876064651401
0.10011299008727192
0.10053056394219939
0.10074963365517259
0.10099448294861264
0.10134319082556463
0.10139187750244066
0.10173107071951154
0.10148924727108181
0.10131638149928207
0.10121157782838461
0.10082712281321196
0.10068307026686833
0.10016269204169692
0.09945610917364968
0.09895146221787943
0.09829512723096284
0.09760354202992448
0.09699077801718903
0.09670878302256611
0.09609702594277374
0.09549808265590998
0.09526556027217056
0.09475586564716208
0.09444966060080201
0.09419399042462635
0.0942308314492108
0.09462529905456259
0.09468603475033653
0.09491063685183787
0.09496314571272188
0.09520526253750417
0.09559088855096838
0.09598802279834613
0.09640929328472644
0.0969721639686711
0.09767755386583092
0.09807219488653336
0.0990032539149387
0.09941363726671607
0.10010774283326167
0.10059891911102367
0.10063775695091601
0.10101557391671569
0.10098124760943245
0.10114944493104568
0.10133086325328985
0.10173977032115882
0.10146130296303695
0.10155522244011415
0.10116504617862848
0.10034789219361975
0.10022103945842538
0.09982635715874928
0.09902536248222416
0.0986751681970085
0.09793394181278302
0.09736797202060347
0.09690947782673688
0.09638120970755157
0.09601130117825644
0.0955180068938243
0.09538064934690402
0.09461054422201445
0.09406719005170741
0.09395933290706761
0.09397714624081466
0.09416414934852714
0.09441912699198977
0.09460800520516012
0.09472851204171268
0.09483919807634028
0.09545044263322089
0.09588626255612646
0.09650602551027426
0.09742935522052182
0.0977260498785564
0.09818713487407342
0.0991027738761923
0.09937564974209746
0.10017993759302733
0.10050514596509345
0.10075251908296044
0.10111516788498882
0.10103417928168092
0.10122009841073622
0.1012460485821316
0.10151684685645272
0.10123449263674293
0.10115440076462888
0.10076470593065197
0.10050803959623975
0.10011463881360087
0.09985071955323965
0.09902345464107509
0.09857665461815697
0.09808605538284126
0.09770829895193436
0.09691949442924525
0.09699124662528777
0.0962990497431332
0.09588844921948646
0.09527734729545359
0.09455875353121315
0.09430865879288632
0.09419561945226791
0.09418283563727625
0.09433940045563836
0.09440627995997716
0.09457359040024185
0.09475131448061483
0.09525845599926956
0.0957647233768335
0.09599625352193766
0.09683175719315365
0.09720559784181845
0.09755102773852575
0.09829378124196343
0.09869564288618932
0.09927371280920154
0.0998304839203185
0.09984738020381678
0.10026729488631499
0.10035521014732557
0.10084325687552
0.10100234403206115
0.10119144881865433
0.10090128448916208
0.1011783225685122
0.10074772332920301
0.10057218654950682
0.10036676925711469
0.10017330737835231
0.10003006033633385
0.09915131687851789
0.0988289122670261
0.09789932157793912
0.09755995478955272
0.09696887918830177
0.09635491495222859
0.0959759363318837
0.09545642668945994
0.09506882003224333
0.0948436920154679
0.09451844659196819
0.09421858287464968
0.09463945035508436
0.0945856426618907
0.09457966138778469
0.09490868940937353
0.0951779034087283
0.09540591555622986
0.09568485765036447
0.09596036161639691
0.09664247008795535
0.09703773058573964
0.0974837899790072
0.0981607107072035
0.09849234721879217
0.09935668529146703
0.09992866412857698
0.09997986538197372
0.10063297733146806
0.1007498262938271
0.1009068149811555
0.10129804055139281
0.10126047363005332
0.10107023347722519
0.10124039510998768
0.10101001426821597
0.10075223838232841
0.10047972723140276
0.10010890455148806
0.09951761455082318
0.09902847822805357
0.09821307480314452
0.09769245261035214
0.0974134907734155
0.09694823550240884
0.0964961525264563
0.09628944899578616
0.09591967760065273
0.0953381469267541
0.0951018010454894
0.0946318261377344
0.09440500330798476
0.09458315036220448
0.09460037001569344
0.09471851596434847
0.09484748816843153
0.09496387167928728
0.09545092461728849
0.09588062208631946
0.09623149712853267
0.09675412302170974
0.09731870578264558
0.0979844582116961
0.09855081698579528
0.0991412187283186
0.09960727464424869
0.10003102205386073
0.09998845108852546
0.10038140754552417
0.1004390532776288
0.10066455317053417
0.10107729192065211
0.10141596721901147
0.10132879096744851
0.10136133107704715
0.10110518231656093
0.10075982677420708
0.1004318509276136
0.1001533158275766
0.09976360721746996
0.09956439058039204
0.09880381844119004
0.0982605999923148
0.0977227560706778
0.09715050725230039
0.09679368418100419
0.09612843010913459
0.09557720574958509
0.09496043144522066
0.09455288331105952
0.09444380091263632
0.09440540196432444
0.09456855803828064
0.09496423870389759
0.09536691335820152
0.09524675874902849
0.09541808067813891
0.0959921320573672
0.09618211154020831
0.09663295904634488
0.09717121843493437
0.09754311326657111
0.09809430958208405
0.09857564517109357
0.09895651540286388
0.09950892646136272
0.09985407591392866
0.10025379682938379
0.10060114048411528
0.10075750343773596
0.10109810398525522
0.10149583204855932
0.10163343194480469
0.10136943167034762
0.10144957468397937
0.10082715390162737
0.10058839494079017
0.10026188939714861
0.09993865424602254
0.09933894199604724
0.09903422142367303
0.0983835369800705
0.09749182516468963
0.09690459427442649
0.09642407843820032
0.09587637365539502
0.09537368363093687
0.09474674047497006
0.09467130120148956
0.09425777634293991
0.09409179717590131
0.0941735650228954
0.09414965139031095
0.09445140482439172
0.09478107760971505
0.09492656294234665
0.09549659217924948
0.09568786501002083
0.09630352945051399
0.09668070529052772
0.09713581449209292
0.09754708482634347
0.09815730227338877
0.09878922952255445
0.09940579161611782
0.0997827207858768
0.09998098010503984
0.10026754087158225
0.10039469006004795
0.10087812240183099
0.10137783495319926
0.10169447214967588
0.10155424781823727
0.10155725024789258
0.10102074527553197
0.10046213704399151
0.10024685192169212
0.0999666220512848
0.09937185288490873
0.09916374615039096
0.09854072916949275
0.09765647582404785
0.09752292907540842
0.09693057687050961
0.0967728674049662
0.09628301250537337
0.0958116723548069
0.09522645621202498
0.09479357259848142
0.09454354090620291
0.09460240066632912
0.09459275885880816
0.09469588480149124
0.09450739679652484
0.09457081383297666
0.09467532877657547
0.09493439469447874
0.0954701908448965
0.09610929823211974
0.09673878174610648
0.09729779701463034
0.09786737528701421
0.09863514046028997
0.09909074865933669
0.09981872468242559
0.10004339664312158
0.10013889269279673
0.10039738080243465
0.1004583444319241
0.10063526787601186
0.10073800334903245
0.10110295790817887
0.10115736793617616
0.1009378993253682
0.10069810958537517
0.10049500977950296
0.10042600401940299
0.10002553961523722
0.09979552681712676
0.09924872617156921
0.09858155098277509
0.09798394125864042
0.09757303158518177
0.09689953020754932
0.0963609198029956
0.09584426303716291
0.09542717926475575
0.09467975487331119
0.09460579732300992
0.09416745861722298
0.09408144083582444
0.09427121041544623
0.09406544259776616
0.09437557934092605
0.09461270261092089
0.09484827592054983
0.09512035323987729
0.09553085666519329
0.09610209632587718
0.09665763686644671
0.09711551355194335
0.09775097962246658
0.09816591629354102
0.09883499425977371
0.09928736897540552
0.09999890249112743
0.1002608475361567
0.10073686025576617
0.10094601689090632
0.10110638031365092
0.1014774364856752
0.10151642084961063
0.10148021494115485
0.10143083000283812
0.10115687576631252
0.10092005992136872
0.10073706569273529
0.10042789292568487
0.1001065560759158
0.09942622759042183
0.09862152484338374
0.09815593681601376
0.09742043783975865
0.09680631507939291
0.09621353581850531
0.09583803485846516
0.09514420160357978
0.09468408418489471
0.09416100598722447
0.0938879199482074
0.09417334430801716
0.09442887182785882
0.0943809138795366
0.09477074968479957
0.09469310376900791
0.09512492177361823
0.09528183022017761
0.09558894868550735
0.09642591696997976
0.09631492913541384
0.09688758527670062
0.09743016373282519
0.09805961674826387
0.09868350804509132
0.09922522022292299
0.09948793089867618
0.09987231829057285
0.10010733640289006
0.10045157877252626
0.1005637639328825
0.10110556824945688
0.10108840402892504
0.10139920398087154
0.10139488848186506
0.10110973649971393
0.10106054672539165
0.1006468693053438
0.10014387667244337
0.09969502336910097
0.09913690740079635
0.0988139451178502
0.09798939917702384
0.09730779537375463
0.09674167966541625
0.09620348140957193
0.09579298773048124
0.09515390193766647
0.09480892327725833
0.09436762562662238
0.09460625076215896
0.09466846170379722
0.09500913424874262
0.09504753804906388
0.09531617503488791
0.09541175448424355
0.09547705270600244
0.09569660124623988
0.0960417291733862
0.09646823007101397
0.09700097254552113
0.09735786078464613
0.09814543612091732
0.09859623611686538
0.09915748866514919
0.09983252083428393
0.10006283349736692
0.10040651706849206
0.10065571024151099
0.10079285568658672
0.10103736295918038
0.10143190498406733
0.10117885712771524
0.10126897228865096
0.10119784109518358
0.10096688954870776
0.10077187220399007
0.10000375767431491
0.09917296547495767
0.09848513681296403
0.09780464951438955
0.09715205792748059
0.09673611576903149
0.09640280424570266
0.09589811896349679
0.09557686486125717
0.09537144713595644
0.09525599569100161
0.09482362067582106
0.09463448530284
0.09434385531559461
0.09428340984754903
0.09430599661188914
0.09416579217529195
0.0944903806509797
0.09465336345063233
0.09509440285551089
0.09576327037971967
0.09650756151089912
0.09714705924991632
0.09768839989859099
0.09819626598274876
0.0988581477039004
0.09936937571643599
0.09996350106645994
0.10061952260925709
0.10052274969078881
0.10093264058369368
0.10056434942439495
0.10068627887383252
0.10093718805047949
0.10116993718848177
0.10098586155427784
0.10108137871074944
0.10068054450628214
0.10035968879005962
0.10005742617150727
0.0996885422682768
0.09947948852436393
0.09877823415243012
0.09814329628793128
0.09721718308091463
0.0965867486100687
0.09604850029863894
0.0956754836424139
0.09525363773803971
0.09446813345212692
0.09390217260698747
0.09324325235838976
0.09302414181575212
0.09278313867113155
0.09305332513616671
0.09337842104456537
0.09366985805954578
0.09417850925062932
0.09437053924981723
0.09482920888871235
0.09543020548412236
0.09589596436954753
0.09665660163308122
0.0971623054160955
0.0976768614166942
0.09849633195501889
0.09907970478855044
0.09958778797746495
0.09985043077525495
0.1000010111577432
0.10023007546745212
0.10046492568048707
0.10113042588375232
0.10136851776280652
0.10177654716383851
0.10157450206449843
0.10151729976324467
0.10120025016161549
0.10074273295520456
0.10058438469059434
0.10010370104828337
0.09975200506532268
0.09919555522868696
0.09832215638420554
0.09772940955886802
0.09725986375799547
0.09683997360732959
0.09640404454784433
0.09601140042938891
0.09546215525731168
0.09484227099743905
0.09459852974981828
0.0941768119654724
0.09404582955159567
0.0939476901113337
0.09381061090549003
0.0941894201261754
0.09427260303298114
0.09467210667911684
0.09503288130159893
0.09539894033351633
0.09595876986953715
0.09649296571722153
0.0970977175739329
0.09782032229926778
0.09827836063159993
0.09907073268501149
0.09969688990810736
0.09995756074690303
0.10041617432217745
0.10057552451053897
0.10077263245916221
0.10072112334470823
0.1007854395537554
0.10027366178719616
0.10004486760551078
0.10009989514355136
0.09968908353310861
0.10011386239203182
0.09996705701534483
0.09958475762046698
0.0991584863246422
0.09857615356980493
0.09775309558377823
0.0974707507888003
0.09697290625664509
0.09657023690695207
0.09607712254875413
0.09530491429446004
0.09448536702094881
0.09393931984847419
0.09344808829186656
0.09332229413391457
0.09370220272137658
0.09378579873084596
0.09427512425284422
0.09433093540346099
0.09465461383981703
0.09512581856556901
0.09556651427775394
0.09623653085736833
0.09682944844452274
0.0975036686841699
0.09801609658813731
0.09863863589702057
0.09916997711259214
0.09973847908068154
0.09982566408173323
0.0998673935270808
0.10006821226194038
0.10037327066156668
0.1005139029092329
0.10070324782921193
0.10087833664479533
0.10071445621339895
0.10072739310768353
0.10043942153108869
0.10037826125959744
0.10037737578786644
0.09996280711490832
0.09982995570536587
0.09935923681263027
0.09860201018634479
0.09802126212093723
0.09737992353359722
0.09667378998537118
0.09570250555976806
0.09515809242113797
0.09442632400512513
0.0940039095641969
0.09391320643462761
0.09384476084600513
0.09401358573135926
0.09436847767207134
0.09427395881945247
0.09453016796348475
0.09472078672235715
0.09493575128658736
0.09524407334566001
0.09573772224477414
0.096336977303195
0.09637599518575798
0.09702113570032833
0.09724202277130377
0.09772151676805246
0.09812699951523082
0.09877680062178092
0.09929329880733238
0.09976105120199884
0.10009116565400183
0.1005434231060734
0.10046376385025989
0.10081053000540384
0.10081563255658067
0.1004281657921215
0.100579624166901
0.09993595958576594
0.09992882312334138
0.09969027705930507
0.09921459406152001
0.09894861276907276
0.0982759827930814
0.09766722320238483
0.09691492375284055
0.09661424590270003
0.09611767697696852
0.09558445719010861
0.09499255727396776
0.09448151088344095
0.09415487633466728
0.0938965943170306
0.0934116107186731
0.09329632157700224
0.09388840532992616
0.09383916085072874
0.09406975214134829
0.09420915383577837
0.09467919618806228
0.09508433728951328
0.09554759198772315
0.09595030288972571
0.09626339469883502
0.0969305692627265
0.09742487018560031
0.09806450375524425
0.09886238449834989
0.09926425489766581
0.09965169347014281
0.09994961127268809
0.10006037272094798
0.1002499243462365
0.10050280550877112
0.10069247560739361
0.10050061558444773
0.10064150795460639
0.10044111217610606
0.10011228446846589
0.1000090313956236
0.09964031571582344
0.09943463856698832
0.09852350288276233
0.098138494881093
0.09761499532766217
0.09703268459268179
0.09673242494672141
0.09628343326069225
0.09591404904559528
0.09567627369145805
0.09494469739545981
0.09449063525661444
0.09385388051206627
0.09351583829435584
0.09353132902878472
0.09359800591986372
0.09373458120806236
0.09388259474553634
0.09428413538404393
0.09456264639688775
0.09501234203277925
0.09553520163595114
0.09615603302077151
0.09684997719869422
0.0969548353533444
0.09755342637896068
0.0979991251343561
0.09837625648195875
0.09877819357069917
0.09909912264591729
0.09976178797818865
0.09958217527409279
0.0999783104139159
0.10007745090953604
0.10028660561724623
0.10004368972854244
0.09998120213626524
0.09969688659047395
0.09967907820827744
0.09962674728589303
0.09912001162971362
0.09883842487281828
0.09782696112392304
0.09719981106478946
0.09683916767568694
0.09729101853843992
0.096762661181337
0.09614871558082541
0.0955413045827035
0.09526568318234416
0.09456907844167624
0.09442210174083975
0.09391927998052563
0.0937455604098128
0.09381948358732256
0.09380970148853458
0.09405360646885884
0.09382921354454221
0.09422538493810698
0.09472010072690819
0.09493173046020568
0.09550936865909303
0.09619029843065376
0.09659831144616633
0.09740459320011832
0.09760051134796326
0.09854112771764265
0.09882474096718169
0.09915680059783129
0.09960608747993056
0.09978798569781279
0.09990367191292086
0.10034928529936261
0.10080191297158783
0.10062083162482638
0.10061420581075659
0.10023680675879622
0.09997753481688347
0.09988170166009684
0.09943661302772061
0.09906693908826596
0.09871121539684262
0.09827156352927986
0.09763179787745845
0.09725198455023164
0.09653866699346547
0.09623252190744314
0.09560359335888984
0.0951203459743999
0.0946871843269018
0.09460944621776489
0.09441261124821267
0.09448053002788033
0.09446048663920213
0.09455043852150474
0.0944273463185651
0.09445544763174799
0.094550696163568
0.09492252599571663
0.09545862081547851
0.09610451750511097
0.09642984098166878
0.09723129574610159
0.09762233007779439
0.09843094629040826
0.09887468796237729
0.0993804102776724
0.09988284149311523
0.09978962697252029
0.10023428574047412
0.10023275580381578
