ra
24.31847832343729
10.37963265608187
0.7013211252946205
-8.63325278266067
-18.13651035741426
-27.43237365177725
-36.90724974823697
-46.75443349701586
-56.005180778235925
-65.41427566909017
-74.64183104058266
-84.12218663866882
-93.64108471592523
-103.33563534049755
-113.03502141620197
-122.46907652990474
-131.7348633114381
-141.25384171502992
-150.42323007337555
-159.8448720353616
-168.88612852684534
-178.01056826749777
-186.87286261014208
-195.78801649277858
-204.5037639423321
-213.0064979227554
-221.4026202152553
-230.07860805236496
-238.45103777930544
-246.8461931282385
-255.29018652196083
-263.8559353445417
-277.1610116748551
-285.79880968546524
-294.6018573952462
-303.6240770127806
-312.48239765817505
-321.2942554069938
-329.89344360708304
-339.053042480034
-348.2173362958676
-357.750550926498
-367.32089323166974
-376.44902644879863
-385.92447904850025
-395.1781842878826
-404.42665774680887
-413.8899674138245
-423.40349093980365
-433.0512204794612
-442.6918918761573
-452.26398350552415
-462.05680264684474
-471.7415765548574
-481.4296983762176
-490.9866508533777
-500.35175847999005
-509.8241041822761
-519.1053096813255
-528.32492751119
-537.6552232196241
-546.6505364398333
-556.0345194867346
-565.0764952891204
-573.7910005486167
-582.3028266696954
-590.2702957223951
-598.8910253854523
-607.3353796660983
-615.6214945548959
-624.2027214492031
-632.9423600100895
-641.3021460033332
-649.8915238563153
-658.9410163238662
-667.7955220632365
-676.5622110530612
-685.651604262015
-694.4701343383842
-703.5369167497482
-712.9517253030247
-722.0829082101318
-731.2734720356497
-740.5857776709651
-749.7144123641958
-758.9896551792501
-768.4204687500707
-777.867737525941
-787.4010072211554
-797.1698114682705
-806.8979572848687
-816.6212303905979
-826.3378582029268
-835.7887165001358
-845.4503190758348
-854.8838424714672
-864.3355229141278
-873.6570345822246
-882.956930850974
-892.0575493772982
-900.9621280367711
-909.7524014862955
-918.5673229992971
-927.0149646236354
-935.6516820834439
-944.0743433221378
-952.6993464442747
-961.1241718682202
-969.5190970922897
-978.0630499013148
-986.7169730130604
-995.4209550793489
-1004.3768386301701
-1013.1696356016184
-1022.3625705609949
-1031.423453382985
-1040.3460091603279
-1049.1298983495958
-1058.5773129769516
-1067.6573779218836
-1077.3672416409877
-1086.2486890716991
-1095.410620583652
-1105.0894169255212
-1113.868234424476
-1123.6112001098113
-1132.9542490386852
-1142.3605355307295
-1151.5230573397514
-1161.1307919171895
-1170.5033216651602
-1180.1844664814007
-1189.7691414552876
-1199.2237874588814
-1208.8540170209974
-1218.282644073357
-1227.8205533078121
-1237.2502131329961
-1246.6004011083214
-1255.3985951027728
-1263.9782670284267
-1272.4389829225302
-1281.1023054409661
-1289.636496642942
-1298.0749027142124
-1306.680085540631
-1315.0155109394138
-1323.7469274445157
-1332.3730231064762
-1341.070227917694
-1349.8749728949913
-1358.55262689246
-1367.3290166474014
-1376.1492895510557
-1385.1554078712136
-1394.238218912767
-1403.1028014250082
-1412.454697159523
-1421.4715947636341
-1430.6173473308095
-1440.3878934370055
-1449.4394901468027
-1458.640397277335
-1468.0217580319331
-1477.157625288156
-1486.7493697289974
-1496.375033404605
-1505.6470090739892
-1515.1528660128185
-1524.933205380997
-1534.340216269251
-1544.0710315515487
-1553.5252794035816
-1562.8664500823052
-1572.2234556721205
-1581.3456686558627
-1590.600699873064
-1599.6789610685505
-1608.4634246762844
-1617.4067008756012
-1626.1800515516102
-1634.7261050632596
-1643.3111411846012
-1652.0397789909207
-1660.5671831578297
-1669.0234666213228
-1677.3975190108647
-1685.9989301349704
-1694.5602786287066
-1703.2783514629218
-1712.1160679117802
-1721.0511590128758
-1730.0168974839037
-1738.9400611319065
-1747.4345112761716
-1756.144044818481
-1765.1429983205394
-1773.9997530248984
-1783.3472912844043
-1792.7736285797744
-1802.5832084798715
-1812.2555304030236
-1821.907443346534
-1831.6918952260403
-1841.131940178027
-1850.7296051525539
-1859.9217363413693
-1869.5610790848484
-1878.879843434555
-1888.0393466174053
-1897.22677374438
-1906.437900179967
-1915.5383832476616
-1924.7620238970258
-1933.897118921828
-1943.294845187321
-1952.6790340514608
-1961.7908007864949
-1971.0954642204188
-1979.933489507408
-1988.824806354452
-1997.40121995829
-2005.9037440220582
-2014.354022963144
-2022.8871070528749
-2031.382941061842
-2039.8982214404916
-2048.3011855975537
-2056.927846958978
-2065.638135110107
-2074.5060653930495
-2083.3716491789305
-2092.1166092949716
-2100.9264920919777
-2109.7519366038555
-2118.754564050724
-2127.6831843600694
-2137.1017328841926
-2146.512012215872
-2156.203242345631
-2166.121449112581
-2175.535815582573
-2185.1343810056364
-2194.960241329963
-2203.9480599135004
-2213.469241810018
-2222.8836389734593
-2232.196197822783
-2241.5836322498294
-2250.8109184119767
-2260.4598254465204
-2269.819601241747
-2279.490121244837
-2288.7363188724835
-2298.1437417552406
-2307.1605740897403
-2316.430282963088
-2325.3350570411317
-2334.2007661352395
-2342.93619008907
-2351.454852978528
-2360.048024068841
-2368.4211148737654
-2376.80967911946
-2385.318080664802
-2393.8036782848203
-2402.4432026006775
-2410.822010572788
-2419.4446940674648
-2428.227409345376
-2437.113804069775
-2446.095357386995
-2454.854069006889
-2463.556045934459
-2472.3846089243916
-2481.5366814170216
-2490.326784066456
-2499.8754140841806
-2509.423964707862
-2519.1466823547808
-2528.3537565647016
-2537.8050841634254
-2547.7766610053295
-2557.0532699189025
-2566.3577575437735
-2576.1298898403966
-2585.0484496923063
-2594.501975593662
-2603.82641406686
-2613.3000676326556
-2622.769000660221
-2632.263940223336
-2641.472005439841
-2651.2311241117636
-2660.5275989695556
-2669.8947984428896
-2679.016041706068
-2687.753364236917
-2696.7632047926368
-2705.333790396585
-2713.8356820175695
-2722.4551046457273
-2730.776254072383
-2739.1952802284572
-2747.7392586719843
-2756.008164008276
-2764.4170072114994
-2772.942335471935
-2781.529059950551
-2790.3434346359977
-2799.129230821434
-2808.1358794963967
-2817.004592327481
-2826.2253434251106
-2834.960085589831
-2843.572653650809
-2852.9553486624322
-2862.000214116106
-2871.77254871425
-2881.2460451079032
-2891.201391467588
-2900.623616905574
-2910.158742288222
-2919.6005945561024
-2929.302874508784
-2938.2647125231765
-2947.997913073398
-2957.451202037943
-2966.8751875115627
-2976.031033194171
-2985.4201369235047
-2994.835297434394
-3004.512339664912
-3013.9275219315336
-3023.140228887165
-3032.4039139212528
-3041.449321347474
-3050.394568613984
-3059.3815706856303
-3067.9354863748385
-3076.66550971623
-3084.9844378335733
-3093.4371928556743
-3101.7362653711943
-3110.040960746442
-3118.2715048380214
-3126.5785539142194
-3134.9310342232434
-3143.3504858453807
-3152.109284390688
-3160.8157482069946
-3169.659265303581
-3178.665709202627
-3187.681985487783
-3196.843265456499
-3205.844551886143
-3215.128589532817
-3224.6228657788415
-3234.180801096383
-3243.9545991510795
-3253.400612126768
-3262.8391600522305
-3272.6035154005676
-3281.881682207337
-3291.6374262469353
-3300.8935197589017
-3310.3079255233374
-3319.3834188033243
-3328.729941723839
-3338.2065176634655
-3347.7438794716268
-3357.1959813820963
-3366.4939451214386
-3375.6702358446014
-3385.18233142272
-3394.3667709357587
-3403.3686404078853
-3412.3240889307685
-3421.075818988554
-3429.6286422706685
-3438.216539147048
-3446.8172505271477
-3455.6513758189863
-3464.0019361191676
-3472.683214983062
-3481.275660625726
-3489.896557393168
-3498.1108425107354
-3506.8008019974013
-3515.3701322824613
-3524.0765050341292
-3532.9402529033737
-3542.039521991499
-3550.930617592127
-3559.9538522117973
-3569.2270083765698
-3578.357919805913
-3588.0379718076647
-3597.2301533716472
-3606.9399976760287
-3616.117717958006
-3625.593565158238
-3635.083345833809
-3644.4635038547076
-3654.0316622632427
-3663.3368383751917
-3672.8811865238995
-3682.4916104368094
-3691.6168463335407
-3701.1224247766213
-3710.3940630738093
-3720.0458844451473
-3729.488935394414
-3738.9940135776287
-3748.1565112270946
-3757.5277530056183
-3766.5702527983376
-3775.4014622772793
-3783.894146931865
-3792.5363513003254
-3801.091499829561
-3809.4984980714853
-3817.988530479904
-3826.435442262166
-3834.9497417292228
-3843.248925999694
-3851.721801408573
-3860.411434422376
-3869.062340127897
-3877.738641265571
-3886.608230613026
-3895.5045395585203
-3904.1604344624348
-3913.216582182275
-3922.1267147637163
-3931.214579580126
-3940.819525065054
-3950.080633407489
-3960.1672732334614
-3969.3720363468997
-3978.4260259567473
-3988.0461888438326
-3997.8490653616336
-4007.065173107757
-4016.475986699987
-4026.182780594716
-4035.388981845522
-4045.3313769336546
-4054.624839206767
-4064.5390687003146
-4073.7245879338884
-4083.1442615971046
-4092.588910399645
-4101.704701890285
-4111.03589792503
-4119.987567667063
-4128.911581158555
-4137.929491125891
-4146.487736083837
-4155.152035743727
-4163.427572573959
-4171.955955644105
-4180.308040777353
-4188.813765756927
-4197.009116544315
-4205.481747284447
-4214.054277331065
-4222.375493450257
-4231.1306971573395
-4239.748691841479
-4248.576424474152
-4257.470065561991
-4266.5180293234425
-4275.426484405904
-4284.8158129595695
-4294.179389641465
-4303.289766084121
-4312.40946215155
-4322.144586410005
-4331.530333586905
-4341.108213263568
-4350.357193163536
-4359.897521567873
-4369.2399248553675
-4378.751803912105
-4388.391562149316
-4397.98036838036
-4407.5210553342
-4416.984189617174
-4426.381876007918
-4435.811702808564
-4445.090835543611
-4454.352718539768
-4463.5536032386535
-4472.779453878849
-4481.895921727503
-4490.78927311634
-4499.563966260929
-4508.463100852401
-4517.01760580561
-4525.477677896271
-4533.948512898347
-4542.5710438826
-4551.074430519157
-4559.562080775428
-4568.256958790259
-4576.654277628646
-4585.001930986662
-4593.602544952927
-4602.439243839867
-4611.168766337368
-4620.1268893158185
-4629.229492789188
-4638.188531422585
-4647.230404310162
-4656.463858549541
-4665.803101482107
-4675.294940642315
-4685.497970895936
-4694.537172550123
-4704.170834065218
-4713.444212585609
-4722.874084513794
-4732.2050061780665
-4741.563383658705
-4751.071359227302
-4760.853462107022
-4769.843920993964
-4779.652892632219
-4789.290070893437
-4798.747470721353
-4808.109409203636
-4817.436900973988
-4826.92179737955
-4836.091225618626
-4844.944243558505
-4853.973382717937
-4862.648744641652
-4871.184244431349
-4879.85746880973
-4888.287177870541
-4896.734822078388
-4905.058339506175
-4913.176769099447
-4921.621897980084
-4929.927165595127
-4938.413459237064
-4947.106507075917
-4955.598851304266
-4964.276443137533
-4973.147451860411
-4982.100031176719
-4991.182148341249
-5000.406144720612
-5009.486659837179
-5018.669668792209
-5028.125340172543
-5037.772274103695
-5047.537374350847
-5056.816778503502
-5066.528775774222
-5075.954882012201
-5085.155242253774
-5094.783290242341
-5104.454381313095
-5113.942163011571
-5123.300338174362
-5133.0099772240355
-5142.5473553343945
-5151.8078821252975
-5161.0644073356
-5170.277547651278
-5179.564285011469
-5188.738267202976
-5197.881852815388
-5207.150106583421
-5215.973497020857
-5224.7490905280465
-5233.315848695103
-5242.004593950414
-5250.48224219159
-5258.818882829586
-5267.3450204928695
-5275.503618281841
-5283.830556733374
-5292.41429318434
-5301.022883292218
-5309.6471011291615
-5318.20609913486
-5327.082446454333
-5336.285051446021
-5345.158658676105
-5354.201093792224
-5363.304038948927
-5372.540537022662
-5381.942002316572
-5391.545815914197
-5401.117904505528
-5410.684419899966
-5420.087115813501
-5429.625940791168
-5438.696009467449
-5447.804371764446
-5457.880780685266
-5466.952057253225
-5476.495333207116
-5486.002255711112
-5495.447062376847
-5504.868847576766
-5514.3773178745405
-5523.84024778469
-5533.344311850592
-5542.614244370364
-5551.988004067872
-5561.003892627707
-5569.947968127577
-5578.787357814808
-5587.520591128929
-5596.128504972188
-5604.5399672233625
-5613.01487585773
-5621.306840875365
-5629.8470792345315
-5638.2348519169345
-5646.553615960056
-5655.07788590296
-5663.579109279089
-5672.494370171231
-5681.275174334599
-5690.3676818379345
-5699.048194926098
-5707.866604660043
-5717.103257369586
-5726.206185590622
-5735.133395448106
-5744.563286116865
-5754.232245637429
-5763.375425269104
-5773.048585626474
-5782.600607510248
-5792.353720204019
-5801.39452966313
-5811.044108358282
-5820.208066199727
-5829.797535444479
-5839.349843029605
-5848.77970480092
-5858.212341854843
-5867.8083306361805
-5877.069832052767
-5886.626006631754
-5895.84896257699
-5905.14585598226
-5914.384978320434
-5923.50330623786
-5932.648526978659
-5941.346360050952
-5949.910396612672
-5958.6535511094135
-5967.041071573113
-5975.262647611286
-5983.519979450177
-5991.964802528038
-6000.359207505029
-6008.685499680827
-6021.940639456015
-6030.398255799056
-6039.252670275746
-6048.176255769224
-6057.129480438615
-6066.10089356419
-6075.066261580333
-6084.048391789634
-6092.988311527427
-6102.342179509062
-6111.453650247601
-6120.635004387808
-6130.194554725105
-6140.174617161648
-6149.205885072795
-6158.411541438912
-6168.028280030609
-6177.680350206889
-6187.416189550033
-6197.247359856466
-6206.922288024049
-6216.549600064217
-6225.908367793646
-6235.5759268004385
-6244.718524879391
-6254.119806958721
-6263.293523806869
-6272.729240531054
-6281.636158643637
-6290.657915406185
-6299.47171202723
-6308.204254968314
-6316.917838900304
-6325.415972181829
-6333.833757203185
-6342.43321072913
-6350.8804115453395
-6359.472806080003
-6367.882204648573
-6376.524473196009
-6385.161222474551
-6393.628810269643
-6402.481698952556
-6411.311621876153
-6419.955219213462
-6428.511309158651
-6437.699150366866
-6446.377288715301
-6455.319097073081
-6464.640238696377
-6474.23003901546
-6483.827061681419
-6493.188866228882
-6502.66137115349
-6512.219618716454
-6521.87492259186
-6531.017838123848
-6540.6793093998385
-6550.047564337616
-6559.619500454118
-6568.860684084297
-6578.499979903147
-6587.901057492147
-6597.422235974305
-6606.775938644239
-6616.269734005971
-6625.644449267041
-6635.048143118556
-6644.161130807121
-6653.2755164333485
-6662.1406781430915
-6670.8357867236955
-6679.522684007185
-6687.854484207627
-6696.19163232828
-6704.526743901808
-6712.924382263732
-6721.261653681099
-6729.643508376976
-6738.19302635528
-6746.837400740213
-6755.365144589359
-6764.350315983194
-6773.252061455431
-6782.061576310197
-6791.360123176845
-6800.395159781798
-6809.011408640667
-6818.093404478919
-6827.287603875266
-6836.405745814557
-6845.775549576569
-6855.283797779201
-6864.633655265934
-6874.32392710188
-6883.719634671026
-6893.457819571305
-6902.834878190423
-6912.589605650526
-6922.004216208211
-6931.642400318837
-6941.196202811844
-6950.876641292733
-6960.177040105886
-6969.667090875534
-6978.94674915388
-6987.971174025431
-6996.99913414481
-7006.228861236011
-7015.127951761769
-7023.759272550728
-7032.4744518351
-7041.121097579702
-7049.73038736865
-7058.595927020876
-7067.353956729531
-7075.580787181245
-7084.1021453484855
-7092.497902169962
-7101.206361716923
-7109.832304341277
-7118.685865966711
-7127.514741147493
-7136.18615673852
-7144.844212079246
-7153.506814384324
-7162.2254545489595
-7171.20944341891
-7180.420097176339
-7189.5187740912115
-7199.181076633817
-7208.458952927778
-7218.166034499384
-7228.121706643369
-7237.95931371381
-7247.262626268763
-7256.7952692972685
-7266.556171007155
-7275.728644271707
-7284.62004888187
-7294.25360735121
-7303.714091297312
-7313.2455908159955
-7322.62430982256
-7331.976806818089
-7341.078510654495
-7350.247720929229
-7359.537625603506
-7368.695812347014
-7377.75468575267
-7386.652578848321
-7395.694245164555
-7404.036417395662
-7412.4724509833895
-7420.582632954758
-7429.1060238686405
-7437.481305197731
-7445.955936676215
-7454.529174652806
-7463.121294423403
-7471.796953430005
-7480.680718191213
-7489.418374531705
-7498.208196902701
-7506.743134452647
-7515.614282707899
-7524.455471818587
-7533.5079460028655
-7542.668090762502
-7552.287416041137
-7561.608522997952
-7571.539514693558
-7580.724555258445
-7590.205877487676
-7599.773197257683
-7609.492503496772
-7619.097273152828
-7628.44187322314
-7638.1175295182275
-7647.734965665716
-7657.299121776634
-7666.660257251281
-7675.998904592894
-7685.167219254291
-7694.519352237116
-7703.84037239379
-7713.311990940276
-7722.390267160299
-7731.378885175121
-7740.213303866089
-7748.873809992393
-7757.327291243618
-7766.013526594272
-7774.484275326403
-7783.092160125351
-7791.585143022074
-7800.045304826514
-7808.314657585426
-7816.790507340285
-7825.558390039913
-7834.14088600419
-7843.0968010708075
-7852.112726658711
-7860.8651816282445
-7869.578249315123
-7878.465368997093
-7887.4767840958875
-7896.726537527058
-7906.215672352336
-7915.2814064876375
-7924.732215658038
-7934.293376189193
-7943.513902758183
-7952.780287715215
-7962.174956601606
-7971.928293402449
-7981.479227095813
-7991.182896975992
-8001.014718338167
-8010.32398925306
-8020.168786645975
-8029.643165007717
-8038.902482403197
-8048.105816950604
-8057.509454290685
-8066.899174672981
-8075.984725315815
-8085.088610759903
-8093.83407253934
-8102.517755003757
-8111.201043384579
-8119.64327862539
-8128.279229676432
-8136.960057799308
-8145.605632366899
-8154.100107704854
-8162.647786044715
-8171.279499709634
-8180.000408203295
-8188.6856991651375
-8197.412885149364
-8206.12308082889
-8214.740979702712
-8223.400403243711
-8232.17743079984
-8240.822346162777
-8249.668298264693
-8258.870930410294
-8268.198131782074
-8277.533373537379
-8286.965189268925
-8296.768526366508
-8306.35151739511
-8316.168820444102
-8325.446310371815
-8335.156225377243
-8344.298388517676
-8353.715015210664
-8363.246974447236
-8372.680903382665
-8382.412693966542
-8392.062770803177
-8401.417025237328
-8410.958539411458
-8419.884428061756
-8429.14543755167
-8438.176045667282
-8447.219225934617
-8456.186503882023
-8464.940430347186
-8473.736176460587
-8482.42394586002
-8491.083253920995
-8499.839121981655
-8508.189910269497
-8516.998706308741
-8525.194994579688
-8533.530887451221
-8542.224235988315
-8550.72385697749
-8559.318268031082
-8568.060505154039
-8576.946984367618
-8585.604592362763
-8594.082280201905
-8602.923592492398
-8611.726765399499
-8620.942725213494
-8630.091068791964
-8639.493978771128
-8649.051458306683
-8658.413663562964
-8668.287015918477
-8678.140763138701
-8688.019813408848
-8697.625773073809
-8707.373999914551
-8716.794763188671
-8726.498007288475
-8735.928425552007
-8745.53566052798
-8754.920942330124
-8764.151622367934
-8773.55087583647
-8782.619573497579
-8791.847691276575
-8800.784035646642
-8810.05157071923
-8818.902392415668
-8827.541703221492
-8836.269435660992
-8845.004681892968
-8853.86577822206
-8862.181978846414
-8870.96887151827
-8879.265826053052
-8887.609624269753
-8896.097430927464
-8904.67359566795
-8913.184375909697
-8922.061247728892
-8931.027150023068
-8939.811486202289
-8948.367143717938
-8957.17599248725
-8965.774564655336
-8974.847088303783
-8983.964405186398
-8993.60141583312
-9003.410060905813
-9012.829166756619
-9021.988155333278
-9031.92152237658
-9041.388740568847
-9050.956610163192
-9060.37107953282
-9069.908300183752
-9079.19093241967
-9088.570950674082
-9097.951616728671
-9107.490778178051
-9117.0261359668
-9126.175355666892
-9135.672438401447
-9145.028960554198
-9154.306026932374
-9163.552454747021
-9172.757844342252
-9181.89161129716
-9190.668212847455
-9199.278821618253
-9207.806602171968
-9216.039564321447
-9224.588304852496
-9232.733365904558
-9241.069930727757
-9249.345290903218
-9257.569511861782
-9265.922638533511
-9274.5497850091
-9283.232142642892
-9291.92679835866
-9300.870274760486
-9309.598319537336
-9318.798637274063
-9327.641511103062
-9336.821383841647
-9346.514145062914
-9355.59999524028
-9365.239873354882
-9374.905544878537
-9384.362657642798
-9394.01802029254
-9402.946358653653
-9412.35518667929
-9422.420189564851
-9432.420825513189
-9442.067781008494
-9451.865312579828
-9461.427112554762
-9471.122770849848
-9480.589015197616
-9489.835116981614
-9498.898115150705
-9507.873198019179
-9517.110181423068
-9526.063033274602
-9534.995174981948
-9543.740249925071
-9552.37159514691
-9560.997146121617
-9569.681589239259
-9578.27050170307
-9587.000648800915
-9595.681470526208
-9604.140847277962
-9612.447853715383
-9621.077779678451
-9629.75743265022
-9638.362999672518
-9647.312214375594
-9655.881840715332
-9664.289339143732
-9672.906552829498
-9681.798653215666
-9690.597601437794
-9699.889511231064
-9708.899631706228
-9718.047951760975
-9727.367724205962
-9736.569334213767
-9746.337176921816
-9755.834914351683
-9765.64784038837
-9775.643433759373
-9785.325297685466
-9795.153527366103
-9804.877125119578
-9814.095326937364
-9823.68157682375
-9833.003936361378
-9842.082768742468
-9851.57990756609
-9860.73239768101
-9869.812102735557
-9878.98155013443
-9888.07846177139
-9896.886451886015
-9905.687943629218
-9914.477672873938
-9923.443483304189
-9932.253810052805
-9940.977763217516
-9949.43037815477
-9957.915388042087
-9966.330670501748
-9974.596555828839
-9983.247535792583
-9991.856043244117
-10000.48375938736
-10009.2948220705
-10017.922719376451
-10026.505009009174
-10035.168532378058
-10043.833322709264
-10053.206981462243
-10062.441354514225
-10071.649847376799
-10081.054035652587
-10090.698205351911
-10100.244068870765
-10109.803839817356
-10119.334023952388
-10128.661895051071
-10138.508615153134
-10148.030271960844
-10157.59140796766
-10166.933528304151
-10176.67169817743
-10186.280442109532
-10195.623695216538
-10205.082850762128
-10214.629782890546
-10224.167626401491
-10233.594437779915
-10242.784722778257
-10251.785920634753
-10260.66581194777
-10269.273867796213
-10277.950084150152
-10286.302021876942
-10294.601662904282
-10303.037617135045
-10311.489674602946
-10319.751978174887
-10328.365315622286
-10336.845040911187
-10345.646609871928
-10353.847492607729
-10362.35693813985
-10370.951544767771
-10379.924101885395
-10388.64800399394
-10397.815471067577
-10407.195631870909
-10416.305298924768
-10425.574384858217
-10434.842132117985
-10444.384316975053
-10453.439242914463
-10463.042709101612
-10472.818918755916
-10482.385685509073
-10492.074200691744
-10501.633859727392
-10511.151503933947
-10520.510542473128
-10530.005888060481
-10539.527619616498
-10548.86213140137
-10558.17250526184
-10567.518151540058
-10576.901248883345
-10586.275737344076
-10595.32144746372
-10604.538158550704
-10613.406303216345
-10622.272608988358
-10631.147583636159
-10639.760033945684
-10648.279912231148
-10656.796223031206
-10665.286092419816
-10673.748349870675
-10681.974425537679
-10690.533680765322
-10699.114776395227
-10707.650688545582
-10716.518783951276
-10725.089870862688
-10734.238252436891
-10742.857656617574
-10751.674165784569
-10760.527063405574
-10769.605528002414
-10778.859283138434
-10788.727326274264
-10797.957664366513
-10807.362471350998
-10817.360762716738
-10827.008211835733
-10836.888054286275
-10845.935798472245
-10855.23767312897
-10865.013207899903
-10874.569803267155
-10883.866150665597
-10893.49987517274
-10902.721794982952
-10911.955217715049
-10921.465506159366
-10930.508756313246
-10939.640827916233
-10948.932498442204
-10958.083841381347
-10967.272926088664
-10976.459114306383
-10985.521427933787
-10994.325302553962
-11002.797863019076
-11011.164182330738
-11019.488902746369
-11028.0260708516
-11036.464351727227
-11044.95892903396
-11053.368670038664
-11062.135351525752
-11070.7304745846
-11079.53350197397
-11088.459851196
-11097.198516379061
-11105.984163838648
-11115.005349976474
-11123.592373687321
-11132.4966038849
-11141.8030220443
-11150.885020523638
-11160.710360630133
-11170.117073856822
-11179.730278193692
-11189.358606033202
-11199.107228946867
-11208.819967632564
-11218.120597154231
-11227.504040331678
-11237.264370846331
-11246.880832560462
-11256.36049557063
-11265.837593646414
-11275.053243204125
-11284.45202490449
-11293.851927428002
-11303.188395185358
-11312.246959944578
-11321.387836611028
-11330.554416468876
-11339.370769936579
-11348.11332353865
-11356.637033111172
-11365.132990808583
-11373.845015708404
-11382.380303477206
-11391.06381396442
-11399.40298296126
-11407.880936976135
-11416.51798166207
-11425.0334289735
-11433.808373111864
-11442.710795075458
-11451.38282289343
-11460.067625595591
-11468.927300673678
-11477.583297329631
-11486.756806579408
-11496.100337462725
-11505.26766767017
-11514.787439148471
-11524.05318228205
-11533.24878392244
-11542.527196249124
-11552.105819985662
-11561.804155059028
-11571.136362483565
-11581.095341582051
-11590.401191524741
-11600.195310364566
-11609.795198256264
-11619.352970654236
-11628.78612954194
-11638.286877686449
-11647.638376228433
-11656.886391184591
-11665.97954599573
-11675.118869968475
-11684.388043712623
-11693.490858544203
-11702.39968017863
-11710.947137173758
-11719.456057855947
-11728.082647619838
-11736.918376567468
-11745.21939146352
-11754.051340931775
-11762.601684524654
-11771.095309709777
-11779.545567787432
-11788.084157317424
-11796.707883551884
-11805.28044835459
-11813.805677835724
-11827.229678473257
-11836.195967579633
-11845.491930068756
-11853.654681613973
-11862.9276087389
-11872.276802136692
-11881.567047625476
-11891.085196936374
-11900.778851727046
-11910.100050423891
-11919.585644133143
-11928.791944752706
-11938.3950322009
-11947.828079148363
-11952.916116141983
-11967.071285242742
-11976.556644742466
-11986.114298263788
-11995.60634438571
-12005.057097158993
-12014.463504225598
-12023.702335868269
-12033.125735720008
-12042.421691408194
-12051.053255849343
-12060.140049984906
-12069.146502178703
-12077.931323505447
-12086.404359242379
-12091.473019538815
-12103.332800930355
-12111.872695377766
-12120.250251115125
-12128.47284690587
-12137.150783424666
-12145.59357590036
-12154.070801324597
-12163.020282255526
-12171.843858929094
-12180.723672605005
-12189.545635353494
-12198.75291323392
-12207.542464707756
-12216.9120723226
-12221.638072192982
-12235.504076827674
-12245.147604762413
-12254.647789782899
-12264.086658956128
-12273.516192982805
-12283.03084264851
-12292.740919704025
-12302.080607082988
-12311.839721860626
-12321.33478813909
-12330.92943208486
-12340.668405074623
-12349.685833404463
-12359.729067459859
-12365.07262499514
-12378.759701177709
-12388.161058704567
-12397.341960086636
-12406.302819870856
-12415.06010380411
-12423.604899675598
-12432.022610999291
-12440.918478489588
-12449.452608393392
