y
0.04001828328
0.01740096028
0.00118034075
-0.01443165646
-0.02977757327
-0.04357493712
-0.05667354586
-0.06879112722
-0.07842646414
-0.08676588393
-0.09229672822
-0.09539106258
-0.09554689357
-0.09310472941
-0.08832079201
-0.08133506357
-0.07216316490
-0.06094116772
-0.04823830826
-0.03382629504
-0.01907006351
-0.00345146098
0.01193765740
0.02728270622
0.04167938016
0.05490893279
0.06689789464
0.07773972833
0.08651620444
0.09336012329
0.09796687158
0.10058725380
0.09998862260
0.09641581559
0.09091810824
0.08343593903
0.07345118744
0.06188544225
0.04959884974
0.03520971438
0.02002265798
0.00384318069
-0.01241889536
-0.02748262486
-0.04226137535
-0.05548133110
-0.06716593652
-0.07746496075
-0.08557181047
-0.09190048030
-0.09508254673
-0.09596927990
-0.09402372131
-0.08948952936
-0.08254743831
-0.07332804704
-0.06222543986
-0.04932296256
-0.03510865599
-0.01996595430
-0.00406080780
0.01149805166
0.02756515447
0.04248083921
0.05591755905
0.06803380175
0.07791900407
0.08684095247
0.09375185914
0.09790747409
0.10035783860
0.10074000720
0.09876067987
0.09448296138
0.08748034459
0.07860604535
0.06791475005
0.05562265140
0.04231459659
0.02769104913
0.01195428432
-0.00353198871
-0.01891516917
-0.03395526803
-0.04763068680
-0.06022405474
-0.07150346144
-0.08060822016
-0.08786351088
-0.09270230611
-0.09505671534
-0.09487508501
-0.09218104503
-0.08694397897
-0.07918051781
-0.06908582998
-0.05719473936
-0.04386443708
-0.02903969682
-0.01378047152
0.00168310707
0.01698307551
0.03206262263
0.04576491464
0.05871724575
0.07035307831
0.08049958672
0.08879879538
0.09503184727
0.09894266696
0.10084493460
0.10009818270
0.09694011439
0.09143927761
0.08355089436
0.07370342580
0.06246828507
0.05000554734
0.03538381714
0.02068170044
0.00442726674
-0.01048835831
-0.02560129425
-0.04072724924
-0.05328707365
-0.06590415596
-0.07611639403
-0.08453121860
-0.09047891342
-0.09439907330
-0.09556045241
-0.09438449084
-0.09062026085
-0.08442418784
-0.07582392799
-0.06503802112
-0.05235138512
-0.03827484234
-0.02311220105
-0.00805203557
0.00699627293
0.02174552719
0.03651332234
0.05026303333
0.06287385121
0.07453769582
0.08364609668
0.09144655898
0.09687864827
0.09967872793
0.10071522970
0.09908475739
0.09549368339
0.08970930227
0.08105395596
0.07089995590
0.05888113001
0.04537813023
0.03102096437
0.01579561414
-0.00065452510
-0.01579884668
-0.03063212523
-0.04481291750
-0.05742944402
-0.06926206214
-0.07903246696
-0.08660910754
-0.09189029206
-0.09472762162
-0.09512104888
-0.09284734065
-0.08827887621
-0.08130762112
-0.07201371127
-0.06120188495
-0.04834113679
-0.03443577239
-0.01991319705
-0.00452679909
0.01080168953
0.02550063150
0.03984036057
0.05353179096
0.06582179583
0.07673178040
0.08548429267
0.09266269328
0.09764153803
0.09997275168
0.10035965150
0.09827176382
0.09377016406
0.08703036179
0.07855390050
0.06809821258
0.05573828487
0.04242837706
0.02754576887
0.01202514295
-0.00429036276
-0.02012996241
-0.03523038302
-0.04945148856
-0.06188665227
-0.07293264296
-0.08194836405
-0.08868218641
-0.09325020219
-0.09513476240
-0.09464106962
-0.09218055467
-0.08694434137
-0.07980576756
-0.07012846737
-0.05852533150
-0.04527204852
-0.03098794352
-0.01553691231
-0.00011693961
0.01556822438
0.03039427023
0.04458814853
0.05759212353
0.06968121148
0.08018047452
0.08858837706
0.09503078264
0.09905421283
0.10095575610
0.10062245370
0.09790258474
0.09273004235
0.08539439658
0.07603512394
0.06472107568
0.05216144744
0.03770250100
0.02251678509
0.00636043864
-0.01021773721
-0.02544156808
-0.04020760795
-0.05406128250
-0.06535022585
-0.07562379968
-0.08417919883
-0.09044040181
-0.09405716137
-0.09541178630
-0.09416898131
-0.09048436859
-0.08432368261
-0.07606578001
-0.06532160803
-0.05342658085
-0.03973352014
-0.02522822439
-0.01012314508
0.00515297926
0.02001187436
0.03459739788
0.04819122606
0.06056860047
0.07208402227
0.08185736916
0.08970866390
0.09564148633
0.09915336837
0.10053889690
0.09967717104
0.09624179389
0.09041979067
0.08247918110
0.07259052667
0.06061415912
0.04812909315
0.03320608112
0.01760530218
0.00142510224
-0.01382366605
-0.02901663129
-0.04399979044
-0.05685531382
-0.06836763811
-0.07859541666
-0.08594510059
-0.09162055130
-0.09467031084
-0.09512279053
-0.09349998833
-0.08909910916
-0.08232346753
-0.07325578676
-0.06213497450
-0.04925503473
-0.03550915382
-0.02107873220
-0.00565129554
0.00935675615
0.02405610619
0.03865894357
0.05183164101
0.06412553477
0.07550269908
0.08420709587
0.09139140670
0.09685180321
0.09969927189
0.10079588520
0.09918382959
0.09481026352
0.08871674876
0.07960479873
0.06932403285
0.05783007699
0.04401514672
0.02975982221
0.01365848842
-0.00207398679
-0.01843184731
-0.03326773764
-0.04736665762
-0.06014683991
-0.07154219625
-0.08035654993
-0.08776981594
-0.09283934953
-0.09513892094
-0.09515308502
-0.09278385307
-0.08763809246
-0.08000318696
-0.07041773327
-0.05887059353
-0.04597522256
-0.03173133210
-0.01675825036
-0.00108872498
0.01395345132
0.02899508806
0.04297829094
0.05602535786
0.06774735635
0.07828810023
0.08640037169
0.09323846171
0.09787830603
0.09980117627
0.10025102140
0.09787262534
0.09325701820
0.08647875989
0.07722753986
0.06624243997
0.05428088522
0.04043306498
0.02546434177
0.00968410898
-0.00659192652
-0.02199902226
-0.03682581932
-0.05109374579
-0.06321839677
-0.07422599537
-0.08307806869
-0.08990145650
-0.09392332362
-0.09568405407
-0.09508143231
-0.09184566448
-0.08612708696
-0.07835165779
-0.06850500107
-0.05636143441
-0.04302195773
-0.02859842418
-0.01345696688
0.00189704904
0.01695698309
0.03171822027
0.04584227358
0.05936060293
0.07075934826
0.08116911282
0.08934278622
0.09543947444
0.09904046649
0.10064153260
0.10021636290
0.09728017498
0.09178475198
0.08410334581
0.07454540290
0.06279705682
0.04982815360
0.03567376207
0.01991826589
0.00462400389
-0.01149642604
-0.02629355575
-0.04081922242
-0.05415088237
-0.06589485710
-0.07634204112
-0.08446525718
-0.09052355579
-0.09388692278
-0.09522357111
-0.09374035665
-0.09014682097
-0.08377497336
-0.07510853581
-0.06426700786
-0.05206348138
-0.03800116525
-0.02321471706
-0.00805405022
0.00684218302
0.02189324711
0.03632473395
0.04986329678
0.06252336097
0.07385424148
0.08341782760
0.09086092103
0.09650208233
0.09976124828
0.10082319780
0.09962150772
0.09605512015
0.08998608335
0.08187175725
0.07156258241
0.05989357031
0.04679308778
0.03172149617
0.01655038857
-0.00027956857
-0.01550368608
-0.03006197044
-0.04441938022
-0.05774263171
-0.06889888853
-0.07872663865
-0.08637808877
-0.09183225905
-0.09466867402
-0.09517540616
-0.09290538115
-0.08831239013
-0.08135358163
-0.07175216520
-0.06073251791
-0.04777630758
-0.03395053789
-0.01916686275
-0.00361821312
0.01137754359
0.02638041570
0.04025636651
0.05370517837
0.06573550570
0.07670285809
0.08509544372
0.09217443552
0.09718310088
0.09957373595
0.10046395990
0.09906367203
0.09454454072
0.08791340046
0.07937205382
0.06858847093
0.05610938375
0.04218528180
0.02766161022
0.01264375023
-0.00357479528
-0.01899232417
-0.03405090604
-0.04759164011
-0.06060769629
-0.07164589837
-0.08098798429
-0.08830705440
-0.09273230019
-0.09498003732
-0.09459373068
-0.09183097797
-0.08652944167
-0.07922854571
-0.06953253394
-0.05800490204
-0.04506069396
-0.03075604486
-0.01597084775
-0.00076489051
0.01481751529
0.02954444605
0.04352369981
0.05661160913
0.06871708685
0.07910336289
0.08743691531
0.09434305567
0.09880200658
0.10071611370
0.10066710090
0.09796235127
0.09318671483
0.08557067552
0.07624058295
0.06516894093
0.05261861319
0.03871305374
0.02360930404
0.00787079550
-0.00915719672
-0.02384471717
-0.03874004718
-0.05195238014
-0.06434081393
-0.07467438213
-0.08317492835
-0.08957363171
-0.09328970590
-0.09480425007
-0.09384509738
-0.09048178246
-0.08438912712
-0.07629484322
-0.06605853183
-0.05358410418
-0.04011024307
-0.02584117843
-0.01051858852
0.00464796941
0.01950547501
0.03423491131
0.04786516945
0.06068029198
0.07214886262
0.08151394870
0.08907672239
0.09503962712
0.09853405767
0.10003558140
0.09961627054
0.09662474217
0.09112916075
0.08354877089
0.07368385958
0.06197674863
0.04928907386
0.03494706106
0.01974186671
0.00370987679
-0.01245991643
-0.02730721416
-0.04196109247
-0.05523916976
-0.06663200393
-0.07729723327
-0.08552551578
-0.09161621704
-0.09460089656
-0.09553589755
-0.09383184280
-0.08989602356
-0.08324221238
-0.07456891199
-0.06367248807
-0.05125833510
-0.03736763828
-0.02217028222
-0.00702972430
0.00832316553
0.02320454694
0.03784070714
0.05140849134
0.06355857538
0.07481783479
0.08364357655
0.09093081451
0.09648156286
0.09959206517
0.10068116050
0.09913713049
0.09506840940
0.08872007871
0.08036222377
0.06997171560
0.05795864595
0.04459444431
0.02978811222
0.01403998570
-0.00185861931
-0.01756768182
-0.03243859524
-0.04656343163
-0.05891201327
-0.07010370613
-0.08019373315
-0.08733464047
-0.09233750047
-0.09497360869
-0.09515923153
-0.09277393515
-0.08781412793
-0.08054444819
-0.07103523297
-0.05954731059
-0.04649751320
-0.03235952823
-0.01747304939
-0.00212897681
0.01317172044
0.02806138013
0.04194032890
0.05511195914
0.06688762744
0.07776236546
0.08626372616
0.09317009332
0.09775343339
0.09971843096
0.10012608030
0.09789965535
0.09283414386
0.08626297620
0.07731316613
0.06627635539
0.05390162334
0.04052897930
0.02555569616
0.00959921294
-0.00561584220
-0.02136090555
-0.03615050196
-0.05028183218
-0.06214147122
-0.07322488673
-0.08194026175
-0.08878754750
-0.09309671308
-0.09481768879
-0.09447164462
-0.09129186610
-0.08593403547
-0.07819161387
-0.06807129568
-0.05611289616
-0.04284432669
-0.02821871107
-0.01281858894
0.00236149437
0.01734029950
0.03234118038
0.04593307668
0.05843693820
0.06971878608
0.07995795741
0.08798725475
0.09423536558
0.09976948808
0.10050561160
0.09881203464
0.09486830906
0.08812872532
0.07964803390
0.06927705800
0.05736471332
0.04401814560
0.02942051551
0.01431094716
-0.00106270200
-0.01686325237
-0.03261164981
-0.04601784572
-0.05852426886
-0.07002258412
-0.07972420143
-0.08716709002
-0.09224066325
-0.09461464816
-0.09463675027
-0.09209705789
-0.08658996371
-0.07959182519
-0.06978250672
-0.05830778752
-0.04503781687
-0.03109407714
-0.01611496654
-0.00092046041
0.01424846451
0.02917779094
0.04307114525
0.05614802424
0.06814934290
0.07850743706
0.08691517318
0.09373278542
0.09797409267
0.10021374710
0.10016553680
0.09780572038
0.09318975739
0.08590627996
0.07733216794
0.06588854223
0.05402106057
0.04049073621
0.02552239063
0.00964891077
-0.00637125543
-0.02169106160
-0.03654175504
-0.05039402123
-0.06289153710
-0.07356720567
-0.08246851152
-0.08890263321
-0.09335530494
-0.09515908708
-0.09435796889
-0.09105263226
-0.08517794053
-0.07740896211
-0.06707871073
-0.05501270764
-0.04140974192
-0.02688180674
-0.01163418368
0.00373265439
0.01879569588
0.03362953187
0.04707309983
0.05958424420
0.07103445182
0.08078971220
0.08862086384
0.09491756923
0.09887289405
0.10059879170
0.10003952860
0.09698535139
0.09143449604
0.08392446631
0.07371590040
0.06227787161
0.05015502945
0.03617086185
0.02123467885
0.00603642732
-0.00965256331
-0.02513116221
-0.03963983831
-0.05336014092
-0.06524614163
-0.07598987566
-0.08416542530
-0.09037908776
-0.09392541004
-0.09492485849
-0.09363430508
-0.08958604332
-0.08318984912
-0.07447806511
-0.06391505020
-0.05196565147
-0.03850824284
-0.02359999647
-0.00845973007
0.00655849579
0.02159793163
0.03617146831
0.04980966357
0.06279696817
0.07434769595
0.08366046567
0.09115275935
0.09666890354
0.09991672748
0.10075939520
0.09928001516
0.09551016335
0.08952437098
0.08171334918
0.07166166824
0.06019011561
0.04706418187
0.03255718595
0.01760806169
0.00137390813
-0.01405948685
-0.02960597618
-0.04456712743
-0.05809254685
-0.06933813184
-0.07912731880
-0.08712499349
-0.09242380403
-0.09482718096
-0.09515525322
-0.09325547727
-0.08837420016
-0.08138657102
-0.07223860227
-0.06128193899
-0.04867940294
-0.03446127685
-0.01939723995
-0.00389857036
0.01156796432
0.02711902810
0.04097657622
0.05409610166
0.06576876931
0.07672296301
0.08569894486
0.09257384802
0.09777369182
0.10010139230
0.10053892850
0.09852487457
0.09425375250
0.08754103585
0.07935864720
0.06881782950
0.05667545708
0.04322659051
0.02872536498
0.01286697687
-0.00267717123
-0.01895348884
-0.03350187437
-0.04742189814
-0.06019524883
-0.07160213783
-0.08078421057
-0.08784408253
-0.09275011124
-0.09485239683
-0.09472272505
-0.09167104055
-0.08655784601
-0.07903401701
-0.06925916350
-0.05755638067
-0.04408558772
-0.02988688392
-0.01490089963
0.00037147572
0.01542294320
0.02986264299
0.04403143699
0.05711517901
0.06925868662
0.07968091031
0.08798868138
0.09436975227
0.09834784311
0.10016042650
0.09998515839
0.09736635227
0.09206256025
0.08511986146
0.07595077615
0.06475333477
0.05243235450
0.03829921592
0.02305785921
0.00792042654
-0.00790435511
-0.02351017274
-0.03781994151
-0.05118766806
-0.06351574218
-0.07446716814
-0.08320397653
-0.08945626188
-0.09341028747
-0.09467381514
-0.09344315890
-0.08991425209
-0.08413826883
-0.07612107479
-0.06572160103
-0.05344674653
-0.04014254662
-0.02549851541
-0.01072134325
0.00439480373
0.01945220170
0.03374989088
0.04759404894
0.06050777296
0.07198147953
0.08189771732
0.08984786231
0.09559783049
0.09916840361
0.10046857110
0.09958666082
0.09609127145
0.09063520298
0.08285720246
0.07305574463
0.06189910276
0.04927489448
0.03492938384
0.01970850324
0.00412489328
-0.01157209978
-0.02731566600
-0.04199334561
-0.05557447417
-0.06704180830
-0.07736960206
-0.08475906148
-0.09058911897
-0.09395630323
-0.09474446638
-0.09289688449
-0.08853540862
-0.08201313916
-0.07299431268
-0.06257458428
-0.05013262755
-0.03649376703
-0.02186440276
-0.00660349691
0.00861190204
0.02380709198
0.03842675455
0.05211671668
0.06477219899
0.07563708125
0.08513758591
0.09211773467
0.09726939739
0.10022675440
0.10091200610
0.09940775357
0.09547977647
0.08923760877
0.08083890201
0.07084393286
0.05917620389
0.04614580586
0.03160853621
0.01655668079
0.00084640527
-0.01496822484
-0.02990836448
-0.04462183366
-0.05798476481
-0.07000622025
-0.07975168542
-0.08711695610
-0.09226482414
-0.09451628093
-0.09461616490
-0.09180060747
-0.08668866739
-0.07979773756
-0.06980548351
-0.05882088076
-0.04596921057
-0.03227433872
-0.01704873089
-0.00190072801
0.01305757098
0.02797969562
0.04231460215
0.05597656769
0.06752731566
0.07853920382
0.08689029572
0.09375472113
0.09842459712
0.10067314710
0.10090450410
0.09842506849
0.09347534664
0.08650196286
0.07772824524
0.06716864924
0.05511418546
0.04135926935
0.02672338789
0.01072133688
-0.00569792588
-0.02112843621
-0.03549787449
-0.04989756169
-0.06255028929
-0.07352607436
-0.08258626221
-0.08926332761
-0.09362503577
-0.09538207895
-0.09455906376
-0.09127210117
-0.08555390894
-0.07787053207
-0.06778034932
-0.05580185706
-0.04255235712
-0.02791628378
-0.01250010566
0.00329535651
0.01852377609
0.03315076898
0.04695473805
0.05930084777
0.07092900683
0.08072217158
0.08855282607
0.09475972192
0.09882554870
0.10071133780
0.10045431820
0.09734872251
0.09199896162
0.08453286735
0.07536160612
0.06399477515
0.05177461384
0.03794403230
0.02236394961
0.00733257210
-0.00870985610
-0.02450234869
-0.03911576826
-0.05294360531
-0.06427772856
-0.07465475249
-0.08358970235
-0.08976829755
-0.09358629837
-0.09460320713
-0.09320939717
-0.08932897349
-0.08307753114
-0.07459835749
-0.06422035754
-0.05222026269
-0.03845188984
-0.02393354044
-0.00872077929
0.00656374569
0.02153711045
0.03616632991
0.04979740697
0.06236255527
0.07382156562
0.08355787053
0.09087404169
0.09637532044
0.09946228898
0.10035878940
0.09899346191
0.09517239043
0.08950131516
0.08161088661
0.07188653354
0.06012171799
0.04741832006
0.03302450980
0.01842023575
0.00324463212
-0.01211430522
-0.02677859096
-0.04136762919
-0.05446115170
-0.06634519846
-0.07681938545
-0.08485227917
-0.09054277213
-0.09380231279
-0.09412957455
-0.09213845132
-0.08784140536
-0.08125089543
-0.07230212177
-0.06149822113
-0.04911557634
-0.03532753696
-0.02046709328
-0.00540910320
0.00989621260
0.02500052434
0.03987596269
0.05361519263
0.06631790224
0.07700117235
0.08623166650
0.09302981374
0.09787074144
0.10049826460
0.10068987910
0.09890528159
0.09448095794
0.08813887797
0.07973386898
0.06931946126
0.05767366697
0.04384170976
0.02921486000
0.01400001762
-0.00176616379
-0.01772119713
-0.03281731652
-0.04701850735
-0.05969305785
-0.07061196268
-0.08011095397
-0.08699823883
-0.09198916147
-0.09413761835
-0.09403100223
-0.09122216174
-0.08601681288
-0.07852515194
-0.06867027700
-0.05684254322
-0.04350286228
-0.02908673416
-0.01415444842
0.00115851267
0.01610853139
0.03094709213
0.04456529915
0.05722551645
0.06873998890
0.07886419922
0.08662169331
0.09299705373
0.09747308485
0.09940146387
0.09988822486
0.09765115933
0.09300052869
0.08593936903
0.07698772896
0.06564321075
0.05280695206
0.03896983186
0.02405785606
0.00863735618
-0.00728569011
-0.02195973351
-0.03676946343
-0.05064753047
-0.06291022657
-0.07391299116
-0.08252489060
-0.08921972915
-0.09304010652
-0.09465461334
-0.09381364591
-0.09043451978
-0.08483540014
-0.07680128816
-0.06662014782
-0.05441821138
-0.04118429015
-0.02643837340
-0.01145275681
0.00395849784
0.01930804777
0.03383121497
0.04755479664
0.06020489410
0.07156261968
0.08135107230
0.08890447284
0.09496956887
0.09863225993
0.10029389190
0.09972840489
0.09651595653
0.09102956931
0.08346385125
0.07364959356
0.06231345686
0.04926942537
0.03486634148
0.01870777592
0.00339123774
-0.01210035816
-0.02804956708
-0.04264769601
-0.05633064469
-0.06755449286
-0.07752599636
-0.08545040513
-0.09112285771
-0.09417850943
-0.09475868960
-0.09290591184
-0.08879447445
-0.08217106507
-0.07327531523
-0.06282866360
-0.05018150926
-0.03647450113
-0.02161807941
-0.00610053254
0.00955380382
0.02468356948
0.03878344529
0.05203043611
0.06388779650
0.07494750968
0.08403408987
0.09098838133
0.09637199766
0.09899596975
0.09992070193
0.09831344730
0.09410958321
0.08800768745
0.07952290308
0.06905470696
0.05752152860
0.04461657359
0.03001609070
0.01514212768
-0.00117770008
-0.01659663121
-0.03178600225
-0.04603507837
-0.05892158875
-0.07021895557
-0.07972642850
-0.08669861216
-0.09175541469
-0.09406958516
-0.09409640207
-0.09147485354
-0.08655796523
-0.07912063558
-0.06941867588
-0.05807941760
-0.04536700887
-0.03129831654
-0.01622438602
-0.00109011167
0.01406398778
0.02861634524
0.04249771928
0.05583402747
0.06774376425
0.07832327901
0.08650776692
0.09323463566
0.09767327019
0.09973640080
0.09978818870
0.09719844101
0.09259007143
0.08526565383
0.07634623797
0.06584303539
0.05319272358
0.03918980725
0.02448523706
0.00871387806
-0.00676262754
-0.02175940024
-0.03620143376
-0.04988189455
-0.06233639815
-0.07282737671
-0.08193805595
-0.08830401469
-0.09251134215
-0.09428353306
-0.09330552017
-0.08995077311
-0.08412695244
-0.07614411593
-0.06619184395
-0.05424514698
-0.04104434199
-0.02637360337
-0.01115210314
0.00413585054
0.01881924400
0.03322903706
0.04687778143
0.06005463943
0.07103589294
0.08118635620
0.08882168049
0.09458810006
0.09804187141
0.09962335861
0.09894476105
0.09561586215
0.09042921939
0.07789145396
0.06728112300
0.05486154867
0.04317582111
0.02840755589
0.01292117617
-0.00261274235
-0.01831658345
-0.03354950477
-0.04735376974
-0.05984826845
-0.07052687524
-0.07990431842
-0.08687300347
-0.08990355547
-0.09370666098
-0.09360909940
-0.09099854038
-0.08560797978
-0.07818206373
-0.06865070468
-0.05718429949
-0.04403019687
-0.02947623322
-0.01532475663
0.00024156037
0.01576190712
0.03066640416
0.04437604918
0.05215940743
0.06886317965
0.07929490560
0.08735910556
0.09359573859
0.09772674544
0.09968201563
0.09962970906
0.09688013478
0.09195405959
0.08485623356
0.07577894308
0.06436938503
0.05219264872
0.03785699144
0.03031502021
0.00749418985
-0.00853437214
-0.02394415677
-0.03861180854
-0.05213206050
-0.06447275342
-0.07518167421
-0.08354544816
-0.08972376514
-0.09337729020
-0.09453825631
-0.09328179301
-0.08987943329
-0.08345524525
-0.07892053015
-0.06409666952
-0.05149903058
-0.03791858551
-0.02341256999
-0.00855771446
0.00628022016
0.02078594851
0.03578757636
0.04928479545
