r
0.1022188855368485
0.1051657706405049
0.10447842177908115
0.10464997848714386
0.104572124449024
0.10389782523563876
0.1045406691150063
0.10629490000285162
0.10569885414387735
0.10512203011574792
0.10511498000886824
0.1036489483009386
0.10355212325096455
0.10452132054747264
0.10458132802458345
0.10482178581248038
0.10420797421817729
0.10386878393354096
0.10321932989327376
0.1035793357144925
0.10320687800985551
0.10284191419425845
0.1018310835601172
0.10087494144282813
0.10077344791288304
0.10098520771207321
0.10152222602182817
0.10151957809545496
0.10078704774681821
0.10042031203705194
0.0987526782660268
0.09900313012400702
0.1000900135263293
0.10032336932986614
0.1002594597729331
0.09919242862990259
0.09746659553815293
0.09673591492119986
0.09714852800581322
0.09785626207964629
0.09866182007376857
0.09887552336978792
0.09838829869920272
0.09820543489649268
0.09843295505616638
0.09890362542876804
0.09947682811430505
0.0997457800126211
0.09953873083191946
0.09936792492929353
0.09962450853401095
0.09988666749729651
0.10016092445918487
0.10054728576069365
0.10070806222177751
0.10117392360123188
0.10178257970676208
0.10278692200421483
0.10401872721791036
0.1043665618912065
0.10479542409922908
0.1049574381559177
0.10491827005253107
0.10472570844135816
0.10489895059664671
0.10533021640962756
0.10530973908618915
0.10530625764591492
0.10489006092159889
0.1046610562674675
0.10418992058576984
0.10427188738866014
0.10437745374052673
0.1043646128918372
0.10441458324029003
0.10359417152540751
0.10288668297643686
0.10222381589338606
0.10185095327993236
0.1015413203671447
0.10148648577423126
0.1013613470393846
0.10095508717177107
0.10059994618150059
0.10037093080157046
0.1003166353397153
0.10048423221246287
0.10046483251879021
0.1003694064473859
0.1001943838886386
0.09953727270963168
0.09913098862519348
0.09895795111304603
0.09889741783492449
0.09889235461625091
0.09863358065951242
0.0985132313768112
0.09850901578664101
0.09883159443371668
0.09947682896690295
0.09993507964165028
0.10057440848245607
0.1005961253472615
0.10065414172151094
0.10088216991980117
0.10102508272316886
0.10146372467086379
0.10164636236817425
0.10204496355780819
0.10202556698948063
0.10241503854334542
0.1026005824960559
0.10331131747647734
0.10408013165195205
0.10453444647516248
0.10511055186409272
0.10577130464327708
0.10620195656376748
0.10668263637492764
0.10689624630879915
0.10719398676628909
0.10711443255283114
0.10715756508330636
0.10719440882919865
0.10731902198238981
0.10736563221490382
0.10749299243021668
0.10755640647424528
0.10731890152348916
0.10741436448430434
0.1071850545129918
0.10694201044434512
0.1068888563325893
0.10631048456939267
0.10602984060866939
0.10495845894649361
0.104321732808642
0.10368587499203646
0.10314765131512765
0.10281588937553476
0.10264796085981075
0.10273585569236002
0.10252609963808208
0.10249686874084545
0.10244791804573565
0.1021694268530791
0.10182615904096061
0.10141146808190142
0.10110101279232678
0.10099651299862872
0.10060524038280189
0.10021345865288626
0.10006203024898226
0.09995175599483679
0.09983551573065116
0.10007722768882735
0.10049914700495806
0.10076330725700446
0.10105922127885843
0.10133100632025804
0.10146212042964643
0.10153687329626225
0.10153178659228192
0.101652968917181
0.10161556629043071
0.10180803806803113
0.10198121606941932
0.10233541793013204
0.10275026649960413
0.10322066405195265
0.10359676027502693
0.1040354319902955
0.10444574473514032
0.10466966393835558
0.10493693857191418
0.10516637898352878
0.10528238866842789
0.10529271332538157
0.10538301930646957
0.10546882832661301
0.10574879069409505
0.10585260966207609
0.10615109690695293
0.1063261373157498
0.10648509137771536
0.10662907205965289
0.10662740651888107
0.10659123085021993
0.10664066991660986
0.10625474850164315
0.10612959164429964
0.10584726967185135
0.10542618435415665
0.10501935913252623
0.10483037275076837
0.10412062654675001
0.10390306648110993
0.103717112232474
0.10365995685305025
0.1037644308148515
0.10358530692844445
0.1037073842726763
0.10356780864591297
0.10344392067778468
0.10331088759153545
0.10286027219664994
0.10245771120044907
0.10207512226632401
0.10185770215766518
0.10168006127022038
0.10134452408289177
0.10141424674019349
0.10131236869062014
0.10126135852937909
0.10146126495678363
0.10131702116308501
0.10167229834820153
0.10157279079281527
0.10131491149532403
0.10132674494599529
0.10113684653491166
0.10114147437314279
0.10110741569721
0.10111456340718754
0.10134342672938897
0.10166452036432742
0.10202020291291314
0.10236239460093383
0.1026292875793319
0.10288426000481442
0.10313299303365962
0.10324901619740412
0.10329006044870652
0.10334534882851107
0.10313888194869972
0.10332248409625115
0.10316518086118395
0.10322051376741598
0.10351568548658024
0.10371443940412599
0.10411326035453626
0.10450870277523472
0.10486143480219523
0.10509290671250011
0.10533624928407842
0.10547159746377786
0.10544627213712013
0.10552161618543787
0.1055749177839436
0.10545784087392948
0.1054308984074924
0.10538710952534289
0.10511352830160237
0.10528648237636773
0.10533794085396352
0.10535310684293817
0.10516717963375645
0.10515035800447908
0.10484836497282855
0.10478315806594028
0.10444530292281248
0.10423436664913244
0.10399360025449464
0.10342135226215395
0.1030185829356369
0.10262125628268312
0.10210716287789845
0.10191439116308802
0.10154012414613828
0.10166255377003215
0.10107377013479531
0.10095251690056599
0.10082795116212413
0.10095729690435937
0.10091042751175741
0.10085415597465115
0.10079711831759795
0.10078644853081696
0.10091179362187974
0.10118324569534179
0.1014759456726969
0.10194889799990926
0.10244548702524982
0.10324181718144206
0.10322864452594938
0.10425098955209157
0.10482404569136958
0.10511249335713292
0.10562106402827552
0.10566261228573517
0.10557799597808344
0.10579575790230278
0.10570898799343878
0.10587765638449233
0.10585091566076435
0.10611154070811815
0.10623991599716412
0.10655115174112469
0.1069002538448978
0.1071163240048675
0.10780263114560512
0.10820605458148788
0.10865781401425219
0.10889438211889513
0.10888992338526852
0.10907167468018711
0.10919542522829369
0.10902251939351003
0.1090642605463025
0.10906989500763023
0.1088638779493284
0.10872578533178344
0.10865184939174238
0.10829931206268896
0.10831431155513459
0.1075587977169125
0.10724340778382405
0.10670959676280717
0.10603326044267158
0.10514380781521272
0.10506248837417155
0.10429794010309527
0.10390990381440977
0.10345949325563722
0.10277850258621288
0.10246575938423055
0.10212524143678645
0.10170060317705426
0.10124970666940278
0.1015601860269095
0.1010415608266488
0.10076691992922371
0.10070788083230757
0.10086496512646899
0.10100479846644235
0.10113097313805391
0.10145073176469585
0.10141751919669859
0.10187786266580919
0.10210258965723909
0.10242681101714507
0.1027802932704161
0.10310888890619478
0.10360635371699711
0.10345331184696431
0.1042159092356302
0.10453037051650715
0.10470955760553825
0.10492117068271616
0.1049067020874851
0.10493258601749764
0.10498658877162047
0.10505886365403777
0.10497629776329218
0.1051181848041845
0.10515526603437063
0.10546489133920918
0.10554919915980261
0.1061769042878472
0.10582008397843042
0.10655913465431653
0.10684337051500513
0.10726288442788327
0.10742207113524486
0.10751246149468688
0.10762602007854433
0.10767003660564267
0.10740474567267196
0.10745703203391148
0.1070769553593358
0.10714912425822626
0.10712241068550096
0.10685792405238753
0.10679497283669837
0.10669920675587466
0.10623804309120453
0.10596658062368029
0.1055782383620484
0.10497812062175411
0.1047086167327756
0.10435000922467998
0.1038859737627234
0.1035423713243821
0.10337190735903097
0.10301554191221343
0.10286955634360882
0.10251561650722009
0.10218553234174055
0.10198697801348036
0.10196122400280552
0.10148434127788236
0.10130367410450086
0.10101518250757811
0.10075989770782823
0.10061120259673012
0.10050486758893049
0.10037731317913934
0.1003959917877984
0.1003293775917842
0.10037792942946779
0.10056314843761158
0.1006433641218591
0.10088532500232593
0.10128002440827893
0.10105599551839571
0.10170353883164968
0.10200451023862327
0.10232121255184072
0.10279936604158675
0.10297486064167007
0.10350198525175745
0.10407629224966769
0.10449749935768185
0.10460323680311104
0.10515327619278667
0.10536294030078171
0.1060802861917463
0.10661248059012349
0.10704616778378448
0.10704299142101062
0.10800389047196468
0.10821571144381795
0.10880095634322895
0.10888293896333125
0.10921795116013838
0.10935266796539272
0.10930653083756467
0.10928949198356308
0.10940305198435799
0.10949287300556296
0.10941967516782705
0.10941565085181343
0.10919886474179398
0.10918549706123237
0.10888702023827218
0.10859729998536141
0.10828058683507591
0.10790136381456078
0.10744695463512785
0.10685446871565164
0.10647965454013844
0.10593308908688723
0.10551416952975337
0.10514820679164934
0.10491871527414026
0.10449291944844699
0.10412744620557418
0.10385636370457656
0.10342606592648486
0.10334773479584224
0.1025143435370787
0.10206518350483279
0.10163510730530943
0.10124495169165332
0.10108242159478197
0.10065998520652363
0.10067839448277592
0.10055078730208288
0.1005260073651297
0.10057691320120182
0.10068695425061466
0.10096334334021109
0.10117350244957017
0.10152267821064064
0.10162124428839267
0.10207686817691784
0.10269190951989739
0.10297716352396577
0.10354605503321136
0.10420343358922766
0.10473245264365678
0.10522607562745928
0.10566793633313781
0.10609131186362285
0.10664312433105541
0.10706580216819732
0.10733400304185194
0.10747072551900905
0.10779251980349133
0.10766507685640533
0.10793402960738624
0.10777438509201616
0.10786991894729989
0.10774695933446238
0.10755038547117847
0.10768210445995532
0.1074285277244067
0.10740223247214035
0.10743901573458654
0.10734294091075836
0.10716781396970274
0.10721773897887517
0.10692883337859377
0.10672739698590737
0.10649987861304412
0.1059949802723004
0.10590434916295732
0.1055066374471265
0.10529296000953235
0.1048956409252718
0.10443672647572172
0.10422497404336263
0.10392684857639765
0.10368841069655882
0.10345104547192398
0.10360746396264417
0.10329583274158637
0.1029475057216855
0.10265790634707642
0.10209041117652873
0.10190637241702268
0.1015124680251918
0.10135314765308201
0.1010531658506099
0.10122593365545181
0.10123727682151422
0.10151805901407442
0.10173828236908307
0.10190126432945881
0.10215282242727702
0.10261710876355751
0.10296917162495037
0.10337534764326681
0.10377611499729243
0.10403135578473166
0.10449801851474909
0.1047099996984993
0.10523768109197565
0.10562430219678956
0.10617083049195147
0.10670425138471426
0.10727260822898875
0.10777041812836587
0.10826686155444153
0.10866192714366837
0.10889838034663803
0.10914328265864967
0.10922808877766438
0.10965259650117476
0.10937269261412287
0.10955757681315086
0.10971950791985621
0.11004677289023432
0.11010763614357337
0.11019041472922575
0.11035542915491126
0.11039483110908918
0.11049380812128815
0.11050099270286128
0.11023496432144965
0.11017915316863072
0.10986212118598512
0.10935988599957393
0.10901207696825302
0.1088326232393396
0.108313502404108
0.10802778490930866
0.10727442016672437
0.106996824517683
0.10647131009082447
0.10596943221801106
0.10529133940381838
0.10475764800898127
0.10443443066974163
0.10353472104240194
0.10337563764939485
0.10277029357369602
0.10231573964241596
0.10199987275450652
0.10180864264567091
0.1016429713191269
0.10135674316715804
0.10120858142032586
0.10157424661197667
0.1015961828747959
0.10199490361760245
0.10226423308148729
0.102364998177787
0.10279619754995083
0.1028903383345914
0.10308576014092623
0.1035064160352431
0.1038702293636213
0.10430073254539013
0.10421755307013114
0.1046233330732227
0.10490957820477645
0.10519016428131063
0.10553816597322936
0.10584264056727723
0.10603427824989156
0.106187730626398
0.10632224686056167
0.10633741386907014
0.10624818594263977
0.1061694632716084
0.10621214241476057
0.10623471134493641
0.10625452567329431
0.10635665382647723
0.10653579460787042
0.1068259461176397
0.10713193129851631
0.10748076295542372
0.1077373190328642
0.10778811930210072
0.10815010296503452
0.10813913585029747
0.10816697656802877
0.10819792203058833
0.10796952002189275
0.10784414673347544
0.1076846922861391
0.10753296297237257
0.10767982476702523
0.10770823233965654
0.10757013523490329
0.10765312382439467
0.10759466239625425
0.1072477134429868
0.10720403885077863
0.1068378249142571
0.10643625611512263
0.10630541166972919
0.10600843152812602
0.1055450485522266
0.10539410742344091
0.10566075831940037
0.10508525633652126
0.10497677162196122
0.10515017185297942
0.10526738079150005
0.10524481966220006
0.10515548406330258
0.10532836015401721
0.1054800254179966
0.10541872028432027
0.10543670319699794
0.10519600917374433
0.1050134309428575
0.10490497460289276
0.10485529910582388
0.10506895970488016
0.10531853885144248
0.10549846007379515
0.10564644974160667
0.10600441012702222
0.106281725332435
0.10626657729178655
0.10630145197069002
0.10626416090522929
0.10649421766016175
0.10649967851557085
0.10644391875647785
0.10626297368850685
0.10665521194850128
0.10658494673036574
0.10701981561239093
0.10764565538451033
0.10781964455730175
0.10867858962707566
0.10907594115892302
0.10938777548635455
0.10992644595000277
0.10995263707894902
0.11015521665463647
0.10999382702039452
0.10986325695469709
0.10966560506080222
0.1096258551274932
0.10943483168852593
0.10948342988129961
0.10931374934889705
0.10947905547097521
0.10947433384745708
0.10939410438906122
0.10925068079181871
0.1090714942037678
0.10890067618013864
0.1083542578845298
0.10799818314264113
0.10729882074163634
0.1070566659970183
0.10627583656381331
0.1060185118075535
0.10583942610653684
0.10557481781983127
0.10533386311765415
0.10517545282308645
0.10529941694429616
0.10475656813765107
0.10443950394176382
0.10385161573533627
0.10332388959912514
0.10291789769885801
0.10290747704265621
0.102814754831351
0.10260370501137377
0.1027417334696902
0.10283009277999482
0.10324649532351232
0.10323216614157718
0.10372131583228511
0.10399362191256482
0.1039981924399487
0.10460748085309113
0.10467416278821874
0.10486529940694993
0.10489330585874626
0.10509691275935595
0.10515244595460636
0.10536761373095592
0.1054105945550284
0.10572644297917563
0.10593941344591773
0.10614683675126364
0.1063785103814425
0.10665132020919732
0.10686234878432517
0.10696864710180347
0.1073783338135526
0.10726916655195062
0.10725543104404361
0.1074447412644002
0.1070512387501162
0.10706872277854426
0.10679782073413659
0.10676927354645667
0.10690963813722891
0.1068634509061689
0.10700584587835754
0.10683484363238085
0.10688526162881005
0.10686890346166246
0.10717432502675382
0.1069490313959651
0.1069876199767819
0.10661253265266137
0.1063156309228718
0.10589331267887507
0.10540768892421881
0.10523017675393373
0.10498768005219715
0.1046078582836576
0.10465634434279023
0.10420959837926728
0.10412494516083132
0.10376423360910443
0.10345343473379616
0.10341338413955094
0.10266276353399767
0.10206201417983161
0.10151446966706991
0.10093267172580911
0.10040388256417447
0.10032163218996916
0.10034558797523048
0.10025609454090241
0.10060616264405546
0.10098445052130971
0.10137902537926033
0.10166768472842568
0.10211951990063846
0.10246878478969726
0.10256813903638953
0.10310900152822097
0.10350816247373296
0.10395714846872438
0.10415373325661671
0.10452714368384344
0.10492571309935045
0.10535807903221656
0.10588785276993197
0.10629265812328985
0.106771852121347
0.10735658795768839
0.10746041434607939
0.10783527537102584
0.10794195695981375
0.10797980101024644
0.108299697380127
0.10849128122789867
0.10861665124868711
0.1086736315494439
0.10867617611423945
0.10887718820994323
0.1089969471988298
0.10894546636583044
0.10922140447697218
0.10910721087158921
0.10925348742154362
0.10909135110894952
0.10884953329149322
0.10843932079765013
0.10823332845034825
0.10752921061604537
0.10726398523287024
0.10687162695906331
0.1066206269340036
0.10615215520652956
0.10556671800443328
0.10517377812300119
0.10472623981742217
0.10439499054306324
0.10382029922067551
0.10325975779497101
0.10273513656425912
0.10230636714998378
0.10143488985565866
0.10111976152438164
0.10027350356375388
0.09978006548632494
0.09941771129369731
0.09922086440972722
0.09916491351324816
0.09907761322869085
0.09920331851113764
0.09938147637918718
0.099678141258273
0.09989003840901624
0.10018676143266073
0.10060612274526454
0.1007847406656474
0.10122624925848328
0.10131782366458394
0.10188080595876368
0.10226291462978503
0.10287629168550333
0.10346982580426344
0.10418928893519071
0.10479157963337882
0.10536325705127476
0.1056738798084862
0.106283254988335
0.1066866903210584
0.10689432752536597
0.1070055496680649
0.10729487630960521
0.1072640266029799
0.10713724675062782
0.10759153043872519
0.10769130862477318
0.108024318172571
0.1082315259165484
0.1084696372712531
0.10886601992368869
0.10910178758533336
0.10924498669809173
0.10948887267502723
0.10939563552321084
0.10942635063066548
0.10922311159244961
0.10900249759023642
0.10892026156028724
0.1086965356322159
0.10841780688114035
0.10812969792422299
0.10810305197990837
0.1078984835735871
0.10777719206270345
0.10757279698330889
0.10716112384078882
0.10664500702391577
0.10633632762955474
0.1057749949725652
0.10557807401742035
0.10478580073513695
0.1041063088366757
0.10384560639592179
0.10360998391841302
0.1030068592833497
0.10256170255614681
0.10255363414727467
0.10235558638929415
0.10209938283032988
0.1019045381863872
0.10191886922945517
0.10170388081153857
0.10186180335677912
0.10181369254781178
0.10186129462368418
0.10176530893161075
0.10205431739837639
0.10250590365786807
0.10259157837790604
0.10307018850373319
0.10385594219270405
0.10436000903340299
0.1049607169696198
0.10545945490952033
0.1058981503679986
0.10618594570318966
0.10647974635466417
0.10644745798671292
0.10671237411107966
0.10691800071018344
0.10699831420317006
0.10721784786764034
0.10719497591678998
0.10730463357315956
0.10772107894293143
0.10773256403346808
0.1077519837341824
0.10795509801001224
0.10812553452091413
0.10827204618236437
0.1084052966884377
0.108492013427514
0.10846503537641582
0.10836950082799736
0.10840696407950044
0.10826965245707766
0.10823658485457946
0.10801800351678265
0.108154395506684
0.10784934098988856
0.10772280413804523
0.10751061905926404
0.10726166559732489
0.10692634434565618
0.10661603257441069
0.1061306408301518
0.10569474243253028
0.10545040284623602
0.10469137733567808
0.104219420715981
0.10388537082125442
0.1032034820331395
0.10289834103198492
0.10246162189994956
0.10207494773199449
0.10197191016644626
0.10174911742597303
0.10159596619326682
0.10130579239284496
0.1012000437006759
0.10092897005740814
0.10102406837427069
0.10141510260563276
0.10150256463961192
0.10162373194256438
0.10196113178762416
0.10236556431262937
0.1026576701986986
0.10295319728801533
0.10384784763678014
0.1042729561218436
0.10473628712155945
0.10547952665796212
0.10590797783405624
0.10647123856587035
0.10668468236883677
0.10740848276270813
0.10761382637222427
0.10800319188435156
0.10829944890756196
0.10873257136162137
0.10904492160644268
0.10945172233392979
0.11002689383918207
0.11040607863200681
0.11061800048571993
0.1106654327942565
0.11094095283319774
0.11104994155835057
0.11112362034798506
0.1110525406772083
0.11124143192688925
0.11141556205450794
0.11128581023499869
0.11121314579600469
0.1110344253017801
0.11108263105990197
0.11102004856461492
0.11069827587843183
0.11057981551087283
0.11025380973860509
0.10979666136398203
0.10932425956742292
0.10890679895833197
0.10875890316413601
0.10837190360689604
0.10787845263076438
0.10742671068884772
0.106787110233981
0.1062203282942099
0.1056334167157793
0.10505531967229292
0.10404073924598865
0.10289976043174913
0.10204203902519227
0.10128838973397152
0.10092266088133395
0.10021744053902332
0.09960700956893484
0.0995770552526705
0.09875678997276538
0.09841665633672879
0.09823730633057703
0.09826509991441579
0.09835570495833029
0.098287959396524
0.098265454112795
0.09853400295989548
0.09845598782208138
0.09920551631205002
0.09954211878258624
0.09991971298302382
0.10065812580054755
0.10132027577954585
0.10177868801264787
0.10272028826432678
0.10356129486519153
0.10435029673842852
0.10487796639248138
0.10556406010431957
0.10628024522632804
0.10692663700953978
0.10728269433207045
0.10793297561386071
0.10842068571689462
0.10885615622243565
0.10968903243535147
0.11010953468553035
0.11060702698681271
0.11090654170592408
0.11088555540038639
0.11146301792418103
0.1115836904373702
0.11165522521871206
0.1118172378896049
0.11191958053514717
0.11209324393358239
0.11206278611153093
0.11252748079552208
0.1119449986542535
0.11180208063717392
0.11123027938172
0.11074521077962972
0.11049246754139858
0.10985931606511465
0.10932728039614388
0.10858979174236684
0.10810415881172679
0.10732281505255975
0.10639437116923592
0.10586061208649536
0.1047876289394825
0.10428391630772285
0.1037819253918691
0.10242556251517371
0.1017833686704728
0.10112942269907695
0.10052484097498043
0.1000567978975058
0.09939254634745902
0.09844845374442125
0.09796912215723207
0.09732670165296628
0.09716671787178373
0.09699550926520649
0.0969233633431308
0.0971602149267753
0.09748765226130363
0.09760686947736284
0.09829279112822133
0.09880061824586818
0.09957031629472982
0.1002861085808971
0.10107497845033812
0.10172354298817982
0.10257081459909045
0.10337153936332745
0.10413247042223044
0.10491015308494411
0.10540874417200582
0.1062188574141213
0.1067728496647848
0.10735515929787058
0.10818535350554047
0.10849180716140813
0.10895712775074105
0.10936670571705075
0.10972108311150047
0.11031071550325633
0.11007031573346382
0.1106033198613664
0.11090053092374226
0.11131904207369324
0.1113858495633588
0.11163351968480023
0.11144724518718577
0.11158283504540727
0.11132700285309467
0.11143872865730521
0.11085946875618793
0.11044316842971472
0.11034827911069665
0.10970324976256504
0.10910646880308959
0.10882103928837285
0.10817427940383649
0.1076000397394481
0.1068341307081338
0.10621502563240935
0.10568368529452594
0.10477856788230257
0.10369207797213313
0.10297181774194071
0.10207476663436361
0.10082426089673138
0.10003434626009274
0.09926271917642336
0.09855833701401803
0.09813189075323203
0.09752255964475891
0.09705338361627035
0.09650300716935112
0.09631696168675331
0.0960712589830562
0.09606527946981135
0.0962586826953491
0.09660892509127705
0.09679493616499875
0.09682578418849166
0.09779702806536847
0.09828220318738201
0.09891787600734521
0.09975402882773896
0.10061761162097081
0.10129785696290163
0.10223746849192221
0.10311860880494664
0.10393255299008457
0.10475602501956006
0.10547249113906734
0.10642440608105742
0.10697363126491286
0.10732963679248772
0.10833743367780246
0.10850221493758071
0.10920437037931
0.10982539414792669
0.11021951406742982
0.11081237431423903
0.11107217507274564
0.11141163043832748
0.11166695030441191
0.11148795127461615
0.11193659990597857
0.11179372909978116
0.11197590343293318
0.11168387723171995
0.11165838446691183
0.11175910701881729
0.11087897193966671
0.11078209149800021
0.11051920488218511
0.11005030773255026
0.10959368071908109
0.10914321766000706
0.10854742648649053
0.10793329120657968
0.1074632327989199
0.10674979070770868
0.1060320613889671
0.10522980635615385
0.10442303365396079
0.10360338729408444
0.10291273767397396
0.10182124000180816
0.101095626786274
0.10026360093302844
0.099562175327054
0.09896625589115048
0.09848600323811585
0.09800891422596258
0.09742586905129283
0.09679117123396162
0.09650082864308136
0.09612931723050434
0.09635796415354995
0.096404146030265
0.0965733050056012
0.09679781827018973
0.09731375212194966
0.09774772699805284
0.09815151711173138
0.09883388894870483
0.09942102713040825
0.1000684232695613
0.10077636560446938
0.10155932173453493
0.10244092165905719
0.10302875430655233
0.10360869423137639
0.10449139636861599
0.10486528005802165
0.10588533756610985
0.10627033331384655
0.10733328644676528
0.10765135521610354
0.10853307025637918
0.10891610076886464
0.10911422692566355
0.10971640760849567
0.1100488608042937
0.11021840764974042
0.11040843726825968
0.11043782161358114
0.11038395159294488
0.11054016806345296
0.11051476920747487
0.11044939678564489
0.1103888378353383
0.1101396929232881
0.10980951417814899
0.10942284743269527
0.1089149801388002
0.10857688756351584
0.10817356810102706
0.10759550492964488
0.10714112388645822
0.10669967777148902
0.10623758816282775
0.1057532489001193
0.1050608473865467
0.10438590359674423
0.10349770578607338
0.10316342033989663
0.10210638045921246
0.10107565792135886
0.1002159564568342
0.09944310068205371
0.09864230224745671
0.0980090536061361
0.09741316617949579
0.09702101249207466
0.09659686755479924
0.09608683711991582
0.09593137501826884
0.0959073471609725
0.0961068734055625
0.09600929241083447
0.09630986568126951
0.0963357012652725
0.09646875982344101
0.09660749019346881
0.0971205175554138
0.09761184960712238
0.09824474074209091
0.09896645191894526
0.09959161900443562
0.10041627960762814
0.10146840854404718
0.10235707224163416
0.10329907210262117
0.10424512575569586
0.10505404668086891
0.10556776444245221
0.10636211970031709
0.10716962523680669
0.10625449063437455
0.10858486031428698
0.10741655612499264
0.108814752022267
0.1098448894983234
