th
42.957778467139306
44.51573672824884
44.14869018452111
44.24008735698318
44.19859289613684
43.840419377751324
44.181836193896984
45.1237739533958
44.80200398906862
44.49231045070919
44.48853547904665
43.70876401189918
43.65762187742504
44.171531303221215
44.203496672439236
44.331760557826485
44.00489533588594
43.82504163608503
43.4821742987135
43.67199085625283
43.475619603931044
43.28381642432277
42.75570741756392
42.26028024648514
42.20792013184583
42.31721550785712
42.59524202605106
42.59386809723736
42.214933713600196
42.026075667933455
41.17424595479144
41.30146428463442
41.85646066636739
41.976246802590985
41.9434183977315
41.39778433390449
40.52481362279172
40.158635496086006
40.365170735707615
40.72091304358168
41.12815512306472
41.23661482709819
40.989597243259645
40.897126045691735
41.012198923250025
41.25089070010075
41.54276327011843
41.680167123609046
41.57436261549435
41.48720913959156
41.61817494359566
41.75226179327111
41.892836879482296
42.091399715990164
42.17421088629571
42.414777452208284
42.73048002337507
43.25496826631692
43.90448118205957
44.08917277135394
44.31768513826498
44.40424348034297
44.383305630223745
44.28047782516062
44.372980905944324
44.60389398752428
44.59290907164032
44.591041684050886
44.36823068774913
44.24599394406609
43.9953087796034
44.03884596304059
44.09496537641646
44.088136296140895
44.11471619970222
43.6798260487012
43.30731162609039
42.96035178302673
42.76604484554729
42.60515040059266
42.576700047496914
42.511821677217384
42.30165785529403
42.11851161148985
42.00068867721405
41.972786958339476
42.05895221898546
42.048972428429515
41.999905164895395
41.910008244693415
41.57361811324846
41.366506420889124
41.27849704866921
41.24773696806624
41.245164741908965
41.11383633870854
41.05284825419948
41.05071299111519
41.214305129240095
41.54276370523586
41.77705385579091
42.105362235412
42.11654408816482
42.1464259707981
42.26401104762025
42.33781739046238
42.56489449964773
42.65968666216492
42.86707155955928
42.85696377782133
43.06024041984188
43.15731848707472
43.53061879044203
43.93704368810484
44.1785218697521
44.48616455890742
44.841019657510735
45.07348020649138
45.334067185800585
45.45025507448978
45.61260426597548
45.56917975230144
45.592719390735546
45.61283473784106
45.680922540267325
45.70641135994459
45.77611768662277
45.81085773630517
45.68085668232691
45.733073050038385
45.60772693774701
45.475178483750085
45.44623148414628
45.132211446628546
44.98046111780592
44.40478925821684
44.065337319348416
43.728279859302205
43.44445228777008
43.27016245268268
43.18213194073397
43.22819180305766
43.11832996329481
43.10303565227162
43.0774320195989
42.931970297989416
42.75314565201032
42.53779891606772
42.37706621007108
42.3230558288206
42.121237940267015
41.919799473170876
41.84211137034709
41.78559610563535
41.72607715798423
41.84990393106799
42.06662590694931
42.20269099245149
42.35546083178132
42.496101628821386
42.564062508870514
42.60284260051431
42.600202968705965
42.663118283615105
42.643692839025555
42.743719920525464
42.833858201338
43.01862939914522
43.23574687368996
43.482876644523216
43.681193342140524
43.91333788630372
44.13129747345608
44.250583897328504
44.39328421051276
44.51606260720513
44.578240370514095
44.58377730285112
44.63222931888182
44.6783060816666
44.82889273395783
44.8848351023826
45.04597765348041
45.14068710911312
45.226829194646086
45.30496957052525
45.30406504223962
45.2844221804094
45.31126857949004
45.102041654153304
45.03435257795972
44.881956346857734
44.6554030245755
44.43735949075846
44.33634614702586
43.95852771618361
43.84319510659549
43.74479378385489
43.71458139389446
43.76981797506259
43.675144292603854
43.73965049826842
43.66590380608343
43.6005217223807
43.53039230466016
43.29344982945169
43.08255346719565
42.88279090846838
42.7695564117159
42.67719277112996
42.50310492590857
42.53923938320011
42.48644711139537
42.460030846975876
42.56361884849846
42.48885700880238
42.67315960445701
42.62148436998216
42.48776422718361
42.493894054024025
42.39559746067965
42.397991124306806
42.380377040723836
42.384073203355044
42.50253637856385
42.66911887498953
42.85416878596485
43.032724683398435
43.17235098651276
43.306039788678696
43.43674102722869
43.49780409453665
43.51942049934567
43.54855097929125
43.439838881982766
43.536502245474395
43.45367532108097
43.482797529301976
43.63838705195345
43.743380584368424
43.95461910295252
44.16481214957956
44.35293687210863
44.476717937298346
44.607130676642235
44.67979363195495
44.666190564731366
44.70666972310255
44.735323512544376
44.67240411823702
44.657934385019615
44.63442480804711
44.48775819438552
44.58043569115366
44.60803825083346
44.616175858463535
44.51649150462006
44.50748105052135
44.34595550063688
44.311137034865816
44.13106234915043
44.01891261855341
43.89116159691334
43.58861885456531
43.37658719911371
43.16814472240433
42.8994955336316
42.7990606162913
42.60452961527498
42.66809725395619
42.362981456840664
42.300330454662245
42.23603274429588
42.30279908036387
42.27859762983635
42.24955356648809
42.220127718048076
42.214624675012075
42.279302902079365
42.419600700604406
42.57123291377207
42.817026839716696
43.076160754625626
43.494013451607
43.4870780038155
44.02774290876954
44.33296734158978
44.48720406250295
44.76014220962668
44.78249710908947
44.736978716898136
44.85419406424476
44.807459629633065
44.89833955775464
44.883921861208485
45.02459662649466
45.09401554288226
45.26266774589843
45.45243716143555
45.57021180802588
45.94595276610209
46.16801218917319
46.41774657103585
46.548979434580865
46.54650308273872
46.64753835353024
46.716439206603035
46.62019440848172
46.64341315795259
46.64654812187131
46.532039872516926
46.455420324034215
46.4144418643731
46.21947217609534
46.22775347985782
45.812168152165576
45.63959757099736
45.348718470299886
44.98230787729843
44.503972838509
44.460436569909795
44.05269072669737
43.84681630711236
43.60873627005523
43.250552760090045
43.086762681852335
42.9089229300614
42.687866424561946
42.453998345893474
42.6149416543491
42.3463329629742
42.2045538565077
42.17411739691408
42.2551315779604
42.327336453048524
42.39255968637622
42.55815644408467
42.54093587983726
42.78004748362858
42.89711097219349
43.066395301268805
43.25149184537901
43.42406274048691
43.686260558223665
43.605475437616455
44.00910935432622
44.17635101941
44.27186147041317
44.384855945324226
44.37712324728501
44.39095755824894
44.4198312094295
44.45849674696557
44.41432781688221
44.49025145274285
44.51010987774514
44.67619124070692
44.72149596333261
45.059931439654974
44.86730294119147
45.2670001054428
45.42147232175542
45.65023910744181
45.73729056629174
45.78678110061451
45.849019052037136
45.873161882867294
45.72780953785517
45.756427153802726
45.548734528890776
45.588112021886275
45.573533085501325
45.42939302467703
45.39514007163751
45.34307170236175
45.09300216298311
44.94631053585356
44.73710905344288
44.41530260155859
44.27135956050162
44.080370663606054
43.83414339236558
43.65247341107321
43.562549210769475
43.37498912318636
43.29832228854354
43.11284449661695
42.94037315860711
42.8368595230752
42.823445723790215
42.57558766185035
42.481943720353314
42.33270170062853
42.20093291858685
42.12430841266627
42.0695694039579
42.00396930005097
42.013571313390095
41.97933393496013
42.004286069473025
42.09956529810071
42.14087379971007
42.26563953530925
42.46969591769885
42.35379348682726
42.689391951705716
42.845992727934544
43.011208403225865
43.26149504303752
43.35361492119148
43.63115654277647
43.93500714716803
44.1588468024838
44.21517157721089
44.50904406926796
44.6214528018177
45.00770849411268
45.29595965554206
45.531944306998255
45.530212340376565
46.056621842850184
46.17333866308746
46.497114950663075
46.54262420699406
46.72899048081546
46.80411470845588
46.77837474454115
46.768871856577384
46.83223809444954
46.88241099513008
46.84152006323759
46.83927283899344
46.71835548793174
46.71090823589143
46.544890754381036
46.38422798070793
46.20913562564615
46.000216519341066
45.75091040335053
45.42751237124369
45.22388065055096
44.9282385233526
44.702667690966
44.50632886042444
44.38354358749617
44.15640836773933
43.962146559738045
43.81846617496407
43.59110470624815
43.549808420574045
43.11217842801248
42.87761017598474
42.65384091215183
42.45153672489277
42.367454014488146
42.149436494823
42.158921765885715
42.093202103418
42.08044795128738
42.10665179590848
42.16333262006058
42.30592189164216
42.41455955723647
42.59547665616124
42.64664137596197
42.883701036175765
43.205158176536145
43.354824669361506
43.65441814936741
44.00248409662289
44.284076182588485
44.54804994917312
44.78536232042884
45.01366556072601
45.31260170677312
45.54265147807065
45.68911367041014
45.76392436130015
45.9403985429715
45.870440962605656
46.01818144901185
45.93043842665864
45.98292856015425
45.91537879175301
45.80755832570158
45.8797828686681
45.74082422312348
45.72643437052314
45.74656473194518
45.69400116231588
45.59831418646587
45.625575883624045
45.46800104892717
45.35839385700744
45.234849486205604
44.96163942754537
44.91273501018082
44.698620029512625
44.58390960168247
44.371212330456956
44.126498308911245
44.01392373244037
43.855791569501456
43.729620218693995
43.60427991797031
43.686847012984245
43.52246116177606
43.33924670186456
43.187341967905155
42.890761337848375
42.79488634764584
42.59017904692324
42.50757304436138
42.35233091238044
42.441692178554376
42.44756369871178
42.59307990558047
42.7074494461925
42.79222740915338
42.92330832253542
43.165972638524764
43.35062647513134
43.56436272279108
43.77599870723088
43.91117660107614
44.15912321838841
44.27209730701135
44.554270563361
44.761884184407464
45.056647094133076
45.3458132902775
45.655552698533036
45.92825989210134
46.20156034124817
46.42002557228407
46.55120012051309
46.68739696501975
46.73464003558208
46.9717466685334
46.81529031932184
46.91858282606543
47.00921556722755
47.19285691391251
47.22707976664086
47.27366090666385
47.366640352776564
47.388866118482866
47.444738241773514
47.44879621874139
47.29874681632911
47.26732139616085
47.089163673733196
46.80814277321393
46.614387308130176
46.51468899896313
46.227306711166335
46.069775711966194
45.65654289135955
45.505045056992145
45.21935552740344
44.94784951720616
44.5830404624102
44.29752107637707
44.125276633127804
43.648434803267286
43.56451559916613
43.24624790777163
43.008349553659144
42.8435767542219
42.74403437205854
42.657925332504654
42.50943607741883
42.43271127119015
42.62224008167952
42.6336282456965
42.84098810538097
42.981450907438095
43.034085221056486
43.259833133562125
43.309230403523394
43.41189997037218
43.63349486157736
43.825806916152274
44.054174860213514
44.00998237647089
44.2258826553767
44.3786602983605
44.52880541356012
44.71556501311788
44.879460941919106
44.98285751930666
45.06578614387886
45.13858038445939
45.146793927736674
45.09849040676557
45.05590780916145
45.07898983492196
45.091199487606055
45.10192106973402
45.15721483937528
45.25433429664812
45.41199062644902
45.57872852735983
45.76942051562147
45.91008621962211
45.93798149393956
46.137160878407585
46.131115717934925
46.146463038228674
46.16352688582624
46.037706429929386
45.968763372976014
45.881202773130376
45.79801218374877
45.87853206272501
45.89412054201493
45.8183816022717
45.86388407208919
45.8318259204071
45.64194989818493
45.6180935692023
45.41845444371095
45.200349990141355
45.12946483883636
44.96890125820423
44.71926471003392
44.63818123229818
44.7814994042893
44.47262265816608
44.414581214131616
44.507381346834286
44.57019284958602
44.558097219727436
44.510226660630416
44.6028981266766
44.6843212720833
44.65139518153213
44.66105160267346
44.531937200364204
44.43418821839092
44.37620006648213
44.349659329006016
44.46389995914043
44.59762938924987
44.694225915997166
44.77379987850394
44.966730157599656
45.11664215255867
45.108443215169224
45.12732104047258
45.10713544523048
45.23177896837502
45.23474094990722
45.20450397275184
45.10649292393679
45.319167613241895
45.28101068812627
45.51757694447855
45.859787617675025
45.955299595196585
46.42925888981033
46.64991234850134
46.823709494364465
47.125263022158734
47.13996862133633
47.253849250185304
47.16310387372851
47.089800860037535
46.97902911471797
46.956779437794175
46.84998448213437
46.877133977545235
46.782401149277064
46.87468964040216
46.87205141207928
46.82724264522784
46.74723238399371
46.647437933408966
46.55247530784124
46.24981416916281
46.05348042609891
45.66987909218956
45.53766901844945
45.11345469311843
44.97434382730196
44.87772819072411
44.73526976070759
44.605850456239224
44.52092352425027
44.587372618408395
44.296944766172246
44.12797632603153
43.81595271800144
43.537242815790485
43.32369886705716
43.31822769414876
43.269567281557485
43.15895353069832
43.23127319831682
43.277613916620915
43.49647670093903
43.48893206839384
43.747016412743456
43.89117307638551
43.893595652065336
44.21743344417945
44.252983005960445
44.35500134616178
44.36996458268777
44.47886250605168
44.50859937888058
44.6239608798644
44.64703237434029
44.8168578736237
44.93165070801103
45.043674558312965
45.16905528782053
45.317053565526614
45.43180138719463
45.48969003537489
45.71335924811482
45.653671929403366
45.64616653179106
45.74969879327011
45.53470944945788
45.54424434162287
45.396689218280166
45.38116256652799
45.45754720042342
45.432401283349826
45.509962049022946
45.41683211714188
45.444274394125685
45.435369258707134
45.601868816967325
45.4790031092643
45.50002866722147
45.29598792560514
45.134997959509995
44.90678258188702
44.645472383926055
44.55024810711282
44.420414831346605
44.217634600054105
44.243481509670254
44.00575784834736
43.96081935783033
43.769713662085
43.605540261468704
43.58441692815975
43.189886607762055
42.87595820798756
42.59121757401483
42.290082479089975
42.0176281185258
41.97535426273143
41.987663812502014
41.94169024842808
42.1217128846011
42.31682436181157
42.52098295235787
42.67076275763681
42.90593917406134
43.088345049177235
43.14033269652305
43.42412197123541
43.634416558774475
43.87184411508001
43.97609781405162
44.17463246915775
44.38728383717625
44.618844031975435
44.903838057058884
45.12256030119055
45.382564863430055
45.70146459661525
45.75827888206326
45.96388824227046
46.022542068048296
46.04336378400039
46.219684896378844
46.32555397044533
46.39494436454194
46.42651126645944
46.42792137343901
46.53943067070075
46.605974649841734
46.577359362868116
46.730914900314254
46.66731492332359
46.74879695012346
46.658487768533
46.52407582970587
46.296820457020964
46.18305707462883
45.79595640533668
45.65084061928401
45.43685179142565
45.30038330814393
45.04654979827341
44.730914564138295
44.52002634560385
44.2807613319389
44.10429315506681
43.79937718233425
43.50346052682094
43.22781481445598
43.003454012252504
42.54994189426118
42.38676134591982
41.95063081840331
41.69770417707962
41.512600443849365
41.41226553302338
41.38377506236772
41.33934624330504
41.40332973118108
41.49411946341058
41.64558383958144
41.75398774110659
41.90609599727508
42.121692337524486
42.21374387198297
42.44185553551629
42.48927269959382
42.78157925532873
42.980762517308364
43.30185734102795
43.61418731717001
43.99497339847718
44.31563272868568
44.621622788087194
44.78856105367272
45.11747015039663
45.33627000979544
45.44921033467736
45.5098005960861
45.6677230368064
45.65086322524039
45.581629402900006
45.830108988365986
45.88483323170168
46.0678670817082
46.182062629003404
46.313583281050164
46.53322918028405
46.66429629308324
46.74405832988191
46.88017546244688
46.828097445656034
46.845247925584445
46.73186624479053
46.609060701523134
46.5633549407595
46.43920520549002
46.2849279246157
46.12591398949543
46.1112306837069
45.998632777434814
45.93197998041583
45.81984045599294
45.594662028454636
45.31362432191705
45.14620564614056
44.84300766159107
44.73702068077044
44.312547736543536
43.95093075798467
43.81277167468348
43.68817812712379
43.37042658174222
43.13696343484087
43.132740180484255
43.029167094084684
42.89543892860969
42.7939315532088
42.80139185792666
42.68956966564956
42.771690438877734
42.746660977862625
42.771425719561336
42.721499778057336
42.87194654834655
43.10776253088965
43.15260390296574
43.40371265802745
43.81824303277085
44.085688042607515
44.40599655534135
44.673271067609654
44.90939167006339
45.06482084575041
45.223930442782525
45.206422721767396
45.350228000820735
45.46210127167294
45.50585696384907
45.62563535713959
45.613144403441964
45.67305657978369
45.90117147280826
45.90747588783872
45.91813741156453
46.02977135689524
46.123619479059606
46.2044217287166
46.27801368680027
46.32595897613339
46.31103843452329
46.25823454925738
46.27893518402677
46.20310061721995
46.184853656276324
46.064390684119346
46.13952714206359
45.97161800167612
45.902118424092116
45.78577189172979
45.64957311053256
45.46664539663202
45.297888422495234
45.03491968036978
44.799790562852785
44.66840908677256
44.26216393825079
44.01097427791757
43.83382412042645
43.47383207881417
43.313431405882824
43.08459873397585
42.8826999260086
42.829011185263234
42.7130818983728
42.633515745753634
42.48304086528217
42.42829291975256
42.28817113558921
42.337293231797865
42.539683073825515
42.5850410525677
42.6479332380331
42.823397699377004
43.034381067198424
43.18721825443691
43.34223592681716
43.81395805553147
44.03941383862414
44.2861221599019
44.68405331987221
44.91469223593376
45.21931674159225
45.33517892259066
45.72985445285581
45.84233272258334
46.05623731806004
46.21954772327007
46.45918297674626
46.63265452614513
46.85941892459943
47.181683885498096
47.39521231552385
47.51492839501399
47.54176063164023
47.69789360985072
47.75978499259141
47.80166667690356
47.76126185174777
47.86870529148283
47.9679501218097
47.89398048030867
47.8526016597873
47.750969289888005
47.77836272181741
47.74280234818671
47.56034786108766
47.49333729704425
47.30936226800882
47.05245242635243
46.788264169876825
46.55587626245642
46.47378564469428
46.25956199037677
45.98761972910072
45.73982974663548
45.390863338697976
45.08341804386129
44.76678762761681
44.45660019467837
43.91615201641913
43.31417654769143
42.86554744498609
42.47402791324959
42.28491354829511
41.921843596590556
41.60923465294452
41.59393374877382
41.17633252120005
41.0039488424535
40.91323359178071
40.927283431725094
40.97310563978816
40.93884128989447
40.92746250061727
41.063370401748024
41.023859403517406
41.404448963238096
41.576092501399884
41.76918348746666
42.14847852588778
42.490542897029336
42.72845635464865
43.22003140957195
43.66246437448837
44.08052354181446
44.361768566971136
44.72948550704985
45.11584098730175
45.46680479438433
45.66106480305305
46.01760170199662
46.286519147126235
46.52775268451386
46.99214671965376
47.228147654796516
47.508722691922905
47.678367834712404
47.66646324165512
47.99503049527474
48.06395557414211
48.10485802736199
48.19761488906255
48.25629559706859
48.35602427844696
48.338519337129306
48.606250190807565
48.270880150988255
48.188929815154935
47.86235541714804
47.58692167140252
47.44398109352795
47.08758998404936
46.789949427211795
46.3800706163234
46.11184052791933
45.682996347720334
45.17764916409518
44.88914942935184
44.31352368290197
44.04523789069045
43.77907254417815
43.06574253052789
42.73089029007822
42.39175780975719
42.07984767728757
41.83942867645356
41.499764946390926
41.020045002901725
40.777817685913305
40.45455205477182
40.3742902971815
40.288502951635024
40.25238546128747
40.37102987817206
40.53539571744095
40.595340104388185
40.94128449432498
41.19857817217384
41.59049193499269
41.95710502810197
42.36360610232618
42.69978820637679
43.14173331024072
43.56235522868328
43.96481279514525
44.378967529953165
44.64603892607957
45.082622335658854
45.38310736314089
45.70068323007603
46.15659575199244
46.325844882699705
46.58383994470292
46.81194883224146
47.010097955951885
47.34142971495291
47.20609222151939
47.50662641428232
47.67495790912452
47.91291539805677
47.951002114386824
48.09244370941616
47.98602831248092
48.06346667127639
47.9174523389569
47.98116821345927
47.65166923841068
47.416144934007285
47.362608175836954
47.00010894619161
46.66690187405893
46.50825964183179
46.15048946756169
45.834773891340426
45.41644417148354
45.080549492591125
44.79383867921781
44.30868679751429
43.731558773350365
43.35201646467574
42.88260552232764
42.234128921315666
41.82791870952574
41.433586357381216
41.0756993126345
40.859972430961534
40.552942169795145
40.317489804247145
40.042329619295096
39.94956746692809
39.82725264561174
39.824278662633056
39.920535475704945
40.095196630513115
40.188140247258104
40.2035662982229
40.691066404569426
40.93593073387983
41.25813119984711
41.68438596395958
42.127609153257225
42.47893089265723
42.967478086763556
43.42917489240362
43.858813374108024
44.29665491479739
44.68027371272681
45.193926583657365
45.49240580408275
45.68672623097847
46.240521781297396
46.33160210669411
46.72142302571856
47.06856326341843
47.290045418760315
47.6249721039333
47.77241977111269
47.965707208395784
48.111565349956926
48.00926424083475
48.26606060873618
48.18414503058629
48.28861848115918
48.1212499249583
48.10666518572666
48.1643140194384
47.66272929811484
47.60781242924457
47.45908417827949
47.19484391974488
46.9387768672297
46.68736077197989
46.3566186196986
46.017775292498335
45.75982195889373
45.37056840986322
44.98166036429961
44.55004957463353
44.11921227067359
43.68469366028639
43.3209896297971
42.75058684289906
42.374281335268485
41.94554507405269
41.58633431213599
41.28271826548917
41.03905799275907
40.79789267912289
40.504351191358055
40.18625777309155
40.04124267778192
39.856135312117985
39.97000045080222
39.9930218349499
40.077412930252294
40.18958134177949
40.44805188189303
40.66623493671717
40.86988539110851
41.21547023056355
41.51429189149206
41.84538930688963
42.209424751404505
42.61449305404604
43.07377343748266
43.38193262117755
43.687496873122875
44.15559747207901
44.354991009772164
44.902481660250466
45.1104760672673
45.688721833448376
45.86291395958106
46.34867377127472
46.56104344834435
46.67122034680565
47.00747888158338
47.19403056332879
47.289422352531744
47.39654322730505
47.41312680220088
47.38272828908128
47.47092865637492
47.456578304708614
47.4196608891142
47.38548484185118
47.24511388771817
47.059658560806405
46.84329155859651
46.56042090864187
46.37292622558099
46.15009727675753
45.83228780434896
45.58374542064837
45.34332767805573
45.09275601598009
44.831293901404315
44.459558362967485
44.09945964877262
43.628898167382154
43.45274897306465
42.89908755958658
42.36395736140296
41.92108172708059
41.52555299881161
41.11825828319001
40.79796300671919
40.49797009522891
40.30127492323508
40.08917625916112
39.83500122441036
39.75771334030501
39.7457756471676
39.844968575707824
39.796439065649196
39.9460318952325
39.95890530617707
40.02524444742726
40.09448015295606
40.3511299975308
40.59784536499172
40.91699144327237
41.28281790731076
41.60137257642609
42.02400220796629
42.56732371110766
43.029943499537914
43.524167622471374
44.024627837948394
44.45591897178259
44.73147720583033
45.16017566071078
45.5993030025727
45.1019021083108
46.377340223825335
45.73427240764798
46.504770384043624
47.07949732757922
