x
-0.09745824823
-0.09456942278
-0.08957427680
-0.08415757473
-0.07736838206
-0.06920165162
-0.06095640092
-0.05311157257
-0.04412834051
-0.03434905057
-0.02434163568
-0.01320191248
-0.00177560560
0.00895928938
0.01418655461
0.02799658385
0.03751925700
0.04701890062
0.05658242931
0.06598381796
0.07326994042
0.07944369735
0.08434697321
0.08861368865
0.09322304769
0.09735463986
0.10027200670
0.10139446950
0.10062324990
0.09991966322
0.09550375393
0.09233565993
0.08867425023
0.08327642833
0.07677206399
0.06831729922
0.05891414732
0.04503726883
0.03550960887
0.02562722606
0.01520457930
0.00455310765
-0.00628625383
-0.01689819036
-0.02248891977
-0.03647889116
-0.04552930334
-0.05390696837
-0.06221152679
-0.07020267696
-0.07751792112
-0.08389951611
-0.08927262548
-0.09371505964
-0.09698678668
-0.09974951856
-0.10156558020
-0.10271075470
-0.10298957390
-0.10257982260
-0.09904268292
-0.09548301263
-0.09084031511
-0.08509357980
-0.07890186493
-0.07199551610
-0.06389055760
-0.05539891694
-0.04612784592
-0.03634996242
-0.02662255521
-0.01680602850
-0.00692836112
0.00310058285
0.00913154042
0.02330866639
0.03313635773
0.04262694463
0.05156357285
0.06026722793
0.06866732085
0.07592617829
0.08228219600
0.08774930120
0.09233512655
0.09603213465
0.09875780423
0.10014393780
0.10032917390
0.09980321016
0.09670012321
0.09318912428
0.08877907698
0.08352512574
0.07720664486
0.06995266296
0.06153799956
0.05263487047
0.04330852865
0.03344120306
0.02323659362
0.01304174067
0.00284307651
-0.00831750261
-0.01463216125
-0.02887846499
-0.03916535222
-0.04871227354
-0.05825981325
-0.06695263417
-0.07546753349
-0.08252607667
-0.08918058497
-0.09477754267
-0.09888829691
-0.10230634510
-0.10482577870
-0.10613918330
-0.10646798470
-0.10620351260
-0.10367684870
-0.10039849060
-0.09632794814
-0.09129418977
-0.08532754905
-0.07846163360
-0.07089021474
-0.06255273295
-0.05345851749
-0.04395899674
-0.03411733457
-0.02408916173
-0.01383628384
-0.00348803635
0.00262974550
0.01789935016
0.02820709962
0.03847887971
0.04797726976
0.05703719802
0.06591957031
0.07410806371
0.08106393828
0.08732754456
0.09250477048
0.09627007109
0.09906890821
0.10057034240
0.10107498590
0.10092512780
0.09869641602
0.09560440315
0.09144646296
0.08646934275
0.08042384472
0.07365232649
0.06598820257
0.05767514693
0.04850800722
0.03878316381
0.02870956264
0.01830832077
0.00768778670
-0.00331684718
-0.00952195316
-0.02487066260
-0.03566192923
-0.04614234252
-0.05602737286
-0.06492785550
-0.07280667808
-0.08010065091
-0.08654681586
-0.09210123924
-0.09678468201
-0.10052854980
-0.10319413970
-0.10478974800
-0.10538278910
-0.10529092020
-0.10352464150
-0.10089029600
-0.09741272124
-0.09275473951
-0.08724213389
-0.08081608885
-0.07346874124
-0.06531253261
-0.05679754074
-0.04744008522
-0.03748448304
-0.02694366783
-0.01644944455
-0.00574501062
0.00056975958
0.01633714673
0.02720875052
0.03758755445
0.04775075380
0.05728177931
0.06590860522
0.07424260158
0.08139840448
0.08764629760
0.09296028479
0.09675933073
0.09947323767
0.10119822670
0.10183332560
0.10160824380
0.09929198014
0.09639316485
0.09239675137
0.08729863667
0.08140755671
0.07429259459
0.06676932615
0.05809461130
0.04882722615
0.03943910202
0.02913254025
0.01872933491
0.00811875988
-0.00269931705
-0.00845230076
-0.02390829270
-0.03434023209
-0.04401876229
-0.05348367947
-0.06213626130
-0.07004020773
-0.07730208870
-0.08378717359
-0.08945441146
-0.09396963658
-0.09800484086
-0.10063048140
-0.10246514170
-0.10349939730
-0.10363018110
-0.10235851170
-0.10033621270
-0.09735726935
-0.09316326473
-0.08830779344
-0.08256634278
-0.07573745964
-0.06801227783
-0.05985334538
-0.05094317194
-0.04152670576
-0.03163435750
-0.02102672909
-0.01050105815
-0.00433799393
0.01089580284
0.02114712639
0.03171830346
0.04162756215
0.05115470516
0.06008888070
0.06837734646
0.07595518182
0.08258860499
0.08822291695
0.09302464110
0.09670740991
0.09940005500
0.10087261690
0.10147994230
0.10051656780
0.09860282717
0.09545566715
0.09144250305
0.08617796367
0.07960248660
0.07215678863
0.06378922847
0.05463841279
0.04483965537
0.03435733700
0.02360285220
0.01234667783
0.00108773917
-0.00441707253
-0.02044281288
-0.03088187881
-0.04100801398
-0.05072024974
-0.05996370103
-0.06810126718
-0.07597521304
-0.08307056755
-0.08944513109
-0.09463817011
-0.09920601945
-0.10256145420
-0.10513113510
-0.10668314290
-0.10711277300
-0.10686078990
-0.10535002570
-0.10283781560
-0.09913141267
-0.09434446208
-0.08863347844
-0.08205735762
-0.07437269165
-0.06606297372
-0.05686154793
-0.04723582563
-0.03684472862
-0.02621020740
-0.01527921831
-0.00909006945
0.00658584385
0.01731051164
0.02801603829
0.03821408480
0.04802545261
0.05724737132
0.06594423344
0.07380517624
0.08078104982
0.08662467663
0.09175926798
0.09584727363
0.09867146663
0.10033818530
0.10118451370
0.10067133550
0.09879150734
0.09588279059
0.09213739087
0.08694356207
0.08068252252
0.07362210384
0.06538496846
0.05685089813
0.04704493002
0.03701846319
0.02646873643
0.01604349266
0.00475141483
0.00047894172
-0.01686718146
-0.02733503355
-0.03749414495
-0.04718257953
-0.05637690487
-0.06478315706
-0.07273801618
-0.07974589978
-0.08598396059
-0.09175496166
-0.09632487007
-0.10040528510
-0.10311885520
-0.10545941560
-0.10563904390
-0.10619245910
-0.10510836610
-0.10309312300
-0.09983067979
-0.09562462018
-0.09028818303
-0.08414039757
-0.07673599413
-0.06877958612
-0.05986990523
-0.05061570194
-0.04075456943
-0.03066213946
-0.02021773695
-0.01466547779
0.00117690632
0.01177703271
0.02217335496
0.03229425766
0.04200195063
0.05156521338
0.06052205413
0.06875587505
0.07628016324
0.08295942696
0.08871279759
0.09335223385
0.09694253821
0.09968385655
0.10048799790
0.10148434050
0.10070655270
0.09859257069
0.09540845359
0.09112854792
0.08571862141
0.07922606368
0.07159653309
0.06342238596
0.05426897198
0.04458988160
0.03421306647
0.02373976172
0.01306117167
0.00885626463
-0.00885113416
-0.01969337789
-0.03047051128
-0.04037759314
-0.05019003727
-0.05934981097
-0.06781765378
-0.07540113861
-0.08246247339
-0.08874807121
-0.09400907889
-0.09900107164
-0.10281702660
-0.10556085790
-0.10630871070
-0.10795333020
-0.10731144390
-0.10595043790
-0.10306857850
-0.09945029799
-0.09457263299
-0.08873272455
-0.08191503616
-0.07448741357
-0.06626029489
-0.05724860516
-0.04759801465
-0.03749171514
-0.02738724983
-0.02246398875
-0.00604941813
0.00475384319
0.01543778016
0.02609699877
0.03642262697
0.04611788070
0.05580962839
0.06472254223
0.07299424883
0.08052163622
0.08689012106
0.09234281846
0.09675424794
0.09981193134
0.10089718780
0.10240852880
0.10186330430
0.10009883550
0.09715590584
0.09321724386
0.08807123382
0.08193059813
0.07479390113
0.06714065479
0.05821185535
0.04876612990
0.03902048956
0.02890627808
0.01800026192
0.01360525348
-0.00367608342
-0.01485227893
-0.02557699114
-0.03654653692
-0.04689151031
-0.05616519365
-0.06506912735
-0.07322510771
-0.08074435108
-0.08757348698
-0.09331063921
-0.09831115333
-0.10217388550
-0.10523833270
-0.10605219020
-0.10790930730
-0.10746526350
-0.10625180870
-0.10375755990
-0.10008683320
-0.09588378486
-0.09038258823
-0.08404587282
-0.07704461864
-0.06928867058
-0.06053189627
-0.05128610564
-0.04151359037
-0.03138086746
-0.02664861603
-0.00982798196
0.00114168568
0.01201169471
0.02302200932
0.03325098106
0.04298066300
0.05247508763
0.06183947922
0.06996633799
0.07758346537
0.08438724066
0.08993793718
0.09444437771
0.09801671424
0.09876653704
0.10147355300
0.10149878490
0.10057317050
0.09833073755
0.09549945353
0.09103201795
0.08580614838
0.07942992232
0.07202777731
0.06392530554
0.05475874572
0.04542270637
0.03502356871
0.02409861724
0.01910672025
0.00194976990
-0.00956236646
-0.02093431748
-0.03208798443
-0.04303424152
-0.05338690166
-0.06338363536
-0.07196094143
-0.07973874058
-0.08682783027
-0.09293323124
-0.09810992067
-0.10235896900
-0.10598054950
-0.10679281550
-0.10932444080
-0.10965873110
-0.10909893670
-0.10719992110
-0.10433701140
-0.10050941980
-0.09570117517
-0.08992548842
-0.08317579860
-0.07568089385
-0.06738244338
-0.05827718768
-0.04838137561
-0.03812590711
-0.03370650465
-0.01681220944
-0.00583492240
0.00482476137
0.01594065609
0.02631197384
0.03654452059
0.04599719624
0.05497453410
0.06346661761
0.07136254324
0.07878376279
0.08508014919
0.09036340226
0.09489743418
0.09661467736
0.10043143730
0.10125660720
0.10098378080
0.09995357580
0.09728996705
0.09378697555
0.08897854115
0.08309683389
0.07601107938
0.06813770055
0.05951489717
0.05021176599
0.04043712762
0.02983120298
0.02450625955
0.00797566954
-0.00324473180
-0.01399382005
-0.02472482042
-0.03522470632
-0.04503977551
-0.05475338540
-0.06364935066
-0.07179056657
-0.07901947997
-0.08564221951
-0.09141956949
-0.09639111269
-0.10043362720
-0.10195656700
-0.10560614320
-0.10676565470
-0.10688456390
-0.10596701990
-0.10392718490
-0.10065297650
-0.09673566469
-0.09145823933
-0.08529955494
-0.07838799676
-0.07039234931
-0.06179403238
-0.05211646128
-0.04201569220
-0.03753207521
-0.02160985236
-0.01091306868
-0.00002715315
0.01089869112
0.02084506366
0.03119651219
0.04102059220
0.05082522994
0.05970364780
0.06850801378
0.07643888437
0.08370114377
0.09056189972
0.09538687354
0.09780593859
0.10275814690
0.10473361770
0.10524206930
0.10443071440
0.10264963810
0.09939479017
0.09502349373
0.08955598428
0.08251640817
0.07461726367
0.06626892844
0.05666169786
0.04656820872
0.03572901926
0.03008829909
0.01393308344
0.00268159209
-0.00868348197
-0.01996798212
-0.03068550674
-0.04122181760
-0.05155423506
-0.06057234055
-0.06972261823
-0.07769674987
-0.08530876173
-0.09143894456
-0.09734155974
-0.10189748420
-0.10360779590
-0.10782969210
-0.10903839630
-0.10911682530
-0.10834818590
-0.10604770200
-0.10306138250
-0.09863974416
-0.09309909415
-0.08370152617
-0.07602802019
-0.06745883391
-0.05836707221
-0.04881493916
-0.03868967732
-0.03322716403
-0.01757365423
-0.00672887703
0.00428292930
0.01491820585
0.02555434401
0.03618519041
0.04616682067
0.05587446129
0.06464490219
0.07303080702
0.08075525262
0.08745827668
0.09307091682
0.09782539854
0.09971984122
0.10344475080
0.10432099690
0.10365037680
0.10175256750
0.09864471083
0.09471061822
0.08945659675
0.08292448484
0.07531117746
0.06694864347
0.05804185903
0.04836133542
0.03853768066
0.02831874847
0.02370938541
0.00687515510
-0.00420629221
-0.01484686955
-0.02541765711
-0.03595883854
-0.04600296375
-0.05558265098
-0.06418918456
-0.07270252734
-0.08038927374
-0.08717002147
-0.09303944137
-0.09800048015
-0.10188496700
-0.10356323950
-0.10673588510
-0.10726443090
-0.10684308160
-0.10562373680
-0.10276787220
-0.09929222565
-0.09454170278
-0.08918348605
-0.08304673909
-0.07589636733
-0.06801690538
-0.05962390877
-0.05040702694
-0.04115097076
-0.03600962595
-0.02100912720
-0.01046375323
-0.00013442985
0.01078694283
0.02126283788
0.03153909510
0.04149113695
0.05092951729
0.06013613537
0.06857193713
0.07615253221
0.08308075088
0.08873516896
0.09356705350
0.09537911340
0.09984665645
0.10119421510
0.10148235370
0.10054402120
0.09833223003
0.09517365149
0.09082526235
0.08517551095
0.07891010333
0.07160642850
0.06347610454
0.05416502463
0.04471202881
0.03470992416
0.03026686153
0.01328991633
0.00218195413
-0.00876796412
-0.01972381095
-0.03064908762
-0.04158680000
-0.05144318561
-0.06118576269
-0.06989573756
-0.07816348691
-0.08543051209
-0.09180926664
-0.09738359232
-0.10147706060
-0.10306520890
-0.10705077740
-0.10833858390
-0.10850971340
-0.10758451180
-0.10553261730
-0.10267727910
-0.09877245100
-0.09373672338
-0.08814599593
-0.08141231412
-0.07414003430
-0.06588877672
-0.05701982306
-0.04758125344
-0.04315837405
-0.02708304541
-0.01634378627
-0.00577786075
0.00501644054
0.01552901005
0.02582794682
0.03590367598
0.04552737329
0.05465308671
0.06296273956
0.07056386731
0.07740201194
0.08342028949
0.08822763172
0.09020802706
0.09600382001
0.09808025183
0.09916955209
0.09912841752
0.09797397479
0.09560149671
0.09207209156
0.08759713750
0.08198276578
0.07544705478
0.06807058858
0.05994938145
0.05103274084
0.04128689792
0.03703015628
0.02027811082
0.00957688139
-0.00129984244
-0.01244083675
-0.02326044158
-0.03385868992
-0.04407939099
-0.05371244881
-0.06292641020
-0.07157463526
-0.07909596964
-0.08571376304
-0.09205893849
-0.09707115323
-0.09886322324
-0.10452966230
-0.10667941310
-0.10794237630
-0.10800611500
-0.10698337950
-0.10506654620
-0.10195156890
-0.09784977796
-0.09285839015
-0.08677516834
-0.07964684267
-0.07163317544
-0.06305418622
-0.05394856831
-0.04954153610
-0.03350933993
-0.02280216635
-0.01190557495
-0.00078206113
0.00981412429
0.02043689220
0.03080096765
0.04058871365
0.05032065551
0.05930781165
0.06802007092
0.07510110440
0.08176945517
0.08808158987
0.09049158681
0.09696915834
0.09969788592
0.10171650840
0.10234720020
0.10160907520
0.09971245666
0.09673105098
0.09236951168
0.08704975197
0.08065562897
0.07323150824
0.06505577957
0.05583779133
0.04630852899
0.04180179808
0.02542827921
0.01326714687
0.00230138757
-0.00890533828
-0.01954538493
-0.03040243363
-0.04059870661
-0.05059524689
-0.05969737543
-0.06848294896
-0.07645157663
-0.08362759383
-0.09006139999
-0.09544244816
-0.09746810647
-0.10366838030
-0.10607136490
-0.10744262580
-0.10792255700
-0.10729829780
-0.10559593530
-0.10288032890
-0.09914719664
-0.09432564934
-0.08839653883
-0.08194447939
-0.07456873201
-0.06623227403
-0.05724650178
-0.05315586463
-0.03765492191
-0.02724592094
-0.01660508410
-0.00622732511
0.00442281772
0.01509627939
0.02526962574
0.03515364706
0.04525155175
0.05423471038
0.06291391552
0.07102852190
0.07775357100
0.08447197020
0.08701773534
0.09418294000
0.09787252344
0.10024514940
0.10141016050
0.10117000650
0.09980276635
0.09713076579
0.09337164348
0.08885716015
0.08265429782
0.07560401631
0.06741676499
0.05867297825
0.04924273051
0.04422689400
0.02849198336
0.01771926049
0.00675921330
-0.00478735535
-0.01604130220
-0.02708033110
-0.03767811033
-0.04824161286
-0.05785462032
-0.06727839527
-0.07586082623
-0.08355098423
-0.09038922227
-0.09655371036
-0.09923121646
-0.10580684130
-0.10861591470
-0.11020669910
-0.11093243860
-0.11038627390
-0.10870194990
-0.10582427830
-0.10206327250
-0.09736646731
-0.09140576711
-0.08462113566
-0.07695827290
-0.06861835565
-0.05946587343
-0.05523159146
-0.03996963500
-0.02969940201
-0.01870500007
-0.00806233488
0.00278584711
0.01359474454
0.02466056029
0.03482292104
0.04487899290
0.05427186269
0.06284451093
0.07107766986
0.07817092176
0.08421012747
0.08623446021
0.09313816217
0.09650982702
0.09887666784
0.09978214566
0.09958176325
0.09863776904
0.09564784844
0.09182777751
0.08693090134
0.08134325443
0.07454518300
0.06657775198
0.05786421454
0.04851781701
0.04269607074
0.02808905237
0.01743525368
0.00640224598
-0.00515111487
-0.01633365518
-0.02724423499
-0.03800008921
-0.04874785418
-0.05828827817
-0.06751910983
-0.07577318437
-0.08334753474
-0.09015969813
-0.09571186651
-0.09837819012
-0.10447483790
-0.10726763900
-0.10942114440
-0.11005607620
-0.10965992030
-0.10804014950
-0.10502349830
-0.10144271370
-0.09646610340
-0.09058176341
-0.08393180007
-0.07680860380
-0.06855145382
-0.05983682877
-0.05601425754
-0.04066184035
-0.03055415533
-0.01995446851
-0.00926069050
0.00152906125
0.01219637898
0.02300245357
0.03286017520
0.04259584158
0.05207929914
0.06055871286
0.06896247187
0.07628274858
0.08268721578
0.08561395888
0.09243048464
0.09596357505
0.09840070827
0.09975176744
0.10004928240
0.09888031952
0.09615701055
0.09270787138
0.08780787285
0.08218179694
0.07576565835
0.06825295271
0.06001454446
0.05110559170
0.04554280521
0.03152684232
0.02092683816
0.01008473886
-0.00092534364
-0.01196502512
-0.02270698502
-0.03331257237
-0.04395006861
-0.05415862619
-0.06382794626
-0.07254649558
-0.08073311286
-0.08802536308
-0.09408983210
-0.09756764022
-0.10360227500
-0.10674671320
-0.10878139240
-0.10972104320
-0.10981320970
-0.10803787600
-0.10598004050
-0.10277348710
-0.09869653423
-0.09337951814
-0.08756107872
-0.08042932278
-0.07278551936
-0.06425334529
-0.06017108753
-0.04561327780
-0.03523816956
-0.02504172956
-0.01452763060
-0.00376866587
0.00734820334
0.01744480955
0.02774698855
0.03745201019
0.04694810960
0.05604688110
0.06433985109
0.07150144625
0.07837628559
0.08127046749
0.08862128745
0.09254866079
0.09529771827
0.09707296745
0.09793783052
0.09739515224
0.09576329547
0.09278037049
0.08892397481
0.08380202230
0.07768105930
0.07074342228
0.06296649785
0.05421571569
0.04865433112
0.03510040565
0.02457025619
0.01377801168
0.00251694849
-0.00870413157
-0.01966039134
-0.03083879342
-0.04137494077
-0.05169751155
-0.06118818208
-0.07021883268
-0.07873028026
-0.08598017903
-0.09234206975
-0.09634840758
-0.10244490020
-0.10621616310
-0.10880238520
-0.11013771830
-0.11063345890
-0.10982857150
-0.10800978320
-0.10513413260
-0.10096835730
-0.09623250326
-0.09049373670
-0.08398272794
-0.07650686838
-0.06791620924
-0.06377656309
-0.04907940815
-0.03938451075
-0.02923105550
-0.01846463788
-0.00810282850
0.00242001320
0.01295880191
0.02312491156
0.03328597492
0.04301342489
0.05220980676
0.06082611852
0.06896627745
0.07601772696
0.07950661348
0.08740151753
0.09175009876
0.09496333141
0.09719618704
0.09838897146
0.09848580551
0.09736679612
0.09493657077
0.09119148179
0.08653365114
0.08066594879
0.07446186054
0.06670762482
0.05835039974
0.05352728103
0.04003273548
0.02998892949
0.01966766520
0.00896330113
-0.00182430843
-0.01291749895
-0.02392586755
-0.03468799414
-0.04514801822
-0.05509059294
-0.06420146843
-0.07303389378
-0.08066531881
-0.08822092731
-0.09187515880
-0.09955944815
-0.10336432400
-0.10670938560
-0.10856169210
-0.10909792220
-0.10898794570
-0.10757939490
-0.10489818410
-0.10128924040
-0.09681925350
-0.09125214484
-0.08506911943
-0.07788092265
-0.07022068401
-0.06590519957
-0.05256878597
-0.04277083205
-0.03276140686
-0.02226869669
-0.01189516022
-0.00121929032
0.00924514596
0.01980386978
0.03004036888
0.03999357590
0.04941271368
0.05803976073
0.06610284744
0.07328018883
0.07713245929
0.08562078962
0.08998201284
0.09349688475
0.09602402070
0.09745266929
0.09790075872
0.09719225711
0.09544496944
0.09246065156
0.08818321258
0.08304073343
0.07684929360
0.06986107835
0.06203713352
0.05751943048
0.04387112617
0.03388856982
0.02379108770
0.01322825280
0.00252869270
-0.00834453811
-0.01932207164
-0.03012250881
-0.04066749978
-0.05119066714
-0.06062523101
-0.06965020322
-0.07766179959
-0.08513417553
-0.08903277581
-0.09723169611
-0.10185631840
-0.10353068240
-0.10789576260
-0.10739416670
-0.10845601060
-0.10811040790
