a
143.15638921317873
133.86224172610164
127.72064552725604
121.76830706793803
115.94337459677848
109.93904623395836
103.74205179100368
98.20811138341284
92.13755921667784
85.8814326300837
80.00620727571469
74.37402941859848
68.67926325287128
62.85077096852277
59.62414110890792
50.90130451414793
44.717396847466986
38.658562913307215
32.55251164909671
26.506980180754077
20.381166115640053
14.556836819589842
8.727590956283818
2.7396436293849837
-3.337540543867827
-9.156436928417573
-15.433727872659473
-21.386292542144442
-27.522459600429226
-30.98937813685116
-39.90667638833683
-46.061378774855925
-55.91727412543692
-62.13497247078876
-68.39340655955935
-74.53991941285956
-80.64687732797594
-86.84781352860844
-92.93133421189125
-99.10482239420982
-105.14454630176506
-111.46705060583857
-117.58155214133342
-123.69708470843429
-126.60904060012332
-136.03530307365116
-142.1150141674306
-148.47378674674187
-154.718231127844
-161.16737291249018
-167.47306119223614
-173.64466705206777
-179.56479296290075
174.22914110582747
168.26956669761944
162.30964060514444
156.3083767702242
150.1523505594271
144.06037674066602
141.32901630299236
132.2611471338863
126.53152136643402
120.34741851776735
114.41434202517483
108.25904611657536
102.24025104827535
96.11475674638302
90.03624549697018
84.00512801974612
77.91151520915533
71.73959305233525
66.00195535821936
60.06651485949361
53.90956258063847
51.54927548730683
42.00224823307381
35.85361200325806
29.773612363034783
23.832188249438527
17.891160908343103
11.88771796792073
6.132478054658094
0.059770709806974714
-6.088028123316281
-12.010594520595138
-17.943765081285378
-23.85497358072568
-30.02532542594618
-35.89420690357077
-38.63183661234793
-48.146648675740536
-54.48218985985381
-60.49314990888813
-66.91383678726159
-73.30828085048584
-79.73179612657658
-86.14451526057778
-92.42426251932783
-98.68009743773068
-104.83646503074912
-111.08642810018395
-117.03384512993381
-123.10652004597492
-129.14445135817627
-131.79968414467982
-141.63730359568873
-148.13596578459396
-154.33093916615783
-160.43534037124132
-166.4676420029275
-172.51220654069598
-178.59716209307987
175.40214174235155
169.26335620363307
163.22700732071442
157.07164325283443
150.9062261975081
145.14361553120912
139.15115491748526
136.6985343020542
127.28236066963751
121.2906154718908
115.3276061268646
109.33155110314122
103.38875105014282
97.47353029629562
91.4548393424038
85.51889058902424
79.37718345591722
73.37279033708633
67.16229631873047
61.36220151500822
55.240556520819645
49.107299049016504
46.45759096059469
37.117375188622695
30.897467369706202
25.185082433234836
19.104722236673304
13.124649232911809
7.515368147979291
1.0927483439901693
-4.915354146700866
-10.899330118189292
-16.775493895334264
-22.815765937045462
-28.82991466864699
-35.060699489126826
-41.42880616020862
-44.542932466570974
-54.066102398466015
-60.313676042980525
-66.7336736178928
-73.12189625559961
-79.62000112747928
-86.01604900934652
-92.55658821582858
-98.89645104615963
-105.13773411116853
-111.36801416777517
-117.4974320138767
-123.80403404111593
-129.92353234553792
-135.8748631872395
-138.78691855061436
-148.11735596368155
-153.99023798035685
-159.88135770988478
-165.65939119646248
-171.5397134381592
-177.48080664851025
176.61193058875244
170.68066251218602
164.62982393176898
158.65466118606602
152.59524981831436
146.60589477262667
140.66590368018993
135.00433233147254
132.3543641816576
123.02797039247284
116.95410429232271
111.30054863489964
105.16755264062257
99.58488077362254
93.49548238683019
87.63301574646667
81.4849371071368
75.5367139422102
69.43979137220045
63.41941457653189
57.76216469527191
51.68394714357158
45.63448764946818
42.92342950546988
33.92730356387937
27.78691872451705
21.800817082090738
15.792315287886186
9.689206677524947
3.509958417978155
-2.7366462728140095
-8.776119799868209
-15.06571205704795
-21.212744100364922
-27.291704530574666
-33.78522780820203
-40.239421663397145
-46.75689607740667
-50.07468380155621
-59.58290472157702
-65.88985112185561
-72.44206038074249
-78.82984333068137
-85.02410180812063
-91.38930094571492
-97.66852507100766
-103.76015215244227
-110.059087816836
-116.2675926718168
-122.48214299319602
-128.74123395216023
-134.72207209014567
-141.19910238921744
-144.33097219894097
-153.59885821301154
-159.97018551322208
-165.83573689434314
-171.85162521593406
-178.02194402099337
175.87609984872296
170.10011611003233
164.20826937202781
158.37745043332654
152.61149655237688
146.87115382100356
140.96662447958522
135.4173645451545
129.71943060962914
127.31111108171335
118.21601255968021
112.0856920063777
106.13323448292957
100.18429295977012
94.32305042101753
88.42896250604475
82.42311371294583
76.44445657193224
70.62617770413448
64.72564054173
58.707650825535445
52.63547651775886
46.56464808230518
40.705662735423196
37.42409127720312
28.718452692558937
22.575900379753964
16.875977597132156
10.912745656941725
4.650335310662822
-1.5596975086108944
-7.668870989793035
-14.080104719280035
-20.442508246989057
-26.718578738301336
-32.940213127201766
-39.22626186586818
-45.57074607716772
-52.13679996791556
-55.76524305271911
-64.98423170987937
-71.29535778001221
-77.51303016745669
-83.88415313189736
-90.04631650214107
-96.29621100625829
-102.54395107777127
-108.59049519156034
-114.956899878967
-121.20732607498104
-127.47377203969947
-133.48615648015584
-140.08949426907475
-146.26987969949747
-149.48616505718059
-158.2535739661072
-164.1377672966997
-170.35762167044882
-176.50405051128743
177.3913575037137
171.48123029214034
165.70543017954978
159.7464407125811
153.92256227425392
148.13866149299818
142.47969690909474
136.52194396448786
130.93456249337643
125.09886173892252
122.23699267467927
113.45158356770118
107.47988152093151
101.69222978400596
95.7351611469724
89.75332999536913
83.93766574577508
77.88064843588825
71.98152835213229
65.91488289124153
59.94939395560525
53.877164936751605
46.06465334948983
40.253356557022165
34.41304182932895
31.02156952640884
22.512573159427223
16.742407413995025
10.788097093262808
4.933182084017476
-0.8898609247768829
-6.8404343184252925
-12.996954012903249
-18.96314776881793
-24.959008894928893
-31.163198814963692
-37.22590530936925
-43.40662143370795
-49.396091375992036
-55.75558924863683
-59.217939847833335
-68.30894300064995
-74.61421830865238
-80.74947869110986
-86.95406552340853
-93.11481046685255
-99.23620500350786
-105.25704634271011
-111.63434275273548
-117.74834602152859
-124.23679831724063
-130.42531420271172
-136.75678715793606
-143.10941415812638
-149.47564066319214
-152.95688820162576
-161.86519649527057
-168.25318655570376
-174.58303519015286
179.32885744473535
172.8953446776131
166.88814869603408
160.6942917344128
154.69506018598761
148.76867634671132
142.80235724831365
136.68057575838955
130.86825963168292
124.9813080421266
118.869065494995
115.37746854135877
106.85711723554546
100.93764658824716
94.80336236446942
88.93616393675974
82.9372902160807
76.89800340834212
70.74825743577655
64.73979510680282
58.762206690739994
52.73479002411895
46.60191152017276
40.75612026236956
34.72873525052701
28.738232668352666
25.24193442349314
17.11829350633951
11.363328885837314
5.601654321089421
-0.3101172764486959
-6.028558902205185
-12.038781861289516
-18.17575663317793
-24.158516310396955
-30.42934415594381
-36.75124510850678
-42.943126451921266
-49.0703307876603
-55.16144373314881
-61.64173228513159
-65.1688603286869
-74.04983153149728
-80.13468213228337
-86.28545481395962
-92.58914704210436
-98.8334224739097
-105.07926999348363
-111.21592245675978
-117.4548493282818
-123.64299269542506
-129.97665244750053
-136.30460435227968
-142.43879063349485
-148.8370105249683
-155.17083308532227
-158.8176497070742
-167.6905921535949
-173.8946254989207
179.7066735044297
173.75916778265278
167.67173058211955
161.63813315053622
155.5637016414813
149.52305322231447
143.66965366824553
137.5277605982988
131.4866433846364
125.68534999534428
119.50739918940974
113.54208517043885
110.21711253715436
101.43008423721076
95.40473324677833
89.29841741154779
83.51879575557383
77.39426105928055
71.29372069247997
65.05704534005412
59.223205140188995
53.329999288105135
47.30630763603784
41.13400681178042
35.26954811567318
29.261487112801536
23.406768957976468
19.78912640994851
11.544594415083695
5.963601391321945
0.12081481816050715
-5.849117290850652
-11.593109833470551
-17.290063418130675
-23.08033486288174
-29.0299286629912
-34.894651444036846
-41.16535566307976
-47.13995724836158
-53.41485914556866
-59.51979724791912
-65.73742301864192
-69.48231762005008
-78.30344192948785
-84.5312835592061
-90.75241678556233
-97.27913381883518
-104.01912944847189
-110.38749545503866
-116.82754813390918
-123.19084846679921
-129.8577017973954
-136.007867005456
-141.83812980294627
-147.89494126275932
-153.9933739218689
-160.0346137338355
-163.38180757439952
-172.1090752737212
-178.25472118819619
176.12707041811998
170.03280845174652
163.93074525919025
158.09096971686998
152.03585853568643
146.38121483033152
140.20643392135386
134.30661005395595
128.26702497617882
122.35369955077508
116.1710444327772
110.14701753242508
106.8760577135198
97.8910312807507
91.95615589713633
86.03763957581845
79.65884668647793
73.72549378408308
67.57605897625754
61.47388071155149
55.0931941087784
48.94660676932608
42.649670147766074
36.49034400466619
30.459494114550893
24.62834448697937
19.022635785420633
16.38253550971832
7.403695894011088
1.6128419903410738
-4.189805938123232
-10.012658137358503
-15.898163914439095
-21.782498681260815
-27.77204735882044
-33.7761003925758
-40.04798310264872
-46.1699461584939
-52.09730641636035
-58.525225455805646
-64.80993611834188
-70.83924116836583
-73.6937178140253
-82.91340932803746
-89.09007191473329
-95.33293517673218
-101.60154254770251
-108.10991311545088
-114.04762255360463
-120.70599912528384
-127.21411934613577
-133.4997271511196
-140.2572802572698
-146.60126574321868
-153.10939647200308
-159.39489537474898
-165.76769245160173
-168.8796397743471
-178.2961682916571
175.65642301784618
169.3732665440138
163.24920260087336
157.27072541575623
151.19935792990063
145.33686976166481
139.37834900477256
133.13832288494078
126.90325608469173
121.09389934606412
115.04753567490393
109.24089189869515
103.52054517743875
100.76338569978358
91.71565804666739
85.77062475579393
79.47916339557793
73.43393668985425
67.3390733885169
61.467867563639444
55.394368654585925
49.44932361646077
43.44046394314098
37.38723287304098
31.11692111361011
25.100535971864144
19.306017638141853
13.44338400402888
10.912122868007623
1.755565312189066
-3.8981303416818154
-9.684101490198977
-15.45828530790188
-21.520699353460053
-27.45934752484575
-33.55061514257018
-39.70807278497216
-45.59939957308285
-51.81033459696737
-58.00079624733466
-64.23369770829534
-70.28109682478203
-76.39187174908575
-79.21508626582681
-88.81844026589803
-94.87305268908261
-101.26346400700264
-107.75722725850399
-113.7543522138957
-120.00958563672046
-126.22157469144837
-132.6017966306701
-138.91797390781613
-145.28806060271214
-151.42808308971104
-157.9036127036265
-164.31175534855856
-170.85886838006053
-173.64111171684272
176.9196056020876
170.61198509881584
164.35397053224597
158.35918157380357
152.34001061105295
146.43558525425402
140.34703172318657
134.0793819624925
127.97617327323958
121.92600412766589
116.00168301703151
110.06936477051998
104.0154478846758
97.854404373109
95.3817167091957
85.82162665962802
79.71877622137326
73.62903986283243
67.64282752319859
61.5790740661124
55.51103080027577
49.506568118196505
43.491456354205845
37.48027067764656
31.346945726660618
25.43529402060469
19.44113122628385
13.845345530122076
7.891390822513022
5.586656508785643
-3.699783197857678
-9.37438716037781
-15.295057497112465
-21.142005939938095
-26.906143086563667
-32.92556907568904
-39.043497528332026
-44.97289949616642
-51.070253958568436
-57.168213391567996
-63.220452987838456
-69.5346577075017
-75.96531589161167
-82.30964469642583
-84.98586773179238
-94.56553278364684
-100.96660949687988
-106.94669968210682
-113.37903432357574
-119.73808129316231
-126.02797220327716
-132.41166235684537
-138.51044452688558
-144.82252674685483
-151.06629113194415
-157.2630441058613
-163.50837434980397
-169.5875756788518
-175.75102957684965
-178.35213013840033
172.09369937211403
165.8153385699457
159.79228907575137
153.92556560724714
148.11127640789067
142.05887114906648
135.95562052749628
129.79598249200546
123.84499878810747
117.79932734289424
111.79083988567945
105.68495390143134
99.8309005902347
93.76794255398012
91.31350871069105
81.54410261047798
75.41793308766735
69.06167737945636
63.398849654932164
54.54815787441804
48.51581771671629
42.616467080366824
36.494412844268744
30.51619462012175
24.572710486929008
18.433996295354802
12.566871295381818
6.582634783556153
0.5365354444979651
-2.6752695749657547
-11.451155967701844
-17.200090694320686
-22.956163026493822
-29.272480794676774
-35.41314509872085
-41.41466591701557
-47.56745663190584
-53.87291307794335
-60.10570184445248
-66.49648871713597
-72.84095655429981
-79.38675508964558
-85.70363008567698
-91.7475838625912
-94.70961740714957
-103.93781317002139
-110.20026122196003
-116.17765702475026
-122.51384899904195
-128.7034588287951
-135.0019221838862
-141.3915125273432
-147.6053067410406
-153.71906617104918
-159.71432878695632
-165.7603955243704
-171.72632096804637
-177.62053954340323
176.0747794366079
172.49583686412564
163.71473296326863
157.73223183165203
151.64627383201127
146.13740659823242
140.28264094167065
134.15210998297312
128.0942230302518
122.21718745915027
116.10718752581309
109.87387010184992
103.94527968845561
97.76536318992811
91.96645007226662
85.76964849142352
82.66887907665271
74.17959986505903
67.84489361883031
61.890628233900784
55.62806485990007
49.204401000662614
43.146757974398184
37.447683299276356
31.397672477107655
25.47263326641451
19.822071255474448
13.89043191941442
8.099588662645253
2.1247151951948116
-3.908611753770192
-6.878497053183073
-15.997643331498546
-21.756453768612047
-27.76943412904887
-33.74991018076588
-39.913535899529755
-45.992062936085304
-52.593885633167176
-58.93326714425346
-65.12716485436853
-71.49599490431444
-77.79027246504643
-83.9591759848888
-90.21362938949274
-96.42109266965163
-99.40345878285764
-109.28291246151618
-115.57270317751392
-122.02660297955192
-128.06806992852034
-134.5101588757227
-140.51011860328347
-146.56722237533904
-152.79643923048053
-159.0185178911103
-165.1276092736171
-171.5894063566357
-177.71587098911726
176.29038509725868
170.27396868745734
167.1025786859158
158.01428176394046
151.86726380174326
146.20049941376402
140.40618709321237
134.0629670651302
128.21543781260775
122.14335946004921
116.31442592932122
110.26541505702305
104.08295607124732
98.02212721872273
92.19429433186234
86.19421089476442
80.240535829799
77.68541889335637
68.51456484060526
62.482632968100205
56.523821728078175
50.727779715784216
44.82393909051827
38.70316538345138
32.743449589131465
26.804948915311577
21.16184062901087
15.173436893011495
9.51067626220058
3.4824473522079002
-2.5309119876705486
-8.342498062514741
-10.871279675493192
-20.53330052784597
-27.08423093044487
-33.371508001616135
-39.605330789806565
-45.765641780333965
-52.02163895562582
-58.296084953618994
-64.90984981434877
-71.11008565694812
-77.7350928866103
-83.8314058103669
-90.25136519986258
-96.37635119101151
-102.75028813576996
-105.34527379953042
-115.31757196303649
-121.47516693213876
-127.79918984100776
-134.08204465003635
-140.4084767507182
-146.72604827357975
-152.79919352931745
-158.98700579031777
-165.26693491011048
-171.41049585947272
-177.19733780463127
176.71979766714674
170.74345801280185
164.6685521960617
161.87354064946217
152.48201830025366
147.11034131657394
141.1937329258677
135.33550723876522
129.28246048114494
123.3573313140116
117.60882146348634
111.52041280387796
105.81395281351018
99.77714553161942
93.85147353913668
87.75284760923671
81.7904708070842
75.78975900470249
73.23048578187915
63.60994161137814
57.694511242676526
51.77894653563062
46.03924081045558
39.86382588658729
34.11473172025749
28.152544883547097
22.249654040158312
16.653082419175394
10.803555111558158
4.8881506843561855
-1.2436359655488365
-7.249514761361614
-13.38390649790602
-16.013425989301908
-25.69131889970805
-31.85962383072339
-38.21874531180629
-44.62811904427816
-50.90160667523585
-57.33791787583743
-63.86691178620865
-70.3469792214141
-76.7521632949122
-83.0276824592694
-89.37449786654257
-95.70859739851036
-101.8967955267416
-108.06816490385609
-110.90763106421221
-120.7044579111484
-127.0955400770178
-133.43544584062522
-139.91331100417983
-146.19789721497455
-152.32786090063448
-158.558720959
-164.91492629716967
-171.04861859546682
-177.3386202023032
176.90995041494966
170.96329669386324
165.15372478127736
159.22854857213534
156.83368347364268
147.8929765362313
142.18610733720294
136.36497052579946
130.6318013157302
124.54722587245763
118.68139661087615
112.80963989716825
106.8691351390383
100.71427136532182
94.68901147990397
88.70250822334361
82.6804777125853
76.50443507030263
70.5156863134488
68.11218404196154
58.304498265568796
52.11240433594007
46.37271504490614
40.6002984960814
34.813650239888965
28.820248145529035
22.823564655204787
17.008435131869565
11.192973178348131
4.926959107323815
-0.9544827839122012
-7.0431979546081
-12.896733707868307
-18.967229023230253
-21.77988167027446
-31.16333785016286
-37.370693283021794
-43.81885053444501
-49.810497485722635
-56.182005559096375
-62.70694776570385
-69.3338035990448
-75.6461350166575
-81.95303179865682
-88.45747332917716
-94.78170683125897
-101.43770459797554
-107.85694632042322
-114.19340635653404
-117.37153692867983
-126.56573494786042
-132.76311890912137
-139.11421683337898
-145.0936179167981
-151.2297642564219
-157.06708789590854
-163.07842954214664
-169.09365411862086
-175.17671135967004
178.74970533000243
172.89144445880257
167.3657490992629
161.51161843171514
155.1383942947834
152.9101280486642
143.9107815127496
138.24331283744306
132.56483503624955
126.75556435519935
121.18878997113633
115.52818119820967
109.44860036624506
103.6444775608771
97.74874648707161
91.55865412330729
85.82875976449968
79.64780182564797
73.67473917692296
67.97073846892346
64.99207873845673
55.7152372003224
49.37260130210248
43.33507697922171
37.00376621548021
31.017847169210047
25.155062309397174
19.40954939477926
13.783887444046544
7.782441050791745
2.013722255721757
-4.188436719173123
-10.39902595358496
-16.827282107688834
-23.051671002252856
-26.118691336416394
-35.67522389630694
-42.19195095754354
-48.870978854890225
-55.221940345107924
-61.888043480259164
-68.20958440953947
-74.84080775897415
-81.01502487382493
-87.46809894226469
-93.81307811036862
-99.64348415582911
-106.21897122597734
-112.59220232454386
-118.83962040712856
-122.43039005156913
-131.63095191952232
-137.83889151902287
-144.04010371142053
-150.1509642469628
-156.34181115031367
-162.36988528121927
-168.69947074088634
-174.95948437402888
179.03158240479502
173.15709821843365
167.479863830039
161.74741036793972
155.39008403960887
149.91272880190309
146.84659818964664
138.30781427142202
132.30724026523498
126.48726630243843
120.69655905074683
114.79362729371132
108.91425958122963
102.61367903310668
96.76212629272716
90.77553426393604
84.66158210974643
78.51526501437077
72.45831640961192
66.5544343292046
60.595823597439406
57.286811203480006
48.70686462649061
42.97273231132719
37.065986879880924
31.053732672936714
25.029082707106028
19.171398358362907
13.270866474105988
7.259672551454561
0.47946989414127644
-5.554382056946177
-11.362601493225968
-17.25949595930308
-23.196024224244216
-29.18941592728625
-32.70678587395329
-41.50156353207434
-47.598361310056546
-53.81350710103694
-60.12036482839369
-66.36279289576014
-72.74856322843463
-78.9802274544987
-85.26381196844584
-91.42805720548499
-97.4534066196488
-103.28084111132269
-109.34678319456006
-115.32460296538794
-121.64165152297014
-125.16654092893148
-134.49335107400694
-140.81739333171916
-147.19837904519864
-153.38431385540162
-159.07841978117293
-165.10680519904844
-171.2610412377165
-177.5944932285474
176.18387324093592
170.053302905357
164.05762007219766
157.69368627069272
151.47915940799922
145.66105886484286
142.44621533184775
134.01153758104016
127.92424093361076
121.96308155310987
115.76919714170171
109.71077489382446
103.82082048708827
97.7385113830068
91.70440190119432
85.72682682433324
79.63628114157484
73.56788167938232
67.2852915367369
61.118110815636896
54.85175391180853
51.39053870282499
42.587567385604444
36.64389586028567
30.302976867359522
24.194586826086073
17.78164302781357
11.959701559338317
5.518631035000589
-0.33836733752327736
-6.454036615313828
-12.26873483900686
-18.15621419108777
-23.95465242599999
-29.831671231391855
-35.791724505083906
-38.882127653048045
-48.24020866258752
-54.32759047750172
-60.39752324342155
-66.5515586188394
-72.70971837279684
-78.83948222798476
-84.99669682824603
-91.16077561332382
-97.28567018535328
-103.59089427246144
-109.67043467673355
-115.72984070385021
-121.84876333727752
-128.13364119042228
-131.81483685578235
-140.19525163390546
-146.0876364336773
-152.09346035800527
-157.86455713140364
-163.83719274420017
-169.85351271741303
-175.95962630970763
178.0234290442489
171.9085906642964
165.95931048435176
160.2029656530708
154.2506513570621
148.21253384456847
142.36831732619123
138.92719484979838
130.44187697850225
124.45791491509391
118.3841487604263
112.30567815214233
106.0288003172145
100.02404019527813
93.84135485548535
87.77206691426207
81.52622435507374
75.4200800125504
69.25799570875951
62.984943069181114
56.917868244843575
50.85741057270177
47.77878696809943
38.25721836004314
31.824204980381708
25.756762577337394
19.50880839436842
13.344438371626637
7.212478022298473
0.7146679307934364
-5.46914571541633
-11.357473453747302
-17.483487569012212
-23.5208030309593
-29.663042731399496
-35.681836650122726
-41.67157851590497
-44.400635365383216
-54.48696507166706
-60.63943883711881
-66.88461335833676
-73.06988514024425
-79.18159524926872
-85.36715738010187
-91.52070917619965
-97.55259948278234
-103.74234163697916
-109.99459229223457
-116.21287835307544
-122.4407301242403
-128.44186390460138
-134.7755043225822
-137.79826519430162
-146.972494178724
-153.24146819604297
-159.08999761663614
-165.25067842669839
-171.1709870020289
-177.16120656636494
176.94925222882577
171.0524061102478
164.99698764806055
159.33934660891208
153.35503739782038
147.5932760172324
141.7542739669536
135.8915957361545
132.69018883143568
124.13247178516485
118.27908732432793
112.23825775854698
106.29035962827308
100.15331929237558
93.87202481088136
88.06165984044435
81.90223772857135
75.9539939075229
69.86516962081109
63.69764308237511
57.7588868363951
51.62540139480787
45.43117691616739
42.72466528251151
33.138121715902344
26.853062246874476
20.69429318412188
14.708754946549835
8.604821878789942
2.6825615970114782
-3.5387738178569417
-9.903269940474644
-16.200412463486725
-22.41094903343211
-28.67243743605863
-35.0201611979373
-41.39058738212391
-47.669895380579185
-50.48805716023689
-60.23157060191882
-66.39160946065533
-72.39112841454258
-78.74129199798658
-85.04992873203905
-91.04219717795456
-97.2441867912568
-103.37979990123422
-109.41206608868913
-115.32483873939314
-120.94759165596464
-127.0981966607126
-133.14700944215514
-139.52284031888877
-142.1804863043558
-151.70320317459104
-157.76983427456597
-163.81259274986223
-169.7433387851511
-175.5834684487613
178.73241498091568
172.86300635072712
166.61932863383583
160.62374943357446
154.92758099084253
148.7963549603629
143.0195073694676
136.97063485047022
130.7943639814267
127.86217979209677
118.65552452098461
112.68883516452152
106.43318240870641
100.3894224338949
94.2486566819939
87.91039731056286
81.70293886920109
75.53764709426798
69.19062873076791
63.10048865014636
56.98828018430669
51.02882319703447
44.73423814141741
38.58808528175165
35.847190067836905
26.777961708187934
20.353939283562756
14.41430589465904
8.465905319301998
2.672086437059682
-3.439255526965406
-9.374091395226552
-15.295235871913116
-21.329205109408626
-27.415683418033012
-33.33922783173341
-39.35925003487061
-45.35332182535756
-51.68615178948774
-54.69700028056598
-64.14876897133577
-70.62744066706064
-76.83100949920363
-82.98909597220735
-89.01384393631473
-94.95777049436067
-100.99893650546639
-107.1158705962989
-113.11274169258638
-119.32499611729071
-125.45429451985224
-131.48653432164932
-138.05953069506407
-144.12262065907976
-146.7367124541649
-156.33017948349163
-162.34346841697698
-168.43651593488022
-174.4539456786451
179.29045943157547
173.17340993043365
167.17406469734235
161.22494549577308
155.38837706386943
149.28649228694096
143.54046395562952
137.54715780617823
131.41436313245495
125.4129841092572
122.8510473786585
110.87896482410326
104.64564370815057
98.58356318941513
92.31324563012545
86.30430070040771
79.65945286747282
73.61532135188824
67.69299895257791
61.52000551462602
55.41856706331735
49.01998546824353
42.96179968308137
36.84988622163084
31.025736061399062
28.11575256567245
18.08230190769751
12.059788905110164
6.120423737109896
-0.4584781183503229
-6.285805277857281
-11.888354594279177
-17.828777699879424
-23.990094570096176
-29.865465409512463
-35.97423101901263
-42.04904515044296
-48.14958536721843
-54.252842547533135
-60.40561746433353
-63.349015372496034
-72.95811736046082
-78.87755782939236
-84.79348810515084
-90.56173462057001
-96.40677457441687
-102.30698662954308
-108.23910236864245
-114.0119208625119
-120.0540303569774
-126.22743628674726
-132.51697996938557
-138.78866520405163
-144.98374145005164
-150.84393344603112
-154.41269267877274
-163.0663770644631
-169.4567216830413
-175.71084124039785
178.25029696246523
172.19416799125355
166.10286345162461
160.23032210292865
154.2568456248084
148.34532178205734
142.54262939837918
136.54617595550033
130.5130917177671
124.4787865005013
118.46913458637779
114.85780461523385
106.25266362665045
99.81745900988734
93.5814051748194
87.3986830667031
81.13670331772948
75.02375862149835
68.30999768992915
62.96502903630404
56.83313113732979
50.414163736241946
43.55745100646016
37.42092845916101
31.2415078543248
25.29913314153079
22.66371858055492
13.083695668809751
7.333077811463646
1.1209337594414688
-4.696880933246226
-11.046365240515645
-16.964647763573524
-22.892835311277224
-28.471455583300614
-34.66378595349242
-40.601454634341124
-46.87378939358266
-52.842210266392684
-59.027932800098434
-65.11837592834956
-67.8522253366397
-77.65998246574158
-83.68091818789912
-89.81877974819074
-96.32251127409769
-102.29964275398417
-108.90652878044689
-115.25749616260434
-121.05951679606576
-126.78021060925504
-132.96639819687746
-138.70027817564204
-144.6381941565196
-150.6485334679762
-156.75031294484143
-159.70522812392664
-168.65047638646743
-174.838061404181
179.3684657792009
173.18407898283186
167.43667846584765
161.49761338970148
155.44477535645495
149.19966453244427
143.16451909946343
137.02202709720424
130.9485132808297
124.81977555222
118.860288918606
112.72365452181009
109.5503729109542
100.23631707457798
93.81684345360902
87.76916966834392
81.5017913704926
75.29867119124673
69.14910757222165
63.22093546590044
57.29476657808678
51.439132893844395
45.39703184428326
39.46854645577386
33.44333144229028
27.434915503764675
21.298890715106506
18.761754647968225
8.940619012388424
2.8913309153504447
-2.8096331260317853
-8.718612611280127
-15.012195658054758
-21.511257723610544
-27.504003190843797
-33.57492075158805
