th
4.686679485688364
4.690606733665943
4.684513738701331
4.6841817249357
4.676940536237819
4.676676471535234
4.694135200760668
4.69833550574749
4.707956938000713
4.694038648325265
4.702817304119408
4.689527556447071
4.687353303682611
4.688180723590434
4.69647064353832
4.668968867848992
4.66329411147998
4.654042989271571
4.65593535807996
4.660701954086294
4.653812269564264
4.652708646769453
4.643235997934748
4.61189321864518
4.611155971004375
4.5959578501132885
4.600139853304978
4.6010442005701595
4.604880348121963
4.608699787421773
4.6168964961722985
4.607350208198474
4.58807704968668
4.595406627692499
4.604344603944883
4.624284443545897
4.6182950502173785
4.621541902556554
4.630047611225779
4.630837974295959
4.632929210581208
4.629757360896155
4.628650360109705
4.63529634200941
4.641829793990568
4.656474082632942
4.655931229344473
4.6710851520290415
4.673255332745742
4.69127991340906
4.702911562830052
4.71750668518482
4.719794716362069
4.726556357384677
4.7170931111471015
4.715723542345729
4.7030830802183194
4.69916661173681
4.699586492682582
4.697371176716221
4.70988851127147
4.707277063268043
4.712097706271914
4.720862107361174
4.703921120369315
4.696011536261229
4.684317465676228
4.681048401228578
4.666046819618712
4.66758753185026
4.670926270520352
4.6711457296599965
4.656852928933412
4.665373641428883
4.662028131931699
4.636474489257046
4.628125906060236
4.625017397550981
4.600581805841072
4.600578678968208
4.5955196834939365
4.585031747391612
4.5801554773136495
4.567974375076402
4.578195040100219
4.5441555408208725
4.564853617857114
4.524093276407033
4.561115006327236
4.559332003724512
4.596119303498796
4.58705005003167
4.59570026147923
4.576942425203924
4.571391882246705
4.558380544015897
4.56577206888447
4.581567113675442
4.602419964084264
4.611569189882271
4.613320326576229
4.621809352869488
4.637873574153965
4.6481390478248965
4.657300261388356
4.664183896559719
4.6741047387513435
4.6891260492532325
4.694827243663644
4.701639451720805
4.710932604186819
4.716398947522199
4.719966429177897
4.71491941716248
4.738149828894196
4.7487138027284805
4.771259178321004
4.7796120374172695
4.788137475064546
4.783772753104681
4.772372000624563
4.766808418664134
4.757987010298662
4.762733007741824
4.7594190557634
4.750500871598364
4.7375706702418885
4.73190966102529
4.714950451350545
4.710023290468852
4.702574209731542
4.698963808478152
4.697663968768665
4.673232926896292
4.665308609898003
4.640215841768841
4.631564194885582
4.6217916556499965
4.614851809868434
4.6007514085705
4.590908223175359
4.587004641564594
4.576061682974337
4.562300574539363
4.550888560557029
4.537519626250206
4.51914711603085
4.515463795641319
4.504080245976101
4.502762973533532
4.5168550039826965
4.530154942696103
4.526156248233982
4.534009993536129
4.530336334859071
4.537796963638647
4.537134317214425
4.55853691137731
4.574755086101726
4.598674189678489
4.622244340459775
4.646615377574305
4.654065131557618
4.660378138549119
4.673999926683483
4.707661465955733
4.728327097653185
4.73809642965495
4.744340560266553
4.744670229470795
4.739849049582662
4.756863806989855
4.759009575736196
4.767404796750427
4.794378079705385
4.809886386899398
4.829168609145363
4.824751674461975
4.815105758211444
4.805996031176377
4.787786261793367
4.785153646217507
4.784689915860872
4.784595648451323
4.784636956081055
4.780654455933098
4.77279767530687
4.752780725824961
4.742580139734497
4.7168492511038655
4.703659950588844
4.687033630931074
4.679398785528246
4.66235619776416
4.651076233700111
4.624785530182265
4.608024149904168
4.602772164756702
4.586097753122046
4.569447110437061
4.554400839981863
4.550184795331307
4.528088321048181
4.518829585429466
4.491166597916119
4.490878321672059
4.488021403690567
4.496546136772109
4.510871224883194
4.512645394491988
4.523811665860018
4.531068311971501
4.541194746897161
4.546561098558493
4.560621798289848
4.562178369346207
4.567491952096116
4.585667515105529
4.605324135515805
4.631125982911729
4.65400081892891
4.678985829259411
4.689711840620682
4.719873270475327
4.740647413194676
4.760200531338014
4.780771425498369
4.782955556237073
4.808549928434622
4.818832074148643
4.84689557295436
4.850272413873358
4.861056087581388
4.871142629516933
4.877713504457287
4.874341697218912
4.8746205133637
4.87014694041325
4.869262100891602
4.8794044320132235
4.86072989232189
4.848988127786063
4.829445700410761
4.812547767914417
4.813503779258956
4.7733370401991735
4.7768294743265125
4.758177571763979
4.741817379179785
4.723565677866291
4.7098025354311766
4.690906491779387
4.661057224494638
4.645868749705527
4.629519892988406
4.614948489959219
4.596564001943282
4.583701637111804
4.564114784498125
4.539205258886292
4.525705100491838
4.509398322590259
4.501017254346845
4.494918219870227
4.495327424898702
4.497162339742326
4.50357112117852
4.503623276331148
4.496012357636867
4.4941877398149686
4.500079067097397
4.506758128538207
4.5203338050294475
4.532859912235977
4.549274498350006
4.575748735158458
4.592632503730846
4.611148649422692
4.634110017514014
4.652064294228009
4.672858216820174
4.673458929343443
4.700557634666516
4.71350308680302
4.739399698376256
4.741203356697903
4.757045256778552
4.765068475254164
4.775095353527968
4.794156180347416
4.814674373250893
4.826032077878705
4.843740283677574
4.843294520909976
4.852712273865522
4.847986244795566
4.851487788509332
4.845390191205366
4.831532465024359
4.840842327160697
4.826304946806629
4.814961778042255
4.801171653266689
4.778922226474887
4.751408330103885
4.740198375934751
4.719376987830154
4.695841888882209
4.679492054621985
4.666487504847173
4.64275844875765
4.689275015520462
4.688120092015312
4.692696708985769
4.693831786050605
4.682907071720789
4.68143966066879
4.686673837026308
4.6729343652271105
4.680446399676465
4.669839125911172
4.6684893162219865
4.6582210300556035
4.656401162675176
4.646967908250775
4.650238947034395
4.64474260330932
4.630434881941694
4.615616520033127
4.610623472487341
4.607593035735038
4.610394205094349
4.612165118557741
4.608900537960088
4.612579560514124
4.6160648614644515
4.621912497035735
4.610321156882169
4.614059538902423
4.617912790496946
4.6191599665272856
4.620281745928342
4.6196177836738945
4.619790414766223
4.6173120815453395
4.637872616962067
4.629142639904817
4.6244257884218385
4.62278266327021
4.6327828615895115
4.643450035001576
4.660758164818678
4.681286645941553
4.678353958960927
4.697807778253121
4.6973441880864435
4.697960698664615
4.697246990649333
4.6970066460813396
4.69905227066376
4.696332774748523
4.7048684243158565
4.709230058903562
4.717903286163901
4.726672420734659
4.717244007851937
4.716361049295883
4.716452117678057
4.71012015414302
4.706635851337363
4.703267519601733
4.704601787727336
4.711552600319756
4.705484052932326
4.692254303267551
4.705446252927947
4.696142673698825
4.692433977805276
4.687308186201095
4.686828277127482
4.676611153571624
4.658526084644232
4.650198797302023
4.639531239200462
4.628388412201615
4.620506818299758
4.619211102347755
4.627673847358405
4.614419487480529
4.613722697717861
4.601180185665781
4.601270662639216
4.5978205729976525
4.588544600479987
4.584612859773757
4.5857529185895265
4.594531159109008
4.601191890108627
4.610687560094497
4.6099154910858955
4.61527346066552
4.62156391462255
4.627414503835799
4.637710751040703
4.644493094020552
4.660930129330847
4.668129543120886
4.662547388241856
4.665936359467141
4.664460069489408
4.666196345158087
4.675802709997663
4.680140085435278
4.696431244212052
4.698480420148918
4.698953149557834
4.708185971567139
4.700853833187983
4.713511411906933
4.7098405956538425
4.711405986764783
4.708593820102801
4.705983545884755
4.717185865159319
4.726834590542674
4.713247965874456
4.718356101980769
4.7181656614235115
4.701571436751463
4.701043581411805
4.680843704930583
4.68141317951948
4.681818258021315
4.700059272194269
4.691662218043011
4.702678191334906
4.70276257670548
4.686431720691519
4.682670812605392
4.663685182198185
4.670003326287635
4.669116340686457
4.65847608650148
4.648651075855618
4.651511748549419
4.635852337150133
4.61976232383952
4.613878603901437
4.61455595815325
4.607000811167723
4.592867257626515
4.584711965180218
4.581539374555503
4.572745722812812
4.575159891722485
4.570092958583106
4.576138136257149
4.5841404492181805
4.5814230658085275
4.595667588424587
4.605167539907461
4.613362658475248
4.620276082363903
4.630840299544553
4.6443884995293585
4.650081670222908
4.664151322300902
4.665282402258737
4.674953032908273
4.667442023700963
4.683134918938356
4.684514493439884
4.706467363743552
4.697920907605712
4.70425714997882
4.709921953368445
4.712369175546463
4.699089055006605
4.703983586068366
4.696020149346526
4.709515261478932
4.6969872851334245
4.69524122599585
4.689993357909723
4.679021846444522
4.701021291495079
4.701373436459427
4.689720750065943
4.6733324691013465
4.688810525144956
4.688935688024039
4.690330474736325
4.685724265201959
4.697453068211817
4.689250378013437
4.698899396721387
4.69181132491593
4.697363772517361
4.684984255466845
4.675290271459138
4.66521221641726
4.6586705550405965
4.658037083114621
4.645376319523842
4.632022214281226
4.620945330331979
4.6039580383886065
4.58654340789726
4.5912926773888305
4.594349726643517
4.585921296134286
4.5798704618846635
4.57964338341419
4.575607426165153
4.563561439065032
4.553006331911351
4.556889748427328
4.539084497825991
4.540823222171429
4.545661696191256
4.540196161185907
4.552877848359519
4.545474164665802
4.567628868210388
4.571683147898541
4.590925430769402
4.602294132326956
4.612946073818928
4.624453265202551
4.640943278554777
4.6577878414486324
4.66369453023159
4.666971296038676
4.663028930389665
4.66311178640831
4.671178684994607
4.6827458135365925
4.6952711743323094
4.699596810898735
4.714966326318346
4.730058761301248
4.720338554168925
4.700055593881348
4.698073902918479
4.687442131293179
4.6926701187163715
4.702101573025774
4.701383581225111
4.695043249357378
4.700960135962754
4.702401193176459
4.705841882903997
4.706697944176799
4.710239964274767
4.716391278944146
4.718190018093694
4.724551432418225
4.715043877797678
4.711077374089141
4.700719564279914
4.693379252518768
4.69730385049836
4.689846973949755
4.677592346668132
4.658792175772167
4.649155880065487
4.644613648914486
4.640385667607586
4.633803445215131
4.630832574503124
4.629275001525365
4.621031999104312
4.619094788332448
4.6080779780208845
4.604855491536959
4.598213927579484
4.5971795009402125
4.6019379605877795
4.594508064245093
4.603627240607178
4.595071553919909
4.597154717045305
4.598690418450761
4.604576310453242
4.627633667586623
4.635334059646997
4.640965952624893
4.655220347722561
4.662477961272209
4.680683347445826
4.663979435430841
4.662319444976729
4.665619025081524
4.660804701934174
4.671837896526317
4.6798871938951425
4.681191384893887
4.680834398754051
4.675941611726357
4.688168598317104
4.695217211780222
4.6964749309462315
4.701401568725929
4.696753834279888
4.702383054468492
4.698748047923873
4.7035767081848014
4.702082441971295
4.695105762073432
4.690985658922783
4.68075052405583
4.686851936088612
4.686756575770912
4.683619305923226
4.698337458468644
4.691949314172686
4.685730609925386
4.662783486043228
4.6513361628345695
4.653222512547431
4.643713969115891
4.648382444038545
4.630289487895655
4.61681848146201
4.599297497689846
4.578507694245367
4.566528524510755
4.565179223072301
4.567654763365897
4.569145633281142
4.572020084762473
4.581243215291385
4.580836778663567
4.58439000867713
4.590155474806763
4.595308781545358
4.600401300650887
4.595064064005226
4.603717838244455
4.601545860894648
4.612814234796152
4.6166271776358805
4.611803816357561
4.624360501257133
4.624032037741972
4.64994353269281
4.673807426883544
4.686111573396598
4.709901726364192
4.715295169852496
4.710886455494736
4.714490990302875
4.716647096701036
4.726965239069758
4.723916271320746
4.730188422868815
4.736207989525517
4.733464978514513
4.734294538372442
4.736429069605213
4.728046758297263
4.719452951832748
4.712227299986165
4.714236476109547
4.711919097637133
4.707885652487776
4.706276111263822
4.693779902514191
4.687388536260832
4.6894148696265505
4.689303052376061
4.682826144509555
4.680573894166095
4.67119884809969
4.670784886296173
4.63900807816844
4.625492461983247
4.600348479189591
4.606166006085768
4.609762906364703
4.613577933856617
4.603423706403566
4.600029571270171
4.600844560162592
4.587151709381815
4.589764367504887
4.583270642775959
4.587630968413518
4.601267638356419
4.613914617568615
4.615772428546809
4.622135734794373
4.6321467339342774
4.641631910183449
4.641336213678197
4.649699351510805
4.650772655701886
4.669687413917607
4.678668870215771
4.671917747159236
4.678814008845717
4.681385482094337
4.683040236837927
4.6855649702902324
4.677463454328394
4.692476957905932
4.706185010221487
4.734115055934159
4.735037748130588
4.741899876884334
4.724804566250096
4.720539027932577
4.725466290759928
4.721652631434587
4.718638873626144
4.7187301708924
4.7254730013766615
4.726344480904095
4.725588523356829
4.717812742762388
4.719725709530132
4.730936077548897
4.7066846634979225
4.713832611040494
4.69480932649388
4.684919136571087
4.693585038402522
4.684440391643978
4.6804892614380895
4.665978613468956
4.651883770932854
4.638628916105258
4.63539277536209
4.642910933034058
4.647325609936241
4.651085407970429
4.64455064839337
4.643390409247161
4.616445947579983
4.594666682760998
4.565948061679691
4.5463096708151856
4.53341887537033
4.526014084498181
4.535905380367358
4.549492372077686
4.561102119632172
4.559206454043848
4.5628341966598915
4.575475787309951
4.563353491244136
4.576566589576108
4.584335629771438
4.578793390468578
4.58322039580152
4.591937057554483
4.5986993892419425
4.590263669203133
4.607138028933865
4.616145172126097
4.6278488505035025
4.656938582715102
4.678137973595498
4.693333309200035
4.6926358867694535
4.747189027031057
4.746542067892107
4.7506691086531045
4.737767487749855
4.7599335026318865
4.7654354406140635
4.773985486098487
4.7926018470098715
4.792225764509005
4.775372391337288
4.780514688933051
4.770307523154562
4.759620141430887
4.759110108107043
4.746959568392064
4.74895297760518
4.740733083846295
4.7265788792078895
4.713643731147847
4.701196290969704
4.678755383078401
4.668467865238702
4.6722141309947895
4.659788044450395
4.655097534880206
4.647764986339261
4.629487362693221
4.620749355427664
4.612930909081322
4.610116478998651
4.584415573072091
4.5939532115360535
4.589386299744612
4.577691426795825
4.565801030025919
4.546028736283976
4.540315866910488
4.534868017633962
4.5270701011619865
4.528824144275237
4.5346488379815755
4.550621492400702
4.56067193391491
4.572000755584312
4.576201221963086
4.5915901185672485
4.5938116511864955
4.605593269656964
4.611011181256271
4.625064151771112
4.640307341378154
4.650534123128443
4.663218438668918
4.684348072822254
4.702715518678104
4.726800445473239
4.753569740111888
4.759662896309241
4.777815158425845
4.734436100174108
4.7748678465143986
4.772123358683968
4.768899997425771
4.767015986465616
4.7716735412826505
4.785329535109694
4.790545102689037
4.79813983533126
4.787284061369534
4.781677524197384
4.768207082640513
4.758770325003145
4.7497557415669815
4.731689436691464
4.737191079182184
4.716073286915276
4.702170586876104
4.69611897786914
4.685149094529525
4.68716888976442
4.682362474708021
4.67061503669545
4.664685587445015
4.664378802676677
4.651028463222607
4.634621663763629
4.627158971694961
4.601859720644997
4.591169488728645
4.5726270700843505
4.567340545254577
4.565377077967848
4.548211904808897
4.545557173039188
4.5313372930320215
4.526344792593242
4.516954760040247
4.521846549285557
4.523899015302352
4.535532473703953
4.533860784278363
4.552035112095082
4.559409355589812
4.567550808403809
4.560776733941928
4.585161086821009
4.595439896744781
4.601826999029974
4.6243379987907725
4.62514172893073
4.637156624230037
4.646002862277657
4.669182186088162
4.679992529115023
4.7142541287106505
4.739614007094462
4.764114640281278
4.786914495416935
4.7920550127421135
4.786987480554689
4.79902202204827
4.80013956948471
4.794377744240998
4.784398712632566
4.782391725415877
4.779734613144581
4.775587519000104
4.751622423640883
4.749710914993214
4.744551594511852
4.742604418381985
4.727435145838391
4.7166930558399995
4.7106028300147225
4.716511374986161
4.679822603123751
4.6725162278563666
4.662100142714202
4.6768839725828775
4.664259787688913
4.655422958020172
4.636255173980528
4.61508640150983
4.612418798907958
4.600516772025529
4.596338011718007
4.585436243574655
4.563607974610786
4.54622218868857
4.51548512502822
4.524050995321675
4.518673217247218
4.504295019393609
4.511288911498344
4.502091445304935
4.510448100728646
4.521381965668206
4.521839117113635
4.5305043087401
4.5277847247656835
4.542033422074754
4.550195368466228
4.577602755854294
4.586249584446497
4.601990743709732
4.625551941234909
4.628894264370059
4.650573917623211
4.656970485335031
4.664443880670771
4.6776885210931205
4.6984500507233244
4.7131277536898715
4.724067650415974
4.74674568497325
4.761302225420783
4.772429412154189
4.779563644665887
4.782280313589563
4.802609746682191
4.801965299789561
4.802644239054514
4.8257282764200164
4.824133859236939
4.822065841262074
4.818896553680197
4.792819860996554
4.77191841752654
4.756592054810295
4.741541133285534
4.73676513470842
4.714810088458712
4.703519857353329
4.70230531196565
4.714731637141853
4.66553104837709
4.660448333673185
4.628145913028759
4.630541189843301
4.62435930322325
4.630868912948007
4.62477559523362
4.617820957270018
4.608675449763228
4.577345967408428
4.560965865172043
4.5344654427715145
4.525030007870555
4.505285928069463
4.5079852518833565
4.499445706639001
4.493355529921695
4.492251606244607
4.4905730725285045
4.485873546683995
4.482093472367555
4.486854834670951
4.485124618948215
4.500227469158206
4.514845227799089
4.530906491473646
4.539644598059712
4.542372564679031
4.5691207874970585
4.57607497288338
4.59966955797539
4.617329774025883
4.626563942126805
4.646940989703998
4.671536902082012
4.673872966402758
4.702114415442028
4.704195528289867
4.7227200660876925
4.7528075826393
4.760216472489275
4.7640924910167515
4.765887489125185
4.77773944767927
4.825204203755458
4.781192765348699
4.781302833707681
4.780748929574605
4.798714750497263
4.794165082125548
4.784008981002761
4.76690414771272
4.7568102305404825
4.747985498118097
4.734454623852735
4.720008162221662
4.710285439952849
4.702784499867694
4.6966277075686325
4.686237801036328
4.672563352609081
4.662910878365406
4.648433199712299
4.637330688432698
4.627338055968701
4.623651771129551
4.6077437924057465
4.5963863666666205
4.6401290316455315
4.631097417984788
4.6282162812360506
4.618561051537804
4.616244942018121
4.60843020546464
4.607565561631677
4.602242546980752
4.6011865271654075
4.602627205473255
4.586854926394092
4.575184080815848
4.575309931891172
4.5744974049316705
4.585768112919747
4.598707919292678
4.614642595780463
4.6134397788761365
4.62067109964227
4.613643616053306
4.61974323852307
4.624668277835617
4.631747377037253
4.634986518096636
4.646216644946152
4.650403064393436
4.654748332189113
4.665790240863533
4.655373708775835
4.666233287329073
4.673556948669253
4.678477024787783
4.709266864336436
4.73267497004556
4.7467643741466
4.74890702359616
4.747240700084486
4.733791260360479
4.729504706794351
4.723631965539922
4.7226176152122
4.729347821048827
4.735302712227953
4.734697515746309
4.731904013921378
4.727918554804142
4.722555335692672
4.71812263468165
4.7019490559467325
4.689290856650982
4.685543509514154
4.683115200948388
4.680685493369465
4.676315922041928
4.664823547641815
4.653681421808232
4.624845304864244
4.621616885408209
4.621934643674693
4.615772833414467
4.611582559870515
4.620719136351619
4.616990349752604
4.6183965035413905
4.609128664414965
4.602646718363735
4.60032421284331
4.587374097114807
4.59491907443452
4.596778101840881
4.593994474069502
4.601297058785089
4.615653566636726
4.613621021488903
4.620320658026415
4.622930944635478
4.631572086568331
4.6384601255007
4.657481869155234
4.671054947758466
4.6796943397808395
4.679986147085549
4.677814485559753
4.683031140784358
4.682832191058723
4.682704648148779
4.6858173018870355
4.687582834103797
4.690962753267968
4.688644623697448
4.679258107490466
4.677375243846158
4.68303551982473
4.681601383669874
4.682761612092443
4.683142503946559
4.6873888003341815
4.675728301121918
4.674849679089737
4.675757514161088
4.6555599552548
4.656633934367193
4.639011235450509
4.642417766570513
4.641382049902817
4.6249185370749135
4.626559603719757
4.5944317929621885
4.60709645067515
4.596960851335311
4.5958213776614345
4.6174395509665
4.583513105071492
4.5762067024114526
4.575534331350598
4.58432089084145
4.571282017106767
4.566039930681781
4.5829937301282495
4.5812923558153935
4.585182357785329
4.580880268405446
4.582251009768708
4.589284986002475
4.607446188947547
4.612950261450374
4.625734089737902
4.622976239736569
4.616680123427034
4.625379082440773
4.626411176115053
4.636316083226701
4.642786995616322
4.656152535365552
4.673120564486105
4.689062462785917
4.689679071807471
4.710850653798569
4.718391519295702
4.730831236229629
4.729751832417862
4.733428092527155
4.759692938091771
4.76452447016141
4.770547201407025
4.7676971178698375
4.773601716273414
4.775872678072276
4.78557138130841
4.789675834801726
4.790232088467912
4.799005867987478
4.7964808494911395
4.781337620301969
4.788104289675401
4.779460353163879
4.774272358826778
4.78294506680401
4.766200451365759
4.762818537509068
4.749116936416621
4.741506063491223
4.719643039338902
4.703211941461194
4.688592564795832
4.680080389156853
4.669770587879022
4.6523688491245
4.641593847015641
4.637780181929278
4.621499201674649
4.623136654701391
4.600689112940889
4.592205816634574
4.585023076263451
4.593398425070876
4.573008894378836
4.565694253137132
4.551519403535328
4.5410145071318135
4.529463655384408
4.526113094995776
4.528801156044329
4.5416934068033346
4.551835907299985
4.568753149581699
4.578720218660799
4.578476028630981
4.588464179816078
4.590204428584939
4.604686680447059
4.628205786407739
4.644959620777532
4.66110766524846
4.673181513302638
4.686920336309555
4.711081334219739
4.718917557175429
4.737517401406505
4.743833210143863
4.751393534895083
4.73475619265641
4.777994957724078
4.786851098176804
4.797208926049731
4.782540779814312
4.768519831167489
4.754436956283561
4.747537741857978
4.764192380445676
4.7637341283137
4.766053658590348
4.782646277934556
4.7696087125079565
4.772498728172679
4.758744982028294
4.755400783355751
4.740935722518086
4.721620314044903
4.716505741216999
4.710000600849507
4.703590716088146
4.691762019033515
4.696943929554882
4.674013119176387
4.663873246951092
4.659010379631454
4.653490727036328
4.645185035242852
4.641062488592643
4.63109326878998
4.625172442170467
4.625354926114677
4.598629517832208
4.601284710470166
4.595209235471265
4.596287673681676
4.579099398415045
4.573580185220341
4.572301376991063
4.580639388679824
4.587949171072775
4.596953184525341
4.593028872279031
4.59030949793682
4.573484285404535
4.557088391147684
4.546577028795687
4.5583383246512925
4.56966311212394
4.584564283372122
4.601958612034146
4.619399464427058
4.630593406575099
4.639482342308268
4.635963700476235
4.6474226008961566
4.6652926822960925
4.673431384115531
4.684678487569983
4.675848426626299
4.673461427564499
4.672323557775162
4.672572151399391
4.672302227948169
4.67670156812053
4.682511594130703
4.708432707098732
4.726132407827535
4.7436729070060775
4.747297084259771
4.753224334227038
4.74255420534172
4.728361341836078
4.711138877824705
4.702629959303153
4.70605980681885
4.714053827113871
4.72007680101423
4.7225368236128915
4.705012458327177
4.706093596631333
4.679351033386441
4.676250863349714
4.676826622519285
4.666197794101571
4.67004613897098
4.658943251867244
4.643321583088971
4.647568763557689
4.641169321275162
4.6477788069169055
4.629028234431358
4.6130819012582345
4.618960971749877
4.622331071670101
4.619459654200295
4.614893320583339
4.615737075484206
4.613844739189429
4.613038739797985
4.60581125406674
4.605660478880724
4.595247176329895
4.607438063409681
4.593815621590545
4.592381164954877
4.628584461221912
4.64006381836025
4.643264284663699
4.6560145610464865
4.650103813806214
4.6661759075100555
4.657995943168173
4.678013763809296
4.679740303030139
4.686281935380302
4.690346054730047
4.6864354504052175
4.678459859592523
4.679233647443925
4.663954645394887
4.667234149147209
4.668096802649375
4.664207114945054
4.677297387037727
4.688752875908026
4.6974332889716415
4.70285546602651
4.7211176962238754
4.7219183155564295
4.71125522914794
4.700413265613185
4.69062721684516
4.686403349809208
4.692196675337323
4.701154514926668
4.678729142053459
4.686166553332742
4.6781110708994715
4.668844889636794
4.656943934089563
4.655620952995968
4.575486108969912
4.695278253919851
4.720195090913717
4.676902612372749
4.665906899349761
4.628258551786622
4.669829318416489
4.668757859792539
4.680893996021021
4.6547238849926105
4.627826747844725
4.657095479418908
4.655249815935697
4.6779320184398285
4.6951369216624625
4.673491899239891
4.6587812462362015
4.654025012198992
4.674511273427364
4.680631078156143
4.686302004457437
4.640206876905717
4.629888824658616
4.617754050741481
4.641337257974215
4.643368250516598
4.6453641124012535
4.650500204060197
4.646780105727262
4.6567406381769425
4.671349722715783
4.695842981781818
4.708852312950998
4.726676206361134
4.7514704862310255
4.743165715782452
4.741259890472816
4.7383252692282785
4.704643217766815
4.754220777395772
4.767842585323057
4.773565682272489
4.7592831669304845
4.762593753429842
4.773772712618796
4.7586851356838356
4.770849801272464
4.766667570220463
4.772693221189548
4.777293225934767
4.75794224870269
4.75226942189193
4.750609173054918
4.745834897918593
4.73163736900675
4.718974872882055
4.701234676296364
4.696532234498474
4.700534973714021
4.695121196832869
4.684308352267608
4.687965322752151
4.69418814445063
4.674932177847606
4.649915994639508
4.647291655422312
4.637321927811828
4.628481283180494
4.6189620562248175
4.616758450104305
4.637360101764127
4.647240960932817
4.640745189675844
4.6272782731445075
4.6212152226221574
4.632384254133692
4.6444880146563055
