x
-0.11391230600
-0.09871465314
-0.08704604941
-0.07490085669
-0.06214278816
-0.04843793441
-0.03386703775
-0.02037237843
-0.00533321241
0.01023907312
0.02478700822
0.03836381483
0.05176111405
0.06497251721
0.07212786435
0.08943029709
0.10064222560
0.11037959050
0.11919407710
0.12667401140
0.13249668260
0.13677566630
0.13939194200
0.13991489630
0.13981510710
0.13781329260
0.13468037360
0.13012370100
0.12403418900
0.11999811000
0.10756650160
0.09710073276
0.07809203835
0.06523615503
0.05149578966
0.03743946675
0.02279634221
0.00771856325
-0.00719144824
-0.02225648597
-0.03676185938
-0.05146083511
-0.06509135919
-0.07810740322
-0.08407498989
-0.10179390930
-0.11160683310
-0.12092915110
-0.12833990090
-0.13485320150
-0.13943303490
-0.14239507910
-0.14334077420
-0.14282228800
-0.14027099000
-0.13644897230
-0.13080026640
-0.12378830130
-0.11556139810
-0.11138558680
-0.09619912462
-0.08510240488
-0.07230602770
-0.05926246084
-0.04476122290
-0.03023795783
-0.01515460665
-0.00008993769
0.01480075844
0.02968826676
0.04445115103
0.05769958216
0.07057652698
0.08346751796
0.08804923880
0.10464593170
0.11393178110
0.12192953490
0.12781760960
0.13297489350
0.13658523610
0.13846397820
0.13911302530
0.13796141140
0.13600967860
0.13130849910
0.12680479650
0.11897353480
0.11222814910
0.10817847010
0.09314274928
0.08093998710
0.06874908846
0.05451014444
0.03988006547
0.02468012656
0.00932467049
-0.00588611852
-0.02109643071
-0.03586523265
-0.05041115526
-0.06380302531
-0.07693864244
-0.08911966101
-0.09428116995
-0.11107505130
-0.12056738720
-0.12836071820
-0.13435587100
-0.13883047780
-0.14185630280
-0.14319907690
-0.14288879420
-0.14069034520
-0.13777892210
-0.13282667840
-0.12662104610
-0.11911432710
-0.10999795910
-0.10573082440
-0.08779528407
-0.07519025147
-0.06181708600
-0.04788275253
-0.03347052889
-0.01876562813
-0.00365306074
0.01122827804
0.02639753666
0.04093247895
0.05543280004
0.06839852138
0.08134320189
0.09291627186
0.09761161938
0.11238039020
0.12070817430
0.12703064130
0.13244466410
0.13608715270
0.13824118910
0.13929534870
0.13847787460
0.13607223290
0.13234357120
0.12703725590
0.12025078620
0.11226519870
0.10257514810
0.09747750962
0.08051279021
0.06814540170
0.05430396073
0.03998353798
0.02479274924
0.00957596899
-0.00614712614
-0.02141239748
-0.03628529385
-0.05089132643
-0.06481870834
-0.07851675084
-0.09071539886
-0.10160351320
-0.10678934520
-0.12140651100
-0.12905920590
-0.13511908240
-0.13959894890
-0.14253060980
-0.14381347010
-0.14421564930
-0.14262549900
-0.13960900990
-0.13561684980
-0.12968180460
-0.12244619490
-0.11333176720
-0.10341005910
-0.09833316769
-0.07925281904
-0.06587258043
-0.05278580103
-0.03801888132
-0.02419530577
-0.00885215101
0.00598646280
0.02137299637
0.03597420864
0.05031016535
0.06392177835
0.07593561146
0.08811472798
0.09901443545
0.10344149610
0.11655092530
0.12381885040
0.12980024410
0.13403550950
0.13680875430
0.13807302020
0.13804710530
0.13592472610
0.13253668150
0.12717275320
0.12122275280
0.11329976370
0.10425774070
0.09386704237
0.08796795952
0.06956710414
0.05621885504
0.04161002862
0.02675220873
0.01201485689
-0.00335965620
-0.01851228275
-0.03312890037
-0.04797590350
-0.06225011911
-0.07591073783
-0.08893194505
-0.10022582970
-0.11171457790
-0.11696657400
-0.12949110700
-0.13641051920
-0.14084260710
-0.14455990980
-0.14625854670
-0.14681488960
-0.14510498590
-0.14205324130
-0.13752094150
-0.13152546480
-0.12396469920
-0.11499125660
-0.10534042350
-0.09449548710
-0.08981875431
-0.06979199653
-0.05536848407
-0.04075472782
-0.02584244732
-0.01101935813
0.00397447298
0.01912883586
0.03387091625
0.04777320066
0.06125035976
0.07429679443
0.08646244411
0.09733095763
0.10696719740
0.11166608490
0.12292578060
0.12891231190
0.13322509780
0.13612008670
0.13741806550
0.13741181210
0.13574340080
0.13260705220
0.12793134810
0.12196277740
0.11463793550
0.10596644120
0.09575922859
0.08381922763
0.07679702177
0.05780008490
0.04389871739
0.02968665927
0.01466825877
-0.00011169899
-0.01524168875
-0.03029589058
-0.04464900606
-0.05938683213
-0.07320874432
-0.08634544089
-0.09768070776
-0.10950521850
-0.11905600310
-0.12400437580
-0.13374598710
-0.13897234180
-0.14267226460
-0.14475071050
-0.14544722870
-0.14460659520
-0.14202615030
-0.13800516140
-0.13211356250
-0.12516736700
-0.11677288540
-0.10691196020
-0.09641244274
-0.08436844785
-0.07841983194
-0.05833190782
-0.04392278267
-0.02954918784
-0.01450354789
0.00062125126
0.01520400580
0.03009243355
0.04411544332
0.05799969836
0.07097314154
0.08312821955
0.09881762843
0.10866752220
0.11757994840
0.12216854280
0.13138875980
0.13615544510
0.13982553060
0.14139914840
0.14213538800
0.14082149100
0.13815780400
0.13380062490
0.12821626650
0.12077131640
0.11246096060
0.10248707690
0.09153017211
0.07888710148
0.07166703167
0.05172379216
0.03715220505
0.02251859682
0.00743828238
-0.00761237472
-0.02250301909
-0.03694062199
-0.05162553453
-0.06524794153
-0.07891085771
-0.09097532402
-0.10222312300
-0.11221687740
-0.12086863430
-0.12490612270
-0.13386526020
-0.13765319920
-0.13982755320
-0.14039538690
-0.13962771590
-0.13735454560
-0.13359592340
-0.12853540510
-0.12149769870
-0.11365135800
-0.10379423060
-0.09336080679
-0.08178923249
-0.06887490414
-0.06116535693
-0.04136184630
-0.02711252910
-0.01197636847
0.00266033124
0.01765068501
0.03247665522
0.04722928482
0.06112632520
0.07418536380
0.08655465541
0.09814292881
0.10823434870
0.11760395780
0.12530823950
0.12890278070
0.13657906490
0.13983231470
0.14183522790
0.14235838530
0.14155870760
0.13891245390
0.13442856860
0.12886598020
0.12150251090
0.11263435400
0.10273024000
0.09191292617
0.08029329723
0.06656966099
0.05884713284
0.03840355677
0.02394427760
0.00904721678
-0.00629574799
-0.02138326989
-0.03623512826
-0.05050042844
-0.06443197345
-0.07758359965
-0.08995622979
-0.10135146650
-0.11127013680
-0.12026451110
-0.12783711130
-0.13153207740
-0.13830669570
-0.14097510290
-0.14160825800
-0.14087298920
-0.13840126040
-0.13450511000
-0.12929064220
-0.12250378600
-0.11491039610
-0.10525545690
-0.09453980935
-0.08341269310
-0.07031982590
-0.05717914157
-0.04943267794
-0.02835657554
-0.01346976715
0.00175007942
0.01617145841
0.03133029100
0.04590949576
0.06043241569
0.07332360528
0.08527654962
0.09681384742
0.10707452960
0.11608358650
0.12404985650
0.13099990360
0.13407752930
0.13993674950
0.14205581520
0.14233359400
0.14147950260
0.13875496290
0.13542682570
0.13045822350
0.12371123820
0.11580395140
0.10635417500
0.09577430117
0.08362917242
0.07108224846
0.05759263587
0.04904381731
0.02828029110
0.01327095278
-0.00182735243
-0.01759764370
-0.03366289153
-0.04835623558
-0.06272771675
-0.07622074142
-0.08917985748
-0.10042109350
-0.10997625450
-0.11869175110
-0.12611980280
-0.13219606790
-0.13516799380
-0.13989504200
-0.14159300560
-0.14136941360
-0.13984306850
-0.13621963320
-0.13196150320
-0.12566386370
-0.11903270090
-0.10963054090
-0.09979723780
-0.08859212805
-0.07658980056
-0.06294587599
-0.04920729424
-0.04140421883
-0.01963698566
-0.00486944812
0.00985388044
0.02556957179
0.03982467306
0.05446286594
0.06818911923
0.08150666064
0.09321880241
0.10474103790
0.11449136080
0.12279192870
0.12936631510
0.13487678480
0.13663710020
0.14152191540
0.14244047910
0.14228391590
0.14012287910
0.13656493510
0.13157403190
0.12519386540
0.11759504090
0.10800502500
0.09742743574
0.08621972636
0.07301082802
0.05929205120
0.04577046066
0.03917984376
0.01718383524
0.00220905864
-0.01292813832
-0.02794852089
-0.04308570358
-0.05635269454
-0.07067565675
-0.08338209607
-0.09493805790
-0.10616338560
-0.11512884110
-0.12333368180
-0.12922987140
-0.13447527470
-0.13624917770
-0.13937786750
-0.13938259010
-0.13770398920
-0.13449574380
-0.13000891230
-0.12396672870
-0.11650435680
-0.10758742320
-0.09683759240
-0.08504228216
-0.07326851675
-0.06021262391
-0.04699306988
-0.03337008897
-0.02674284725
-0.00430097341
0.01057283152
0.02606457226
0.04068293381
0.05484975314
0.06807630965
0.08110461431
0.09282873621
0.10353660220
0.11344120920
0.12226842320
0.12942522960
0.13490953670
0.13913567670
0.14065177700
0.14322902290
0.14315708600
0.14116036050
0.13790477230
0.13281390220
0.12648513590
0.11889535840
0.10957845560
0.09939946572
0.08748244952
0.07482520582
0.06132187730
0.04755347391
0.03311307575
0.02631861266
0.00289929950
-0.01192266250
-0.02740218927
-0.04268542811
-0.05633856203
-0.06985044134
-0.08250813834
-0.09461240104
-0.10518711140
-0.11493927200
-0.12256858040
-0.12937294140
-0.13447158280
-0.13807710760
-0.13968730970
-0.14058198590
-0.13906816060
-0.13614910530
-0.13162662650
-0.12591341870
-0.11803488220
-0.10902365490
-0.09857644407
-0.08710498180
-0.07503565662
-0.06231189235
-0.04878845826
-0.03442984455
-0.01940737815
-0.01335452242
0.01039009577
0.02545804431
0.04024541294
0.05425983860
0.06797323901
0.08080756892
0.09276344845
0.10360405120
0.11315950420
0.12167569550
0.12838213780
0.13423060320
0.13820798450
0.14090160340
0.14201690990
0.14220412150
0.14041208910
0.13660121010
0.13176135870
0.12602868020
0.11838525190
0.10965064010
0.09948923529
0.08811230234
0.07573811472
0.06265614191
0.04849520020
0.03362613264
0.01856532620
0.01212952242
-0.01105367595
-0.02647071615
-0.04055497824
-0.05525268054
-0.06915542969
-0.08209369563
-0.09423905350
-0.10454482400
-0.11429078340
-0.12231638590
-0.12921537030
-0.13445005300
-0.13776561860
-0.14006680560
-0.14038480150
-0.13988568710
-0.13762338730
-0.13356366180
-0.12848653610
-0.12159490660
-0.11283506080
-0.10292101680
-0.09168769582
-0.07995668688
-0.06691090878
-0.05332932559
-0.03888741491
-0.02454556898
-0.00944887214
-0.00329745605
0.02111536463
0.03608683322
0.05114418627
0.06411114103
0.08300427412
0.09471452015
0.10518641860
0.11460335840
0.12264360310
0.12952555010
0.13511309900
0.13881733350
0.14121923750
0.14186607220
0.14170513680
0.13809210130
0.13420426260
0.12865937260
0.12203660040
0.11410778480
0.10508638140
0.09433844940
0.08237318926
0.06964669206
0.05556360140
0.04112777805
0.02563904100
0.01043870768
-0.00426195719
-0.01150599939
-0.03376799029
-0.04847543099
-0.06206570190
-0.07577522912
-0.08814541314
-0.09986150248
-0.11037927480
-0.11975510370
-0.12741046960
-0.13309319300
-0.13773702630
-0.14070117030
-0.14210850070
-0.14197382550
-0.14084542780
-0.13679895050
-0.13227302830
-0.12653004310
-0.11941375260
-0.11077699720
-0.09995488341
-0.08845149259
-0.07651310885
-0.06310396279
-0.04871829474
-0.03453764741
-0.01939152760
-0.00492558932
0.01058700277
0.01828362696
0.03907852437
0.05418486235
0.06735066211
0.08082520247
0.09316150315
0.10381400830
0.11317225030
0.12144072650
0.12833517230
0.13331756580
0.13715523990
0.13947988080
0.14069039180
0.14068703270
0.14013287790
0.13579208010
0.13101637060
0.12478713530
0.11658295000
0.10703897570
0.09635077412
0.08388257673
0.07105638651
0.05782155455
0.04372480296
0.02922457991
0.01457907941
-0.00051631965
-0.01549896969
-0.02270589254
-0.04577155385
-0.06000205892
-0.07384066779
-0.08575129835
-0.09758837323
-0.10763428310
-0.11656347680
-0.12399799040
-0.13065293150
-0.13550701220
-0.13904689270
-0.14132776160
-0.14178488250
-0.14049425590
-0.13892626780
-0.13369019330
-0.12712453560
-0.11989551520
-0.11087868290
-0.10053484830
-0.08953157874
-0.07713878369
-0.06452231284
-0.05041047940
-0.03528939074
-0.02026133847
-0.00554703680
0.00959457655
0.02450066684
0.03074802132
0.05282579069
0.06652098681
0.07918104518
0.09062014520
0.10127140680
0.11089525700
0.11925929630
0.12665513220
0.13198257390
0.13645539770
0.13922183440
0.14034857450
0.14020649780
0.13862390100
0.13750824160
0.13039594840
0.12423002360
0.11640998270
0.10712269740
0.09674108967
0.08496866952
0.07247349902
0.05840798491
0.04451707760
0.02922155715
0.01480010745
-0.00060638102
-0.01538414397
-0.03064803877
-0.03678249901
-0.05963784886
-0.07285108410
-0.08573436607
-0.09742985707
-0.10825044910
-0.11783061540
-0.12562564210
-0.13221190130
-0.13759306870
-0.14122537810
-0.14338548430
-0.14413181830
-0.14267060340
-0.13993912610
-0.13665265560
-0.12860768780
-0.12170075560
-0.11286381780
-0.10296963190
-0.09175325701
-0.07991135748
-0.06742418677
-0.05345442222
-0.03962086209
-0.02466074320
-0.00972705355
0.00566688379
0.02059836572
0.03527688251
0.04151030808
0.06366378695
0.07632287749
0.08824320372
0.09877631543
0.10926838390
0.11773845080
0.12507242660
0.13112619270
0.13572380190
0.13875726870
0.14025184810
0.14050454480
0.13865358330
0.13565966630
0.13349578600
0.12501075200
0.11777442720
0.10853418550
0.09825790363
0.08679909536
0.07419680943
0.06042970114
0.04619257331
0.03148891674
0.01672273048
0.00150335946
-0.01375267218
-0.02854846603
-0.04302719902
-0.04943463676
-0.07110998017
-0.08418489779
-0.09609697203
-0.10745587470
-0.11673093340
-0.12473122420
-0.13134297530
-0.13692443120
-0.14040763120
-0.14302258560
-0.14373618050
-0.14289198470
-0.14052548110
-0.13607507090
-0.13365837280
-0.12345474650
-0.11516665520
-0.10538150610
-0.09462031801
-0.08236441177
-0.06966844751
-0.05622600745
-0.04187665414
-0.02681797760
-0.01177939374
0.00326149087
0.01829200590
0.03343048128
0.04771961291
0.05340052587
0.07467769818
0.08715032787
0.09769657501
0.10784988940
0.11630638070
0.12388060930
0.12978815710
0.13404089680
0.13742625100
0.13921390430
0.13958418950
0.13822219430
0.13511494220
0.13058726200
0.12736246120
0.11758335480
0.10907571380
0.09871558436
0.08842516217
0.07610743319
0.06282035794
0.04846750114
0.03404932357
0.01926306096
0.00370204495
-0.01150010646
-0.02740638941
-0.04263412215
-0.05708675554
-0.06426271506
-0.08369553846
-0.09545639523
-0.10678517350
-0.11599417390
-0.12417968980
-0.13084007280
-0.13651986080
-0.14055740360
-0.14296631210
-0.14412724650
-0.14349115120
-0.14143025410
-0.13766417290
-0.13177846000
-0.12985305750
-0.11784914270
-0.10880507700
-0.09913311984
-0.08766977338
-0.07583729677
-0.06306927300
-0.04846502371
-0.03418714718
-0.01947742337
-0.00391694706
0.01046396658
0.02573172095
0.04015417298
0.05356703495
0.06053327808
0.07982080801
0.09216619665
0.10224220220
0.11231465530
0.12036901010
0.12731093050
0.13248238670
0.13621549840
0.13868819660
0.13894209130
0.13816150430
0.13546602010
0.13155724240
0.12591712490
0.12294333850
0.11101932390
0.10111950800
0.08975008241
0.07780120450
0.06420298863
0.05053717140
0.03563880805
0.02127620210
0.00603838820
-0.00911960904
-0.02305375780
-0.03851259903
-0.05300309693
-0.06694120733
-0.07453649363
-0.09280992323
-0.10395417830
-0.11374054160
-0.12241387750
-0.12995811400
-0.13528601060
-0.14004048660
-0.14231970040
-0.14341306640
-0.14331701750
-0.14113185910
-0.13740724970
-0.13159384020
-0.12555023410
-0.12268366620
-0.10842901480
-0.09774081798
-0.08633749719
-0.07439707396
-0.06105684240
-0.04709638310
-0.03161484733
-0.01701058352
-0.00195176604
0.01337788482
0.02854224134
0.04311724351
0.05682864477
0.07003298575
0.07691891037
0.09365046688
0.10362109140
0.11265533520
0.12066042900
0.12734511960
0.13264309470
0.13621199590
0.13848590040
0.14092578540
0.13999659280
0.13781452390
0.13396050990
0.12887293340
0.12219555240
0.11775529330
0.10468838430
0.09423705182
0.08253663287
0.06940446112
0.05571615393
0.04121259579
0.02655837543
0.01150033170
-0.00348095082
-0.01818132317
-0.03218939895
-0.04649286465
-0.05993921636
-0.07360884240
-0.08089989060
-0.09858996233
-0.10911971590
-0.11861456900
-0.12627488510
-0.13205299790
-0.13694792270
-0.13975126070
-0.14159692860
-0.14162903200
-0.13995703650
-0.13752488560
-0.13297919920
-0.12666712250
-0.11909046170
-0.11430052140
-0.09989118497
-0.08828334506
-0.07594443789
-0.06235595977
-0.04844390090
-0.03435539857
-0.01936252063
-0.00427442686
0.01069923264
0.02580226576
0.04053495688
0.05514279773
0.06878992888
0.08192527902
0.08875487522
0.10466427550
0.11395713870
0.12232138370
0.12892583590
0.13375701530
0.13732276680
0.13972865770
0.14019013030
0.13917789420
0.13713729380
0.13324751330
0.12819004640
0.12144106080
0.11339428270
0.10876689940
0.09279630966
0.08138475049
0.06896787898
0.05552329837
0.04153665257
0.02713474162
0.01222095193
-0.00284280919
-0.01780624715
-0.03305603907
-0.04742158070
-0.06141031826
-0.07486071870
-0.08776480526
-0.09476741753
-0.10914463460
-0.11803624040
-0.12568582050
-0.13173867250
-0.13669022050
-0.14014222680
-0.14211712610
-0.14231624300
-0.14070171980
-0.13781524920
-0.13382489930
-0.12806876260
-0.12089041870
-0.11264270540
-0.10732388750
-0.09211823652
-0.08033404661
-0.06750904077
-0.05366744336
-0.03905197410
-0.02452469755
-0.00944616999
0.00548015366
0.02069916186
0.03537299758
0.04942161070
0.06355948060
0.07621160651
0.08811521071
0.09424262806
0.10931693120
0.11809853940
0.12516564680
0.13124563880
0.13509538910
0.13758791520
0.13918829500
0.13851411190
0.13653830630
0.13270752520
0.12761315680
0.12112289370
0.11366902890
0.10465548010
0.10037836780
0.08156302028
0.06875045492
0.05515167240
0.04091867475
0.02643056140
0.01138951939
-0.00375294388
-0.01865482604
-0.03383122079
-0.04870208890
-0.06319680941
-0.07687125229
-0.08932835136
-0.10117474370
-0.10649368380
-0.12119527640
-0.12920460250
-0.13534110590
-0.14002521770
-0.14325747710
-0.14486613710
-0.14513202250
-0.14369222950
-0.14052014950
-0.13637168310
-0.13019892180
-0.12259548670
-0.11420337450
-0.10422325070
-0.09831194763
-0.08150569120
-0.06857824838
-0.05474354984
-0.04045822619
-0.02538522094
-0.00967950676
0.00483149660
0.02005874371
0.03449785896
0.04882187257
0.06261190265
0.07520787278
0.08744563930
0.09850410283
0.10315257950
0.11700818760
0.12443807880
0.13027542650
0.13494243500
0.13733305150
0.13852283710
0.13798157530
0.13587159680
0.13211372600
0.12709205190
0.12068899360
0.11297200520
0.10372144950
0.09344618789
0.08848151000
0.06904378939
0.05581331312
0.04217628045
0.02730551370
0.01212939465
-0.00256601906
-0.01785129571
-0.03284385137
-0.04731098560
-0.06120280871
-0.07370199700
-0.08678712369
-0.09852779729
-0.10976575910
-0.11359290140
-0.12776853660
-0.13457113830
-0.13991469780
-0.14292513830
-0.14439130320
-0.14435928630
-0.14306840900
-0.14076245630
-0.13648190150
-0.13110755940
-0.12423633130
-0.11571548750
-0.10595311870
-0.09442495369
-0.08864217466
-0.06904717257
-0.05531323496
-0.04052364867
-0.02579694977
-0.01058334573
0.00519572033
0.02058552777
0.03545302666
0.05032266307
0.06401975863
0.07700115759
0.08873183551
0.10013432280
0.10994447950
0.11386845450
0.12541746560
0.13095209390
0.13535418760
0.13804855250
0.13945024620
0.13883060250
0.13705874740
0.13395601150
0.12959834300
0.12369890580
0.11664475640
0.10786180800
0.09797561791
0.08612041369
0.07998947970
0.06021454609
0.04592577418
0.03162084196
0.01699620919
0.00240562361
-0.01212514849
-0.02683314541
-0.04147085652
-0.05527162689
-0.06913088732
-0.08218967747
-0.09402726840
-0.10583408700
-0.11506946870
-0.11868512320
-0.12996838660
-0.13522861030
-0.13902549790
-0.14137414040
-0.14220421080
-0.14198680210
-0.13995556000
-0.13640250260
-0.13107991780
-0.12410907100
-0.11584364850
-0.10595615590
-0.09464913418
-0.08276208177
-0.07753266201
-0.05102540924
-0.03624551496
-0.02140687107
-0.00576771963
0.00921287924
0.02551020048
0.04006322063
0.05391508776
0.06757980064
0.08050361962
0.09279568111
0.10320506660
0.11295452190
0.12079560550
0.12450499360
0.13365057930
0.13701878650
0.13948954880
0.14038683840
0.13946081640
0.13715948360
0.13345889760
0.12802875960
0.12150273020
0.11321089890
0.10387547000
0.09311978451
0.08175424817
0.06890638767
0.06256602347
0.04120012486
0.02718604448
0.01279748841
-0.00138639916
-0.01575968793
-0.03020756669
-0.04427841204
-0.05781566339
-0.07118160969
-0.08411552208
-0.09627065485
-0.10707569190
-0.11637209240
-0.12410912920
-0.12776062250
-0.13560617210
-0.13938464050
-0.14126366340
-0.14199087000
-0.14108473520
-0.13849120860
-0.13441309680
-0.12915405760
-0.12207376160
-0.11358264560
-0.10363186630
-0.09254580027
-0.08057489217
-0.06793175485
-0.06002012713
-0.03977018281
-0.02426795105
-0.00887536684
0.00643577105
0.02179276437
0.03654042788
0.05136175926
0.06481748912
0.07842766644
0.09051592182
0.10269633280
0.11164044250
0.12126372990
0.12819830330
0.13118835310
0.13770303940
0.13940825300
0.14141782620
0.14091415550
0.13944401040
0.13639256540
0.13076160370
0.12438271050
0.11626241330
0.10779343160
0.09718039463
0.08596903564
0.07252699924
0.05916530584
0.05287477393
0.03012651562
0.01552239154
0.00044624943
-0.01555458361
-0.03006460534
-0.04582822879
-0.06053702351
-0.07358121681
-0.08562880027
-0.09784161750
-0.10841143440
-0.11747728030
-0.12551056400
-0.13222026390
-0.13401551430
-0.14156455210
-0.14421356240
-0.14496542220
-0.14351992830
-0.14117850500
-0.13748652300
-0.13145281880
-0.12445592940
-0.11586432650
-0.10604610130
-0.09508731430
-0.08250953615
-0.06966404402
-0.05573294427
-0.04823234000
-0.02553738633
-0.00954041909
0.00555787950
0.02107912243
0.03623001337
0.05075565563
0.06409974658
0.07693056801
0.08886974308
0.09970073925
0.10902376940
0.11777813300
0.12500541150
0.13097602050
0.13283484430
0.13851873440
0.14066750750
0.14097658060
0.13932068020
0.13574469180
0.13058098840
0.12479434350
0.11752837860
