ra
112.77371136445106
105.43148845671246
100.73088350317032
95.84071810720735
90.89478957225711
86.16062210424771
81.19287147101441
76.32903745971402
71.4528350850417
66.23658875944116
61.4694918186004
56.41767681058365
51.30753289596752
46.389498479412076
43.94158192195497
36.419124475765564
31.49692460100779
26.653987931162337
21.85740760063039
16.741830710711454
11.56626616485275
6.5968793373607735
1.3306214394195581
-4.010184643458231
-9.258814134460046
-14.417900229026852
-19.87683945753928
-24.973724351993997
-30.064181112686867
-32.792757054829984
-40.475802281104706
-45.75616760253355
-53.553175818571695
-58.771353661967446
-64.29320847921262
-69.42037702368123
-74.6773420336637
-79.80792421748546
-85.06223088845495
-90.25226982082107
-95.40284511871488
-100.72037762942115
-105.90216685359276
-110.85155127693587
-113.60775312413564
-121.19552281124636
-126.33726875012422
-131.69637780947832
-136.9539857375774
-142.21452594377226
-147.56765365410467
-152.730791950935
-157.6602858267392
-163.08597579417378
-168.05124874389614
-173.0642015173026
-178.06697070380088
-183.28926184269406
-188.00701169082683
-190.99165842279072
-197.74839839480967
-202.43756862727523
-207.325202663792
-212.212977356765
-217.16612780471092
-222.05017144277397
-226.8324096788923
-231.78828038578527
-236.53367592976122
-241.61242267071833
-246.32556730288655
-251.18110110908157
-256.05089392484115
-260.6445544841308
-263.4573366064258
-270.23126078809815
-275.1184108008457
-279.95970417937684
-285.11049859724164
-290.1456013357537
-295.1455648160944
-300.3635124598187
-305.5113212770827
-310.62180789451213
-315.48654332392204
-320.583735750758
-325.38372758403386
-330.43583211447987
-335.1301457675312
-337.47155366790554
-345.18171256150833
-350.22126304157393
-355.2837501510383
-360.4430482013062
-365.6203476649887
-370.72780979731806
-375.9728494832843
-381.36703498606096
-386.50045843436465
-391.8381824613783
-397.0113016837316
-402.2220525569401
-407.2546400897755
-412.30540422245537
-414.60705507403884
-422.2657138367935
-427.4981153031421
-432.54816277591453
-437.6614689852057
-442.9919444037323
-448.373778435393
-453.46034064170226
-458.71060695771087
-463.9840109245465
-469.1570393900074
-474.27752232829175
-479.1500598332441
-484.40031420135017
-489.52486003401077
-492.1115745165298
-499.7316204284714
-504.87082911109434
-510.17106925775295
-515.3178664179006
-520.328409485902
-525.4274126259412
-530.4869664203515
-535.5813764376813
-540.5829281963167
-545.4780599831885
-550.4013715854097
-555.3019549935298
-560.3428211878647
-565.3631774894353
-567.8342844589771
-574.8330706866118
-579.3988532480905
-584.5992808861147
-589.4376114391082
-594.4056319652135
-599.2992639261904
-604.4216450960535
-609.4283770124982
-614.4390013428977
-619.1865659956667
-624.138827280416
-628.8969613048295
-633.7629669750406
-638.7550143058716
-640.9592646284635
-648.6435776402263
-653.5976971177395
-658.5877832792766
-663.7283613543996
-668.8151925674539
-673.9885215736305
-679.0685620694653
-684.0841952654117
-689.277858062886
-694.1582214981886
-699.1242501059744
-704.187579722803
-709.2449093334607
-714.1366189986544
-716.3051368304953
-724.3187851310915
-729.4215947335897
-734.5964589746652
-739.7895354045469
-745.1862822024809
-750.4416171587421
-755.5458805722733
-760.7496182630618
-765.9469226853665
-770.9918819827539
-776.0541201189463
-781.245023123322
-786.2004576858461
-791.1582770054347
-793.380081516059
-801.2358928972094
-806.2134044146655
-811.4438024257861
-816.4399171426913
-821.6798165023501
-826.7250319579033
-831.8709914079587
-837.2156700963728
-842.377768113732
-847.5400217293175
-852.622030177743
-857.8041204185348
-862.9393221582129
-868.1166224484499
-870.6781345208642
-878.5318093253435
-883.556337986133
-888.5849933957378
-893.537880173702
-898.8061652466906
-903.8251418385769
-908.4532111776127
-913.794442432252
-918.9657919034587
-924.0090081143267
-928.9784361392576
-933.6421627490832
-938.7434828687724
-943.3772755977476
-945.7405706517097
-953.1762351089053
-958.1720805885444
-963.019417814621
-968.077618097485
-972.986611382518
-977.9290973571298
-982.9671846945294
-987.8174237110403
-992.8618921963985
-997.8698969055235
-1002.7068676478615
-1007.669241224379
-1012.5917632582286
-1017.5176241785828
-1019.6968875286489
-1027.4633789283216
-1032.5319066853108
-1037.669192765884
-1042.747985068364
-1047.7925930252022
-1052.9175420578529
-1058.077028169263
-1063.0478173312229
-1068.1199418754952
-1073.1192002325815
-1078.158713126284
-1083.1479109923987
-1088.1487073293363
-1093.2245743399878
-1095.3984662018993
-1103.5749580031813
-1108.7629938452073
-1113.8438679380317
-1119.037888686864
-1124.339795715315
-1129.462916300279
-1134.5830339471222
-1139.6385840599833
-1144.5765914504987
-1149.523880406535
-1154.6282149786045
-1159.5394489921032
-1164.5036434135238
-1169.5366681508467
-1171.74967011438
-1179.646674321222
-1184.6825459865047
-1189.8108694109383
-1194.8917774113281
-1199.9772619768387
-1205.2848947639857
-1210.3906528073503
-1215.682330222501
-1220.8456034952849
-1225.8678429196934
-1230.9373550715804
-1236.1618209739058
-1241.2563139042095
-1246.4518154995042
-1248.7612565847755
-1256.3997775380951
-1261.4439702569798
-1266.6136884591374
-1271.7188858598338
-1277.0319601848728
-1282.2966335979988
-1287.5050245320472
-1292.5182202809133
-1297.5377818299335
-1302.3915751503541
-1307.2974365277037
-1312.1986732664152
-1317.1408591590005
-1322.060043360728
-1324.238353749814
-1331.9548797765015
-1336.8974216796614
-1341.878919661152
-1346.961908893741
-1351.9264420826178
-1356.929697103622
-1361.9095816622344
-1366.7296182550904
-1371.7171570472829
-1376.6665375023954
-1381.555028162649
-1386.4486899714532
-1391.477315879548
-1396.409896442553
-1398.5286925626012
-1406.6315898784128
-1411.6203000062444
-1416.5974177886055
-1421.3924370127293
-1426.6716248964995
-1431.5936198937286
-1436.4576586419084
-1441.4427246628381
-1446.5202025634578
-1451.4994022355042
-1456.5194727685491
-1461.6589126467886
-1466.7135693784332
-1471.6728843887072
-1473.9138809311567
-1481.9846957126315
-1487.1031928985071
-1492.3213468662311
-1497.3173656325885
-1502.4960577949248
-1507.5323963850367
-1512.667574243093
-1517.7838251849619
-1522.750109952446
-1527.7545753036627
-1532.8711317308446
-1537.9074651690105
-1542.9754205759793
-1548.192916634443
-1550.1675272090704
-1558.299393326878
-1563.388150764637
-1568.6002788341616
-1573.8435898149025
-1579.063179301168
-1584.2287505779598
-1589.346199331637
-1594.5230317981152
-1599.7128372399093
-1604.7912625500005
-1610.037011034408
-1615.020311166717
-1619.987476776396
-1625.03975464914
-1627.220330045305
-1635.1045676754202
-1640.234594923617
-1645.47008392599
-1650.6640527272968
-1655.7488585660417
-1660.6612149712018
-1665.7360748147921
-1670.472457588849
-1675.360101786462
-1680.3940664096783
-1685.3034398896968
-1690.2080202801476
-1695.1798866666647
-1700.1381795391014
-1702.1862924921252
-1709.8617409386238
-1714.8344102907938
-1719.7948219656582
-1724.728934888466
-1729.5155356095697
-1734.4531541549854
-1739.5038479370526
-1744.4238766691612
-1749.4243455613855
-1754.3631821697707
-1759.3711592588338
-1764.2545093265467
-1769.4351716554422
-1774.4042531376986
-1776.8508895253754
-1784.5402048715569
-1789.4449609166402
-1794.4062139674925
-1799.3815675801952
-1804.77064067876
-1809.8572854847441
-1814.8153907089074
-1819.995400360052
-1825.129750339794
-1830.3697656915624
-1835.6113718139231
-1840.7257014674885
-1845.6553874697754
-1850.767534186757
-1852.9803256189732
-1860.8580371475423
-1866.002315704982
-1871.150145990055
-1876.1843345319278
-1881.1942288122918
-1886.1891778298657
-1891.1977185312548
-1896.10070511447
-1901.2502413525765
-1906.3964319734037
-1911.35079327314
-1916.6190514615369
-1921.5150879726498
-1926.7423849189818
-1928.9258345729195
-1937.0180990440376
-1942.2038542880036
-1947.3282346646802
-1952.5785313962315
-1957.6986651303446
-1962.824830483026
-1967.8679291310243
-1973.0682540443818
-1978.137748213682
-1983.096252058965
-1988.2203240555245
-1993.380592507813
-1998.3991115539702
-2003.5483515944031
-2005.723506488905
-2013.8046631524915
-2018.9820130363864
-2024.007860471772
-2029.0842179726333
-2033.8954822639716
-2038.973823705874
-2043.8665053629063
-2049.0085185613702
-2053.7536450169446
-2058.7280938979293
-2063.7437422501484
-2068.626246441522
-2073.723241226176
-2078.8162987566866
-2080.9025971952137
-2088.818475570936
-2093.6749441604607
-2098.796164925837
-2103.838129560824
-2108.9151735150062
-2113.947196475918
-2118.835015752982
-2123.91727974721
-2128.8202142259734
-2133.8961541562826
-2139.0236720727894
-2143.966211366243
-2149.265805464521
-2154.1715011033516
-2156.7118510873465
-2164.360947588868
-2169.2973667994725
-2174.188050545419
-2179.5456036675605
-2184.4159772585076
-2189.6666103459133
-2194.865283637482
-2199.7757332315823
-2204.992661766721
-2209.9718267590865
-2215.308186545606
-2220.3229129231895
-2225.444174004201
-2230.4331278932423
-2232.67016739294
-2240.4684633881075
-2245.2855418958316
-2250.4416068394053
-2255.276901877566
-2260.2666083685226
-2265.2184956189494
-2270.321670599888
-2275.365799723613
-2280.4576080266615
-2285.7247243441548
-2290.7324632323325
-2295.8997212774975
-2300.9929014064114
-2306.0866624296923
-2308.383361888832
-2316.3667684723573
-2321.503438958587
-2326.6275119624815
-2331.761409283495
-2336.69182509704
-2341.624915562953
-2346.69930302675
-2351.690138217177
-2356.6529614199794
-2361.7011026656437
-2366.753643237209
-2372.075542772966
-2377.2150722120764
-2382.1583522027995
-2384.2927931258932
-2392.2402068377514
-2397.1878895670716
-2402.3333462263895
-2407.4082173647325
-2412.299193541038
-2417.130951466907
-2422.1623567420484
-2427.1234734971804
-2432.1334933094663
-2437.0796901755357
-2442.2594381773742
-2447.0324918782717
-2452.0815896023314
-2457.0953956974204
-2459.357469588518
-2467.2317642824487
-2472.040701939617
-2477.0553381074046
-2482.0677851546316
-2486.987639395717
-2491.868893235529
-2497.172053561189
-2502.1245673910103
-2506.907006456128
-2512.1056888531125
-2517.1720409948093
-2522.0162389323555
-2526.8916188227067
-2531.850336625136
-2534.9946370327493
-2541.9773758484775
-2546.9099932555923
-2551.964572054391
-2556.9162879544083
-2561.920322248729
-2567.1123834518903
-2572.096479825581
-2577.1260508775044
-2582.260632167065
-2587.0913502848725
-2592.2776061545987
-2597.3181536579523
-2602.228137001118
-2607.093150527645
-2609.5585649417335
-2617.25775382889
-2622.4265820635696
-2627.514428452841
-2632.6419181840993
-2638.1379368369176
-2643.293576503498
-2648.7562944893557
-2653.886531630029
-2658.9114454044065
-2664.0806748299487
-2669.1694381589614
-2674.081511179545
-2679.1059837526313
-2684.13184988962
-2686.1731903853924
-2694.105420570063
-2699.1979945402413
-2704.267164933491
-2709.1192665201415
-2714.0237283152974
-2719.195769865453
-2724.155926568787
-2729.297156770417
-2734.058503059011
-2739.254855810383
-2743.8589310534976
-2748.725426990821
-2753.6922274852186
-2758.7412966770485
-2760.914815718401
-2768.335055099412
-2773.009327478862
-2777.756119062978
-2782.554714007063
-2787.2539124743607
-2792.1362400317207
-2797.583348769645
-2802.6416459955312
-2807.7610426798633
-2812.9244533697583
-2817.7592775432813
-2822.8431185531495
-2827.777689947477
-2832.9946992183854
-2836.0041560436553
-2843.162083459885
-2848.258657904062
-2853.4412545673595
-2858.3576395284354
-2863.38052285236
-2868.477616643323
-2873.5395217401324
-2878.608140254097
-2883.654334893933
-2888.6854014029122
-2893.6512203363473
-2898.782980619844
-2903.734603918424
-2908.7515123151875
-2911.7144963268106
-2919.0841128415873
-2923.9534641801856
-2928.9911657329308
-2934.098630272266
-2938.9456194677755
-2944.0174487301815
-2948.9283753419913
-2953.808634849804
-2958.8754653771807
-2963.791020855383
-2968.7393021743214
-2973.562848387075
-2978.500429968962
-2983.836650400129
-2986.7337550689235
-2993.8472214117514
-2998.7329957372253
-3003.729101784072
-3008.9209220308067
-3014.0595492936072
-3019.071935686248
-3024.224045436537
-3029.4912375990534
-3034.6495623459286
-3039.7488223024684
-3044.7297969910446
-3049.782891247101
-3054.560129409205
-3060.0127746678345
-3062.8308939332674
-3070.120255358768
-3075.3242055120636
-3079.943373494918
-3085.147903209615
-3090.2638338120046
-3095.42411445351
-3100.419022963646
-3105.1759239423213
-3110.2314069639424
-3115.170076596466
-3120.213012251181
-3125.183309649601
-3129.996881111341
-3135.069527452227
-3137.672584577064
-3144.9521832763776
-3150.2796649031666
-3155.119819649778
-3160.294963585825
-3165.472372851868
-3170.5633123381645
-3175.7249081238747
-3180.729852480378
-3185.8727115961738
-3190.990333011776
-3196.260243792976
-3201.4069315352035
-3206.4502590907878
-3211.5460674443975
-3214.5326953525473
-3221.8658237123796
-3227.016189766032
-3232.2074556653847
-3237.313172213772
-3242.4805109334825
-3247.5694604516893
-3252.6184836817656
-3257.7583072682996
-3262.9525341650756
-3270.8720607207174
-3275.961055136585
-3281.147101581051
-3286.137898523483
-3291.2234841881864
-3293.3635000864774
-3301.4784884588084
-3306.7269017509648
-3311.923798382134
-3317.1290896572664
-3322.3386541106397
-3327.6129350547562
-3332.8465341337774
-3338.131652008571
-3343.4093326875404
-3348.6382814744343
-3353.915303999988
-3359.3254626078724
-3364.2837396308273
-3368.986514814803
-3371.386176410403
-3378.781232822985
-3383.5984368359873
-3388.4917167302765
-3393.499910072754
-3398.4928833028007
-3403.7825502985465
-3408.7598698458187
-3413.920265233538
-3418.988188782435
-3424.11443398715
-3429.1615611840043
-3434.0718877063136
-3439.0967983935616
-3444.186703742149
-3446.7570687775137
-3454.431898894972
-3459.4833484201504
-3464.6314891463
-3469.661086568736
-3474.6563368158045
-3479.626873766091
-3484.7194809514253
-3489.7461941700994
-3494.68854518357
-3499.5004163515214
-3504.439709317863
-3509.31678398188
-3514.26309719737
-3519.055606551668
-3521.1543465030945
-3528.8173810766953
-3533.6665780833364
-3538.5761888315083
-3543.661872433189
-3548.9430898285846
-3554.307209317388
-3559.558897363864
-3564.7040516046036
-3569.6927607132075
-3574.8355555339704
-3579.798720049122
-3584.8735285055445
-3589.8748584305076
-3594.998684541161
-3597.2263753254983
-3605.011570686877
-3609.9153311587947
-3615.054938421469
-3620.149984721699
-3625.162619000988
-3630.3141830693535
-3635.242229640612
-3640.3558757068135
-3645.448718737011
-3650.4182178725305
-3655.4295815597584
-3660.359605926804
-3665.412438666921
-3670.400408389317
-3672.5831615277116
-3680.5290424543937
-3685.5943143269333
-3690.692365962652
-3695.7630871072215
-3701.0689805595466
-3706.150036610755
-3711.218058622026
-3716.2571095716744
-3721.2510046103425
-3726.3290305743276
-3731.2793548022864
-3736.4928536997822
-3741.572737924561
-3746.643544798629
-3748.9280814650538
-3757.0192230130124
-3762.120535392597
-3767.220601219022
-3772.327683574421
-3777.530342529959
-3782.722884378298
-3787.802230849504
-3792.689013515662
-3797.575792722779
-3802.597936161176
-3807.5328567160022
-3812.6726194825164
-3817.4674975506546
-3822.4342785878553
-3824.451200980539
-3832.112770695712
-3836.9492202595497
-3841.688068958662
-3846.4851115211345
-3851.0805240403297
-3856.147040847634
-3861.327393797798
-3866.2153768751814
-3871.2993008410103
-3876.323819120781
-3881.1930647187023
-3886.219458545781
-3891.1395143743007
-3896.479163613171
-3898.6849422530167
-3906.7888550496227
-3911.991633882264
-3917.2095905182405
-3922.4528997539724
-3927.6351593817326
-3932.5517494948444
-3937.7484739512715
-3943.021008110611
-3947.946315978931
-3953.0764425579737
-3958.21526168045
-3963.2552747131936
-3968.2794827966045
-3973.5441038602967
-3976.085654904276
-3983.9112060160664
-3988.978461105348
-3994.1420812858382
-3999.2590741038707
-4004.547715243313
-4009.763956335367
-4014.7519795965604
-4020.04417005863
-4025.1531007790577
-4030.5094848014674
-4035.7135523108504
-4040.9071904665043
-4046.106944847218
-4051.4442295331683
-4053.8561102818635
-4062.033557149243
-4067.499303860881
-4072.6486243941613
-4078.04740887573
-4083.2893371671557
-4087.8735411481634
-4092.609082991622
-4097.584626420242
-4102.386662747967
-4107.207191222445
-4112.181844257529
-4117.0858661509
-4122.042690259617
-4127.071238819778
-4129.145268000561
-4136.961865884426
-4142.009863743898
-4147.01836335337
-4151.951335967452
-4156.978852268881
-4161.999758046449
-4167.085059369877
-4172.117732495183
-4177.185297168955
-4182.144797267598
-4187.222673098317
-4192.18685615963
-4197.240071018819
-4202.326357642473
-4204.357266812351
-4212.303304821261
-4217.287006815179
-4222.258557321124
-4227.114973740662
-4232.007454751572
-4237.177920325764
-4241.751084451797
-4246.595579999397
-4251.561864552
-4256.435362346061
-4261.337923226119
-4266.120798230053
-4271.142940446121
-4276.061615447237
-4278.730220680015
-4286.0184197799945
-4291.488816463578
-4296.658123219554
-4301.84862531649
-4307.408602613967
-4312.674772209392
-4317.83524513262
-4323.151446081693
-4328.407244446377
-4333.644387720004
-4339.060572064592
-4344.2418255653965
-4349.646708087804
-4354.885213116457
-4357.737620728081
-4365.663538181739
-4371.032392648598
-4376.289946950081
-4381.395334961575
-4386.890915561388
-4391.991214995666
-4397.512472082935
-4402.558098950747
-4407.275817779871
-4412.074712316349
-4416.923626202805
-4421.95177345688
-4426.852222353878
-4431.656310553898
-4434.112527975067
-4441.839336245181
-4446.9273896039895
-4451.894964211637
-4456.8591268699965
-4461.661852848563
-4466.547445665682
-4471.412498867526
-4476.347877550596
-4481.134907709369
-4486.049386508942
-4491.086147072229
-4496.049781001235
-4501.047548640936
-4506.120633680983
-4508.280540383616
-4516.220868672997
-4521.310292688211
-4526.567519308497
-4531.550617600507
-4536.724110570865
-4541.725675256258
-4546.844647161728
-4551.833547975732
-4556.943022692248
-4562.051448600296
-4567.031272937683
-4572.060732857696
-4576.979223131653
-4582.064845934964
-4584.3615558415595
-4592.377039420519
-4597.268320922952
-4602.01487707818
-4606.962260331422
-4612.053925603802
-4616.929431587659
-4621.74606849302
-4626.789191642239
-4632.060039725788
-4636.906842559449
-4641.7540722858585
-4646.882265504651
-4651.939890402032
-4657.184079185527
-4660.232503663429
-4667.39121265938
-4672.5176230244515
-4677.861488267289
-4682.83121168688
-4687.8596247946825
-4693.067681945393
-4698.233198951461
-4703.463720047923
-4708.501803542776
-4713.75627447041
-4719.157907207451
-4724.517017601775
-4729.845947096893
-4735.546850503931
-4738.7582181604685
-4746.00634344739
-4751.483053105705
-4756.6485324783225
-4761.676834598982
-4766.419436940735
-4770.940658641023
-4775.584379532497
-4780.547303847465
-4785.593178285174
-4790.541821914074
-4795.40450191201
-4800.482794265172
-4805.5200412133645
-4810.322502938294
-4812.598336890878
-4820.239851949749
-4825.15646286569
-4830.067131840999
-4834.985749771348
-4839.916070421822
-4844.827354405928
-4849.553431956825
-4854.602622404431
-4859.6202322812815
-4864.553365978209
-4869.533603911878
-4874.677983638682
-4879.748159326399
-4884.857564779881
-4886.837666367613
-4894.896953271009
-4900.155049602429
-4905.318844372558
-4910.063957642512
-4914.94952760156
-4920.01489269177
-4924.822972241829
-4929.810529552459
-4934.799794896811
-4939.466584244834
-4944.465171175525
-4949.341550249969
-4954.16000060678
-4959.115845748751
-4961.822416046436
-4969.060718583878
-4973.883343087432
-4978.947550291424
-4983.6940808187155
-4988.932437905579
-4993.656148933372
-4998.5998863326295
-5004.060894235207
-5009.375566657814
-5014.644622692141
-5020.0425287851485
-5025.448145142154
-5031.013280670589
-5036.327409706387
-5039.471190639435
-5047.000294289085
-5052.377735470758
-5057.500220399339
-5062.677770011077
-5067.818150030573
-5072.796110017239
-5077.996278836697
-5083.287787324677
-5088.375722357421
-5093.537650123998
-5098.792034784946
-5103.934226190094
-5109.1351581765275
-5114.306040105789
-5117.384513959722
-5124.358929457673
-5129.563176905218
-5134.63797456735
-5139.564882098231
-5144.89162898899
-5149.50696292399
-5154.276187738104
-5159.014884072523
-5163.977522050623
-5168.756592567792
-5173.660509151382
-5178.531269427652
-5183.4432048349245
-5188.5570384757875
-5190.875517483239
-5198.551847702161
-5203.377591766156
-5208.331941847279
-5213.420279958623
-5218.2793762917445
-5223.195638072452
-5228.264207319648
-5233.194253899854
-5238.166543802477
-5243.064523914821
-5248.329542754037
-5253.2265212610755
-5258.280506381392
-5263.53074560411
-5265.738224179088
-5273.653726008519
-5278.818037094337
-5283.949447230587
-5289.04199022429
-5293.97443027323
-5299.016989694489
-5304.007336539623
-5308.922996774335
-5313.996636100245
-5319.096936498201
-5324.119670917564
-5329.192328291833
-5334.339033308923
-5339.4893066371305
-5342.362814122768
-5349.795644248759
-5354.793579699532
-5359.925526968089
-5364.939467138453
-5370.008240313066
-5375.220046783906
-5380.267001083842
-5385.530713949642
-5390.621346233763
-5395.676149769542
-5400.842532775482
-5406.003122691065
-5411.285641295319
-5416.434652159541
-5419.351247947464
-5426.793951001648
-5431.8640641302145
-5437.023587692106
-5442.214512457462
-5447.40146652609
-5452.640029724861
-5457.567649486507
-5462.873922227663
-5468.252854254247
-5473.472306735503
-5478.778986791048
-5484.037762570675
-5488.792230381122
-5493.542749456767
-5496.128774303122
-5503.25651688041
-5508.03533472272
-5512.969658888245
-5517.896452981346
-5522.856057223828
-5527.733500040189
-5532.812881387775
-5537.634824908319
-5542.4500325870085
-5547.384977195254
-5552.208999752459
-5557.120114353168
-5562.0081654535825
-5566.860733350443
-5569.392794511062
-5576.9904238774925
-5581.834929298585
-5586.864243759981
-5591.712467770405
-5596.640535495527
-5601.805980221617
-5606.877687716563
-5611.790559313892
-5616.796213920902
-5621.837791972317
-5626.98681875305
-5632.088215893738
-5637.038230209474
-5642.032587479156
-5644.668238596229
-5651.975838226255
-5656.923609023017
-5661.832837521663
-5666.904278053569
-5671.926899930561
-5676.776748998009
-5681.6757319180415
-5686.634403771829
-5691.655044066768
-5696.598057083518
-5701.563985283216
-5706.507394199371
-5711.530883478533
-5716.533458581976
-5719.147109948692
-5726.593021372202
-5732.054085705381
-5737.359430805392
-5742.735925782509
-5748.085315427965
-5753.431132889026
-5758.837355545245
-5764.025202735871
-5769.567740625135
-5774.951385644655
-5780.31274827425
-5785.700989174233
-5790.906987387984
-5796.256478040747
-5798.900467085441
-5806.6292958924
-5811.814528400856
-5816.826057217595
-5822.031284217012
-5827.0792177861285
-5832.140558506333
-5837.449992548576
-5842.620211133209
-5847.5600548305
-5852.581361083692
-5857.430425153515
-5862.47836545518
-5867.252683428171
-5872.0165814416505
-5874.8132205688125
-5881.663120829359
-5886.509986791509
-5891.394227517828
-5896.313732386564
-5901.245582253957
-5905.955016658023
-5910.753123855501
-5915.773157201149
-5920.725081588646
-5925.699854199248
-5930.575832956031
-5935.34145934831
-5940.423400760947
-5945.440573079795
-5948.182501897567
-5955.399822814826
-5960.235271659601
-5965.259880337686
-5970.253712373153
-5975.25651917554
-5980.375766147957
-5985.343967896166
-5990.526719617081
-5995.564129716714
-6000.666870650949
-6005.87757657986
-6011.039236506157
-6016.10585860117
-6021.072922049611
-6024.108564409187
-6031.220875936755
-6036.266536503056
-6041.393573686186
-6046.504831933203
-6051.50513571862
-6056.544785506311
-6061.531811539366
-6066.756125328049
-6071.773693805714
-6076.980035174939
-6082.0714040397315
-6087.220759847704
-6092.2886205279265
-6097.478913408952
-6100.090855989563
-6107.63213116251
-6112.737279294571
-6117.77984023708
-6123.035404313698
-6128.125140642346
-6133.201967590075
-6138.526330213012
-6143.729509986958
-6149.03250521762
-6154.178520762422
-6159.573806776861
-6164.680430250999
-6169.903199966791
-6175.357201071332
-6178.052723330989
-6186.009376103193
-6191.407564730467
-6196.695630794628
-6201.917330305595
-6206.970834483568
-6211.438453983437
-6215.965295107377
-6221.222988202579
-6226.041261819557
-6230.882846762196
-6235.487480421126
-6240.429799317816
-6245.357472427972
-6250.338560189322
-6253.184258101423
-6260.262164734648
-6265.369310208056
-6270.336950556893
-6275.079745398125
-6279.889708020188
-6284.821037925813
-6289.754314474753
-6294.663863819629
-6299.515332410928
-6304.496618970298
-6309.406360303271
-6314.29515324292
-6319.304899639392
-6324.309953944122
-6327.251701329823
-6334.469084360373
-6339.210384368989
-6345.191369243693
-6350.025273212155
-6354.979245190934
-6359.553795295993
