t	x	y
0.00000000000	-0.03047993511	0.07260213029
0.01665365600	-0.02108588796	0.07638783399
0.02498048400	-0.01467652578	0.07744448290
0.03330731200	-0.00804645814	0.07865985279
0.04163413999	-0.00123170282	0.07886282769
0.04996096799	0.00527921168	0.07866474285
0.05828779599	0.01203048237	0.07764828713
0.06661462399	0.01854057898	0.07622437643
0.07494145199	0.02489744383	0.07420755278
0.08326827999	0.03148639683	0.07151286774
0.09159510799	0.03740042629	0.06879563491
0.09992193599	0.04322312786	0.06509960197
0.10824876400	0.04875891499	0.06087747539
0.11657559200	0.05394981354	0.05663209708
0.12490242000	0.05622542158	0.05418558032
0.13322924800	0.06293172965	0.04642970406
0.14155607600	0.06642474737	0.04070023340
0.14988290400	0.06943861942	0.03485414615
0.15820973200	0.07188920631	0.02883721721
0.16653656000	0.07390210991	0.02223051953
0.17486338800	0.07539873980	0.01543088137
0.18319021600	0.07598773441	0.00878788673
0.19151704400	0.07647934516	0.00177645468
0.19984387200	0.07600752485	-0.00532854089
0.20817070000	0.07527201765	-0.01227071347
0.21649752800	0.07387010818	-0.01899122185
0.22482435600	0.07165866507	-0.02590731723
0.23315118400	0.06893064865	-0.03210441255
0.24147801200	0.06587061032	-0.03812886017
0.24980484000	0.06395378773	-0.04120396229
0.25813166800	0.05772615308	-0.04926064441
0.26645849600	0.05290568516	-0.05432090248
0.27853239660	0.04482792109	-0.06069919464
0.28685922460	0.03892982211	-0.06420830540
0.29518605260	0.03246322334	-0.06743313922
0.30351288060	0.02630808372	-0.07006717507
0.31183970860	0.01974683697	-0.07207028912
0.32016653660	0.01319619352	-0.07339960447
0.32849336460	0.00643033787	-0.07443010024
0.33682019260	-0.00032860481	-0.07463257799
0.34514702060	-0.00703395662	-0.07437207058
0.35347384860	-0.01390203626	-0.07343128680
0.36180067660	-0.02050983036	-0.07198998558
0.37012750460	-0.02657568866	-0.06977182271
0.37845433260	-0.02989567957	-0.06840327496
0.38678116060	-0.03867003722	-0.06386308263
0.39510798860	-0.04418167213	-0.06006413308
0.40343481650	-0.04968182766	-0.05576875891
0.41176164450	-0.05455604736	-0.05095631255
0.42008847250	-0.05896570293	-0.04571454833
0.42841530050	-0.06318544637	-0.04014875923
0.43674212850	-0.06653737873	-0.03429722995
0.44506895650	-0.06940672844	-0.02852199086
0.45339578450	-0.07215922352	-0.02194294249
0.46172261250	-0.07397174922	-0.01565403974
0.47004944050	-0.07524344197	-0.00915316125
0.47837626850	-0.07604838096	-0.00256667332
0.48670309650	-0.07618303673	0.00437836101
0.49502992450	-0.07572022019	0.01065123256
0.50335675250	-0.07532081319	0.01462950314
0.51168358050	-0.07297800096	0.02335819330
0.52001040850	-0.07092512753	0.02928764863
0.52833723650	-0.06808338281	0.03517838871
0.53666406450	-0.06491585816	0.04090023463
0.54499089250	-0.06112202152	0.04633721232
0.55331772050	-0.05679231475	0.05122614949
0.56164454850	-0.05228575754	0.05574182907
0.56997137650	-0.04726340978	0.06003580770
0.57829820450	-0.04225911052	0.06392815782
0.58662503250	-0.03647011193	0.06748502939
0.59495186050	-0.03089226043	0.07045994469
0.60327868850	-0.02492746761	0.07314486109
0.61160551650	-0.01865645057	0.07511110222
0.61993234450	-0.01257590788	0.07633323606
0.62825917250	-0.00881583461	0.07686666711
0.63658600050	0.00031257007	0.07744005677
0.64491282850	0.00688483352	0.07686409146
0.65323965650	0.01332877118	0.07590333852
0.66156648450	0.02007317357	0.07434032601
0.66989331250	0.02644614201	0.07208964480
0.67822014050	0.03264551108	0.06954667340
0.68654696850	0.03875419853	0.06615141577
0.69487379650	0.04449662198	0.06235589747
0.70320062450	0.05002684482	0.05832238056
0.71152745250	0.05492635686	0.05400134423
0.71985428050	0.05953535953	0.04893120488
0.72818110850	0.06353104075	0.04385376462
0.73650793650	0.06702107380	0.03801784813
0.74483476450	0.06985455870	0.03238074482
0.75316159250	0.07112338937	0.02950165098
0.76148842050	0.07413203917	0.01961184465
0.76981524850	0.07534001963	0.01298468926
0.77814207650	0.07594980777	0.00626589733
0.78646890450	0.07590560310	-0.00058696315
0.79479573250	0.07528298274	-0.00740855450
0.80270621910	0.07407924718	-0.01403466225
0.81103304710	0.07243160477	-0.02073228850
0.81935987510	0.07023951995	-0.02747995861
0.82768670310	0.06766393523	-0.03373666961
0.83601353110	0.06433501613	-0.03994878000
0.84434035910	0.06041806467	-0.04554696498
0.85266718710	0.05598708037	-0.05080526418
0.86099401510	0.05133169829	-0.05553934119
0.86932084310	0.04632041867	-0.05994330291
0.87764767110	0.04388557004	-0.06176910244
0.88597449910	0.03528831189	-0.06711671332
0.89430132710	0.02894164521	-0.06986481216
0.90262815510	0.02265495932	-0.07206351920
0.91095498310	0.01613029593	-0.07374192512
0.91928181110	0.00919438528	-0.07479532048
0.92760863910	0.00213845792	-0.07532289132
0.93593546710	-0.00455312259	-0.07529820898
0.94426229510	-0.01142210186	-0.07455146257
0.95258912310	-0.01827752760	-0.07339440695
0.96091595110	-0.02478937401	-0.07135761600
0.96924277910	-0.03120964585	-0.06919406794
0.97756960710	-0.03695661796	-0.06626163434
0.98589643510	-0.04293466350	-0.06270375693
0.99422326310	-0.04851835386	-0.05880546585
1.00255009100	-0.05112128618	-0.05655407732
1.01087691900	-0.05825447696	-0.04934814331
1.01920374700	-0.06231625459	-0.04384401254
1.02753057500	-0.06607598457	-0.03788639335
1.03585740300	-0.06942640448	-0.03190635302
1.04418423100	-0.07209943586	-0.02577500977
1.05251105900	-0.07394277413	-0.01922287712
1.06083788700	-0.07562257303	-0.01267256362
1.06916471500	-0.07657880933	-0.00591745761
1.07749154300	-0.07723768176	0.00078584455
1.08581837100	-0.07704916639	0.00738921435
1.09414519900	-0.07603819064	0.01395750106
1.10247202700	-0.07482531440	0.02047263388
1.11079885500	-0.07293981831	0.02704324757
1.11912568300	-0.07048266567	0.03341213671
1.12745251100	-0.06909105500	0.03648043251
1.13577933900	-0.06423967395	0.04470274806
1.14410616700	-0.06050229792	0.04969511987
1.15243299500	-0.05570851370	0.05493467722
1.16075982300	-0.05083859340	0.05939326580
1.16908665100	-0.04541851214	0.06345308299
1.17741347900	-0.03985525505	0.06712193534
1.18574030700	-0.03373915734	0.07048737768
1.19406713500	-0.02750691095	0.07329114615
1.20239396300	-0.02109912212	0.07576764756
1.21072079100	-0.01473979741	0.07717041609
1.21904761900	-0.00803195904	0.07824218642
1.22737444700	-0.00151518766	0.07869454901
1.23570127500	0.00516153492	0.07847765975
1.24402810300	0.01197329225	0.07774647425
1.25235493100	0.01494770678	0.07719225106
1.26068175900	0.02510486091	0.07441032346
1.26900858700	0.03140056488	0.07188092824
1.27733541500	0.03744029608	0.06870521282
1.28566224300	0.04344220815	0.06506904379
1.29398907100	0.04903809239	0.06095797982
1.30231589900	0.05430464003	0.05625665081
1.31064272700	0.05915843088	0.05130148363
1.31896955500	0.06352022697	0.04600768440
1.32688004200	0.06752807360	0.04013054042
1.33520687000	0.07087961370	0.03432832810
1.34353369800	0.07370688697	0.02811018399
1.35186052600	0.07590993307	0.02149811997
1.36018735400	0.07754166189	0.01472888244
1.36851418200	0.07849081229	0.00806053882
1.37684101000	0.07856915956	0.00507376613
1.38516783800	0.07839570931	-0.00592045195
1.39349466600	0.07716119777	-0.01280383435
1.40182149400	0.07548137632	-0.01965644446
1.41014832200	0.07330056228	-0.02637470425
1.41847515000	0.07031448914	-0.03306692688
1.42680197800	0.06715469808	-0.03946502366
1.43512880600	0.06333167459	-0.04525060471
1.44345563400	0.05888054088	-0.05073403635
1.45178246200	0.05402541313	-0.05584133731
1.46010929000	0.04883100272	-0.06028380001
1.46843611800	0.04333747557	-0.06438154446
1.47676294600	0.03741317462	-0.06818116734
1.48508977400	0.03137162068	-0.07113052464
1.49341660200	0.02513542822	-0.07365896882
1.50174343000	0.02224894132	-0.07453793298
1.51007025800	0.01179720414	-0.07652234958
1.51839708600	0.00510103430	-0.07707242393
1.52672391400	-0.00194159781	-0.07703395582
1.53505074200	-0.00862868827	-0.07644566639
1.54337757000	-0.01559318707	-0.07543045553
1.55170439800	-0.02213619942	-0.07366684823
1.56003122600	-0.02867247201	-0.07142949314
1.56835805400	-0.03514583902	-0.06834042609
1.57668488200	-0.04120059709	-0.06497746793
1.58501171000	-0.04695931610	-0.06111014101
1.59333853800	-0.05226386549	-0.05679268405
1.60166536600	-0.05728461370	-0.05193500962
1.60999219400	-0.06173072048	-0.04662001344
1.61831902200	-0.06562045538	-0.04081872746
1.62664585000	-0.06725446654	-0.03777520224
1.63497267800	-0.07175421060	-0.02821872774
1.64329950600	-0.07378872331	-0.02177831718
1.65162633400	-0.07529548392	-0.01520275658
1.65995316200	-0.07631960772	-0.00864441230
1.66827999000	-0.07668594014	-0.00159808615
1.67660681800	-0.07657957154	0.00512016248
1.68493364600	-0.07562225259	0.01123869517
1.69326047400	-0.07445666970	0.01828065449
1.70158730200	-0.07297979942	0.02508023204
1.70991413000	-0.07051643761	0.03140922612
1.71824095800	-0.06764227512	0.03746145228
1.72656778600	-0.06482072191	0.04313557458
1.73489461400	-0.06065545648	0.04866980818
1.74322144200	-0.05659304240	0.05347487780
1.75154827000	-0.05431111425	0.05573356454
1.75987509800	-0.04666052522	0.06231850576
1.76820192600	-0.04108380670	0.06618935838
1.77652875400	-0.03535597620	0.06944818527
1.78485558200	-0.02915843162	0.07245208191
1.79318241000	-0.02286290710	0.07471874817
1.80150923800	-0.01637965965	0.07659404673
1.80983606600	-0.00959679315	0.07779125012
1.81816289400	-0.00298380781	0.07829137282
1.82648972200	0.00393239597	0.07866204150
1.83481655000	0.01080179236	0.07814588456
1.84314337800	0.01733321899	0.07687059531
1.85105386400	0.02395835541	0.07521082636
1.85938069200	0.03028486567	0.07278420715
1.86770752000	0.03643528350	0.06993899437
1.87603434800	0.03898360985	0.06835417130
1.88436117600	0.04784967890	0.06244151089
1.89268800400	0.05316722790	0.05795701830
1.90101483200	0.05812069111	0.05294291331
1.90934166000	0.06274916130	0.04771905383
1.91766848800	0.06672139931	0.04202875458
1.92599531600	0.07034658926	0.03597099495
1.93432214400	0.07333682740	0.02951537595
1.94264897200	0.07573471574	0.02308533002
1.95097580000	0.07773771178	0.01635364911
1.95930262800	0.07895864914	0.00952820043
1.96762945600	0.07959265638	0.00255871177
1.97595628400	0.07967895436	-0.00438208429
1.98428311200	0.07891382832	-0.01129955296
1.99260994000	0.07748276731	-0.01820848335
2.00093676800	0.07670047986	-0.02112462298
2.00926359600	0.07276902078	-0.03175413522
2.01759042400	0.06939618499	-0.03809252827
2.02591725200	0.06580281953	-0.04412414535
2.03424408000	0.06142132278	-0.04980529386
2.04257090800	0.05656502865	-0.05527625376
2.05089773600	0.05142702588	-0.06013445506
2.05922456400	0.04582123704	-0.06443632705
2.06755139200	0.03995327138	-0.06820389311
2.07587822000	0.03396301741	-0.07145059539
2.08420504800	0.02765743051	-0.07406725272
2.09253187600	0.02097442992	-0.07629391518
2.10085870400	0.01433460991	-0.07764093138
2.10918553200	0.00753463699	-0.07830238724
2.11751236000	0.00063619956	-0.07867094655
2.12583918800	-0.00240125641	-0.07860858296
2.13416601600	-0.01311641592	-0.07716656321
2.14249284400	-0.01979511523	-0.07554824665
2.15081967200	-0.02639941088	-0.07328356103
2.15914650000	-0.03277276195	-0.07062941146
2.16747332800	-0.03886030494	-0.06736975236
2.17580015600	-0.04487714453	-0.06341770875
2.18412698400	-0.05044427733	-0.05929142025
2.19245381200	-0.05576200611	-0.05444944591
2.20078064000	-0.06045614880	-0.04922675753
2.20910746800	-0.06458507497	-0.04378026748
2.21743429600	-0.06814765338	-0.03787232396
2.22576112400	-0.07132953053	-0.03151686454
2.23408795200	-0.07372409475	-0.02501689785
2.24241478000	-0.07563214884	-0.01822495708
2.25074160800	-0.07620911205	-0.01514337072
2.25906843600	-0.07739051114	-0.00486929993
2.26739526400	-0.07731120837	0.00194881241
2.27572209200	-0.07661253182	0.00888292132
2.28404892000	-0.07515150499	0.01558896410
2.29237574800	-0.07359854262	0.02254623166
2.30070257600	-0.07155824043	0.02934326176
2.30902940400	-0.06876232649	0.03580306602
2.31735623200	-0.06553494326	0.04177966794
2.32568306000	-0.06183905259	0.04751559407
2.33400988800	-0.05768033100	0.05265382887
2.34233671600	-0.05294323204	0.05736888074
2.35066354400	-0.04791811423	0.06177270698
2.35899037200	-0.04243853999	0.06570268487
2.36731720000	-0.03680045099	0.06938690309
2.37564402800	-0.03413199341	0.07072620340
2.38397085600	-0.02443386539	0.07499869194
2.39188134300	-0.01786483152	0.07675389343
2.40020817100	-0.01117169047	0.07828988723
2.40853499900	-0.00420595986	0.07924642369
2.41686182700	0.00267179487	0.07943393716
2.42518865500	0.00963885824	0.07930655852
2.43351548300	0.01649293412	0.07819976610
2.44184231100	0.02306467123	0.07673441369
2.45016913900	0.02976941510	0.07474208068
2.45849596700	0.03612411437	0.07192942987
2.46682279500	0.04222178296	0.06875138516
2.47514962300	0.04797877951	0.06496118408
2.48347645100	0.05353884966	0.06056295972
2.49180327900	0.05866319878	0.05584489098
2.50013010700	0.06073204925	0.05367698324
2.50845693500	0.06776953598	0.04463218521
2.51678376300	0.07151841640	0.03863712265
2.52511059100	0.07463886914	0.03230311672
2.53343741900	0.07716969201	0.02598181114
2.54176424700	0.07951731760	0.01883868287
2.55009107500	0.08085247431	0.01194845437
2.55841790300	0.08165689472	0.00505492225
2.56674473100	0.08176027520	-0.00205918312
2.57507155900	0.08130148108	-0.00929217401
2.58339838700	0.08030614643	-0.01633759764
2.59172521500	0.07842325822	-0.02325902218
2.60005204300	0.07595386785	-0.03016264019
2.60837887100	0.07285295490	-0.03666283988
2.61670569900	0.06945266147	-0.04284944461
2.62503252700	0.06771827506	-0.04552861028
2.63335935500	0.06052443614	-0.05446718064
2.64168618300	0.05530737452	-0.05952447510
2.65001301100	0.04963217245	-0.06426599849
2.65833983900	0.04383598150	-0.06832710240
2.66666666700	0.03747171297	-0.07197040018
2.67499349500	0.03105572097	-0.07509521137
2.68332032300	0.02421127784	-0.07757880006
2.69164715100	0.01719765604	-0.07943373734
2.69997397900	0.01026453569	-0.08068707985
2.70830080700	0.00317882069	-0.08107141446
2.71662763500	-0.00405925054	-0.08093784577
2.72495446300	-0.01112851141	-0.08012217804
2.73328129100	-0.01811986015	-0.07863963602
2.74160811900	-0.02514506165	-0.07651101756
2.74993494700	-0.02775093565	-0.07555695045
2.75826177500	-0.03802453703	-0.07062102023
2.76658860300	-0.04413950525	-0.06697120676
2.77491543100	-0.04991873982	-0.06253150118
2.78324225900	-0.05539451512	-0.05767696543
2.79156908700	-0.06032228767	-0.05232069597
2.79989591500	-0.06478442900	-0.04667460375
2.80822274300	-0.06879042723	-0.04076977978
2.81654957100	-0.07224352118	-0.03442275145
2.82487639900	-0.07505000548	-0.02774272560
2.83320322700	-0.07721043690	-0.02099025548
2.84153005500	-0.07902707424	-0.01388197554
2.84985688300	-0.08004960762	-0.00697483954
2.85818371100	-0.08049320675	-0.00001759352
2.86651053900	-0.08039642618	0.00708998930
2.87483736700	-0.07994920372	0.01012875531
2.88316419500	-0.07801692789	0.02105725524
2.89149102300	-0.07591167063	0.02798210794
2.89981785100	-0.07323023861	0.03488210885
2.90814467900	-0.06994867693	0.04147314972
2.91647150700	-0.06626412309	0.04770133845
2.92479833500	-0.06208658792	0.05332981115
2.93312516300	-0.05710726252	0.05859374696
2.94103564900	-0.05221414136	0.06327881823
2.94936247700	-0.04667577535	0.06755968886
2.95768930500	-0.04069601065	0.07162066321
2.96601613300	-0.03450225263	0.07502514175
2.97434296100	-0.02795563865	0.07768389105
2.98266978900	-0.02117199234	0.08001902533
2.99099661700	-0.01421428015	0.08176581183
2.99932344500	-0.01128501649	0.08223630368
3.00765027300	-0.00020077321	0.08320203486
3.01597710100	0.00702730781	0.08308751177
3.02430392900	0.01418540434	0.08216900535
3.03263075700	0.02123675223	0.08078345340
3.04095758500	0.02794261551	0.07883956820
3.04928441300	0.03472093641	0.07635351493
3.05761124100	0.04128880992	0.07296629020
3.06593806900	0.04751410987	0.06933061136
3.07426489700	0.05350926439	0.06508683894
3.08259172500	0.05903150266	0.06035852588
3.09091855300	0.06400912470	0.05491836894
3.09924538100	0.06847112378	0.04928397464
3.10757220900	0.07267989905	0.04292257464
3.11589903700	0.07617886267	0.03649184275
3.12422586500	0.07769189938	0.03321714038
3.13255269300	0.08143122763	0.02252135450
3.14087952100	0.08289130993	0.01544537261
3.14920634900	0.08408122388	0.00823502955
3.15753317700	0.08427892424	0.00090971523
3.16586000500	0.08399697908	-0.00701008030
3.17418683300	0.08283980595	-0.01439422990
3.18251366100	0.08126439586	-0.02149433416
3.19084048900	0.07890688432	-0.02871258366
3.19916731700	0.07592023717	-0.03561172060
3.20749414500	0.07226151935	-0.04234434053
3.21582097300	0.06781756963	-0.04857297322
3.22414780100	0.06321506034	-0.05442288483
3.23247462900	0.05827833727	-0.05962707713
3.24080145700	0.05276552116	-0.06462212501
3.24912828500	0.05026676687	-0.06665861665
3.25745511300	0.04045433661	-0.07255699556
3.26578194100	0.03375122355	-0.07581473563
3.27410876900	0.02684584833	-0.07863481556
3.28243559700	0.01984250005	-0.08068894582
3.29076242500	0.01270305794	-0.08200212783
3.29908925300	0.00550757376	-0.08268432853
3.30741608100	-0.00172782548	-0.08264269503
3.31574290900	-0.00876500768	-0.08200668992
3.32406973700	-0.01606465769	-0.08076071008
3.33239656500	-0.02314879219	-0.07867093595
3.34072339300	-0.02982977892	-0.07630947115
3.34905022100	-0.03648808035	-0.07280453722
3.35737704900	-0.04247402965	-0.06927036496
3.36570387700	-0.04843736157	-0.06488347980
3.37403070500	-0.05085099539	-0.06296221722
3.38235753300	-0.05906713380	-0.05504611982
3.39068436100	-0.06366582243	-0.04937741470
3.39901118900	-0.06760503809	-0.04335463229
3.40733801700	-0.07111042721	-0.03689395505
3.41566484500	-0.07402044471	-0.03036001142
3.42399167300	-0.07664503574	-0.02368920795
3.43231850100	-0.07822996615	-0.01681685818
3.44022898800	-0.07940563328	-0.00965378115
3.44855581600	-0.07996932502	-0.00260011266
3.45688264400	-0.07991160462	0.00432261516
3.46520947200	-0.07914872966	0.01143416642
3.47353630000	-0.07759847510	0.01845879034
3.48186312800	-0.07551755030	0.02512004482
3.49018995600	-0.07295254213	0.03179389869
3.49851678400	-0.07158867618	0.03448948339
3.50684361200	-0.06605554755	0.04422812066
3.51517044000	-0.06177455282	0.04999194474
3.52349726800	-0.05692393802	0.05498590217
3.53182409600	-0.05197347623	0.05996643754
3.54015092400	-0.04664327361	0.06395330077
3.54847775200	-0.04078632924	0.06780965830
3.55680458000	-0.03476157255	0.07085232844
3.56513140800	-0.02824124079	0.07360365430
3.57345823600	-0.02207339458	0.07574832325
3.58178506400	-0.01540961896	0.07731488578
3.59011189200	-0.00857166260	0.07818838173
3.59843872000	-0.00188899028	0.07876989972
3.60676554800	0.00512206197	0.07871080880
3.61509237600	0.01205339879	0.07771398766
3.62341920400	0.01482824661	0.07698319938
3.63174603200	0.02531538221	0.07428491941
3.64007286000	0.03151394375	0.07187615292
3.64839968800	0.03778631113	0.06874394383
3.65672651600	0.04358296416	0.06500982498
3.66505334400	0.04891346056	0.06058627784
3.67338017200	0.05428114518	0.05631353884
3.68170700000	0.05869998229	0.05132461665
3.69003382800	0.06300863021	0.04591758245
3.69836065600	0.06645458541	0.04021428956
3.70668748400	0.06984402176	0.03422204664
3.71501431200	0.07236030836	0.02774222408
3.72334114000	0.07451190268	0.02141350669
3.73166796800	0.07604988507	0.01441678784
3.73999479600	0.07714325493	0.00787469497
3.74832162400	0.07742694032	0.00444834121
3.75664845200	0.07699125160	-0.00587136930
3.76497528000	0.07607986123	-0.01245496485
3.77330210800	0.07467982119	-0.01888032848
3.78162893600	0.07252070636	-0.02574590735
3.78995576400	0.07002142453	-0.03178667359
3.79828259200	0.06678228416	-0.03804037973
3.80660942000	0.06290086126	-0.04382361214
3.81493624800	0.05885613962	-0.04899487006
3.82326307600	0.05411274965	-0.05409889030
3.83158990400	0.04908642453	-0.05844053981
3.83991673200	0.04330865606	-0.06256474056
3.84824356000	0.03768920777	-0.06613765715
3.85657038800	0.03165898036	-0.06929030181
3.86489721600	0.02555013536	-0.07188461151
3.87322404400	0.02279195000	-0.07304255402
3.88155087200	0.01270000386	-0.07563645925
3.88987770000	0.00630978526	-0.07651097827
3.89820452800	-0.00059158102	-0.07675248994
3.90653135600	-0.00705064952	-0.07633827960
3.91485818400	-0.01363487799	-0.07527724084
3.92318501200	-0.02004933795	-0.07369978544
3.93151184000	-0.02649631588	-0.07154567434
3.93983866800	-0.03263616322	-0.06883761556
3.94774915400	-0.03863877977	-0.06570675148
3.95607598200	-0.04433098305	-0.06163694671
3.96440281000	-0.04935484470	-0.05731458223
3.97272963800	-0.05415345495	-0.05247885955
3.98105646600	-0.05863656620	-0.04749498482
3.98938329400	-0.06265154878	-0.04212126673
3.99771012200	-0.06405889360	-0.03943494135
4.00603695000	-0.06882585177	-0.03011682572
4.01436377800	-0.07121654731	-0.02382397045
4.02269060600	-0.07300080229	-0.01735420591
4.03101743400	-0.07426827615	-0.01075328807
4.03934426200	-0.07495779358	-0.00433276973
4.04767109000	-0.07495600704	0.00212633195
4.05599791800	-0.07452293197	0.00875351345
4.06432474600	-0.07356240888	0.01522083838
4.07265157400	-0.07195402131	0.02152286705
4.08097840200	-0.06980589060	0.02778069393
4.08930523000	-0.06708583910	0.03381939626
4.09763205800	-0.06369714621	0.03991926567
4.10595888600	-0.05989427571	0.04548706800
4.11428571400	-0.05560652397	0.05034731293
4.12261254200	-0.05365540391	0.05234694114
4.13093937000	-0.04599420956	0.05938137488
4.13926619800	-0.04074387195	0.06319277599
4.14759302600	-0.03487375171	0.06651874458
4.15591985400	-0.02881533370	0.06925238633
4.16424668200	-0.02276348449	0.07132395729
4.17257351000	-0.01665325132	0.07289283912
4.18090033800	-0.01016862219	0.07387176713
4.18922716600	-0.00374554606	0.07454255874
4.19755399400	0.00277770948	0.07456197081
4.20588082200	0.00923817951	0.07438349732
4.21420765000	0.01585501604	0.07296580628
4.22253447800	0.02199102501	0.07178378134
4.23086130600	0.02817530710	0.06945142573
4.23918813400	0.03423279051	0.06690999666
4.24751496200	0.03669146601	0.06523002946
4.25584179000	0.04541075563	0.05975763982
4.26416861800	0.05029936802	0.05578336494
4.27249544600	0.05503714128	0.05122367311
4.28082227400	0.05936251546	0.04626608516
4.28914910200	0.06345821001	0.04122970971
4.29747593000	0.06681674947	0.03572345336
4.30580275800	0.06977525155	0.02937087040
4.31412958600	0.07228198892	0.02331222451
4.32245641400	0.07392766538	0.01719397705
4.33078324200	0.07523463966	0.01043205524
4.33911007000	0.07585877885	0.00374722000
4.34743689800	0.07584652780	-0.00267014218
4.35576372600	0.07532808027	-0.00910451924
4.36409055400	0.07437932543	-0.01560686030
4.37241738200	0.07339735319	-0.01965939835
4.38074421000	0.07030083417	-0.02837109508
4.38907103800	0.06729939025	-0.03415768988
4.39739786600	0.06399819670	-0.03993550920
4.40572469400	0.06021863985	-0.04524020876
4.41405152200	0.05580150377	-0.05010356330
4.42237835000	0.05095671323	-0.05485972721
4.43070517800	0.04592033264	-0.05897978858
4.43903200600	0.04048065409	-0.06263599139
4.44735883400	0.03467631960	-0.06593853417
4.45568566200	0.02884655203	-0.06826060257
4.46401249000	0.02253648528	-0.07052096667
4.47233931800	0.01628722234	-0.07237902590
4.48066614600	0.01002192198	-0.07342998246
4.48899297400	0.00375465885	-0.07394311315
4.49731980200	0.00057363294	-0.07445284537
4.50564663000	-0.00932746471	-0.07324068903
4.51397345800	-0.01581805663	-0.07178583053
4.52230028600	-0.02210298253	-0.07004019848
4.53021077300	-0.02819045621	-0.06758381287
4.53853760100	-0.03458378157	-0.06466657909
4.54686442900	-0.04017029232	-0.06116836888
4.55519125700	-0.04577925215	-0.05702693076
4.56351808500	-0.05056368553	-0.05256817031
4.57184491300	-0.05500001071	-0.04796022295
4.58017174100	-0.05913282411	-0.04283542924
4.58849856900	-0.06284532634	-0.03750878212
4.59682539700	-0.06568340728	-0.03192034596
4.60515222500	-0.06819231842	-0.02603195434
4.61347905300	-0.07025051206	-0.01996917145
4.62180588100	-0.07105685115	-0.01748849525
4.63013270900	-0.07307823395	-0.00754491339
4.63845953700	-0.07355390935	-0.00102964809
4.64678636500	-0.07362153265	0.00549320311
4.65511319300	-0.07299752581	0.01171748683
4.66344002100	-0.07176982045	0.01792579950
4.67176684900	-0.06992926339	0.02434615718
4.68009367700	-0.06778813410	0.03040254070
4.68842050500	-0.06510741420	0.03653232864
4.69674733300	-0.06189549403	0.04184105442
4.70507416100	-0.05807823150	0.04746011390
4.71340098900	-0.05418648053	0.05207005817
4.72172781700	-0.04967097868	0.05658991816
4.73005464500	-0.04484892340	0.06103705483
4.73838147300	-0.03937419906	0.06486445359
4.74670830100	-0.03678798755	0.06613520651
4.75503512900	-0.02815628146	0.07087981208
4.76336195700	-0.02226807666	0.07287802802
4.77168878500	-0.01619801599	0.07464198316
4.78001561300	-0.00989565264	0.07572365464
4.78834244100	-0.00366412175	0.07639156943
4.79666926900	0.00285060017	0.07642009671
4.80499609700	0.01008800509	0.07577405568
4.81332292500	0.01675209036	0.07468949359
4.82164975300	0.02333026769	0.07283538550
4.82997658100	0.02984078939	0.07055901666
4.83830340900	0.03584964978	0.06811220896
4.84663023700	0.04181741257	0.06478080499
4.85495706500	0.04750962149	0.06129830562
4.86328389300	0.05292834200	0.05676922671
4.87161072100	0.05590971195	0.05398354430
4.87993754900	0.06238922301	0.04673752730
4.88826437700	0.06644535002	0.04110374616
4.89659120500	0.07007007474	0.03502539836
4.90491803300	0.07301123771	0.02896965339
4.91324486100	0.07553361232	0.02254550951
4.92157168900	0.07727403899	0.01575302112
4.92989851700	0.07854721466	0.00889444500
4.93822534500	0.07923096570	0.00192509973
4.94655217300	0.07914100069	-0.00505448253
4.95487900100	0.07846764625	-0.01198677676
4.96320582900	0.07715256378	-0.01873819371
4.97153265700	0.07530018574	-0.02560931705
4.97985948500	0.07284161766	-0.03202771858
4.98818631300	0.06968515727	-0.03823297940
4.99651314100	0.06783716460	-0.04192080077
5.00483996900	0.06172061172	-0.05013056993
5.01316679700	0.05707872335	-0.05503076029
5.02149362500	0.05203082560	-0.05983598227
5.02982045300	0.04632606344	-0.06399372575
5.03814728100	0.04081684597	-0.06778482628
5.04647410900	0.03469028196	-0.07118062770
5.05438459500	0.02841042163	-0.07373603538
5.06271142300	0.02198818009	-0.07572640802
5.07103825100	0.01525978478	-0.07760386010
5.07936507900	0.00853949840	-0.07849284721
5.08769190700	0.00173649956	-0.07890712334
5.09601873500	-0.00490419981	-0.07876498007
5.10434556300	-0.01163048213	-0.07781737834
5.11267239100	-0.01875429367	-0.07614351168
5.12099921900	-0.02268951311	-0.07546652523
5.12932604700	-0.03155884683	-0.07139406449
5.13765287500	-0.03741627549	-0.06824888871
5.14597970300	-0.04305914829	-0.06449348042
5.15430653100	-0.04847424879	-0.06002992801
5.16263335900	-0.05355811648	-0.05534582206
5.17096018700	-0.05806418313	-0.05034657548
5.17928701500	-0.06222875192	-0.04484110332
5.18761384300	-0.06610224606	-0.03895081667
5.19594067100	-0.06935679167	-0.03285953367
5.20426749900	-0.07167514906	-0.02644403230
5.21259432700	-0.07386372872	-0.02016554736
5.22092115500	-0.07536772361	-0.01358402881
5.22924798300	-0.07620395345	-0.00725690009
5.23757481100	-0.07671433710	0.00001710423
5.24590163900	-0.07664703040	0.00379009328
5.25422846700	-0.07555182251	0.01348538781
5.26255529500	-0.07416840231	0.02032386137
5.27088212300	-0.07237468938	0.02626125668
5.27920895100	-0.06967991371	0.03271152516
5.28753577900	-0.06673780957	0.03894193705
5.29586260700	-0.06307517041	0.04486515652
5.30418943500	-0.05914029626	0.05036620442
5.31251626300	-0.05487198213	0.05520998459
5.32084309100	-0.05002449590	0.06010823216
5.32916991900	-0.04474539544	0.06430849420
5.33749674700	-0.03907126018	0.06825820725
5.34582357500	-0.03317319554	0.07173848317
5.35415040300	-0.02705850294	0.07433003621
5.36247723100	-0.02051899152	0.07695131408
5.37080405900	-0.01701729820	0.07786934615
5.37913088700	-0.00703370499	0.07963014924
5.38745771500	0.00039018354	0.07993742612
5.39578454300	0.00717129217	0.08004004232
5.40411137100	0.01438082272	0.07917211518
5.41243819900	0.02150111050	0.07767592256
5.42076502700	0.02835088087	0.07557319220
5.42909185500	0.03519308060	0.07304453962
5.43741868300	0.04159606225	0.06997267922
5.44574551100	0.04788156872	0.06621216152
5.45407233900	0.05381165922	0.06192433081
5.46239916700	0.05946290055	0.05690297335
5.47072599500	0.06445610527	0.05144186703
5.47905282300	0.06891321667	0.04569874862
5.48737965100	0.07295950352	0.03953785641
5.49570647900	0.07491064568	0.03567808706
5.50403330700	0.07903086366	0.02588345528
5.51236013500	0.08099315541	0.01867463923
5.52068696300	0.08235515418	0.01127033541
5.52901379100	0.08318317196	0.00390365280
5.53734061900	0.08319095025	-0.00360384454
5.54566744700	0.08269572144	-0.01098910537
5.55399427500	0.08138934238	-0.01822024360
5.56232110300	0.07941117421	-0.02543241139
5.57439500400	0.07680422097	-0.03252639235
5.58272183200	0.07130819205	-0.04262985917
5.59104866000	0.06708896561	-0.04867334824
5.59937548800	0.06225270869	-0.05439668593
5.60770231600	0.05708325815	-0.05939686644
5.61602914400	0.05139131329	-0.06397157855
5.62435597200	0.04880388525	-0.06562710340
5.63268280000	0.03884495499	-0.07147949574
5.64100962800	0.03206309731	-0.07454600517
5.64933645600	0.02507775837	-0.07683355428
5.65766328400	0.01792887664	-0.07846462769
5.66599011200	0.01067955283	-0.07939102302
5.67431694000	0.00333291317	-0.07995231105
5.68264376800	-0.00396166968	-0.07967589998
5.69097059600	-0.01125394443	-0.07876239486
5.69929742400	-0.01839346658	-0.07715194465
5.70762425200	-0.02529235049	-0.07498892212
5.71595108000	-0.03206157323	-0.07229890981
5.72427790800	-0.03865082915	-0.06880330391
5.73260473600	-0.04439952833	-0.06512696977
5.74093156400	-0.04951041960	-0.06116970796
5.74925839200	-0.05175763062	-0.05873606942
5.75758522000	-0.05881189325	-0.05151995754
5.76591204800	-0.06264871773	-0.04619125654
5.77423887600	-0.06623794557	-0.04060383850
5.78256570400	-0.06924680959	-0.03452532138
5.79089253200	-0.07191494001	-0.02833836729
5.79921936000	-0.07410861682	-0.02155502085
5.80754618800	-0.07556137610	-0.01501656136
5.81587301600	-0.07662989014	-0.00816196067
5.82419984400	-0.07697513996	-0.00135947897
5.83252667200	-0.07677643183	0.00552284436
5.84085350000	-0.07590419033	0.01224154317
5.84918032800	-0.07454964557	0.01868669572
5.85750715600	-0.07235571269	0.02505088411
5.86583398400	-0.06991133284	0.03139990010
5.87416081200	-0.06851957848	0.03454731256
5.88248764000	-0.06320982873	0.04333238318
5.89081446800	-0.05915279600	0.04873293571
5.89914129600	-0.05446952020	0.05377332211
5.90746812400	-0.04959605898	0.05840121092
5.91579495200	-0.04445366039	0.06268281357
5.92412178000	-0.03892041423	0.06640958633
5.93244860800	-0.03300224461	0.06987827196
5.94077543600	-0.02679832969	0.07262519487
5.94910226400	-0.02049555359	0.07486032045
5.95742909200	-0.01416823496	0.07644805536
5.96575592000	-0.00755381581	0.07759346678
5.97408274800	-0.00093174384	0.07813408629
5.98240957600	0.00582422963	0.07813280492
5.99073640400	0.01234358896	0.07744780406
5.99906323200	0.01517922848	0.07698259037
6.00739006000	0.02533485722	0.07434671786
6.01571688800	0.03152718856	0.07193492116
6.02404371600	0.03760751744	0.06904532411
6.03237054400	0.04357512134	0.06543242388
6.04069737200	0.04953279119	0.06129228273
6.04902420000	0.05520426211	0.05655567079
6.05735102800	0.06023478643	0.05133837635
6.06567785600	0.06460465212	0.04573578511
6.07358834200	0.06844627237	0.04000837427
6.08191517000	0.07176314285	0.03371479312
6.09024199800	0.07454730311	0.02742995779
6.09856882600	0.07675003634	0.02074679510
6.10689565400	0.07829254145	0.01398147357
6.11522248200	0.07914422703	0.00692605364
6.12354931000	0.07941109196	0.00384720792
6.13187613800	0.07915376258	-0.00694116437
6.14020296600	0.07832383756	-0.01369129515
6.14852979400	0.07665598279	-0.02061870824
6.15685662200	0.07459373399	-0.02737124402
6.16518345000	0.07187345745	-0.03376382434
6.17351027800	0.06851728503	-0.04006102439
6.18183710600	0.06472630534	-0.04573086882
6.19016393400	0.06041162595	-0.05133415445
6.19849076200	0.05544698692	-0.05632233964
6.20681759000	0.05029564566	-0.06083636628
6.21514441800	0.04468640864	-0.06484824165
6.22347124600	0.03894045192	-0.06843520758
6.23179807400	0.03266786774	-0.07139375704
6.24012490200	0.02628362613	-0.07381466240
6.24845173000	0.02345788971	-0.07477719753
6.25677855800	0.01281234330	-0.07680267686
6.26510538600	0.00598277830	-0.07765240439
6.27343221400	-0.00093908699	-0.07770905130
6.28175904200	-0.00778702771	-0.07715624269
6.29008587000	-0.01484985945	-0.07590787315
6.29841269800	-0.02149622245	-0.07423203814
6.30673952600	-0.02793722449	-0.07195918615
6.31506635400	-0.03417239470	-0.06927309072
6.32339318200	-0.03991607096	-0.06577704863
6.33172001000	-0.04548278707	-0.06185160364
6.34004683800	-0.05056070379	-0.05759388198
6.34837366600	-0.05549201354	-0.05267311035
6.35670049400	-0.05987599582	-0.04750353404
6.36502732200	-0.06383730643	-0.04202337254
6.37335415000	-0.06526598346	-0.03932734319
6.38168097800	-0.07041184887	-0.02986018060
6.39000780600	-0.07297631039	-0.02354182528
6.39833463400	-0.07496976414	-0.01700436737
6.40666146200	-0.07655128014	-0.01031247822
6.41498829000	-0.07744259699	-0.00334012775
6.42331511800	-0.07785797750	0.00370285584
6.43164194600	-0.07752123553	0.01062216335
6.43996877400	-0.07657765600	0.01724209124
6.44829560200	-0.07505821856	0.02377497117
6.45662243000	-0.07298974740	0.03037961476
6.46494925800	-0.07044489556	0.03672265126
6.47327608600	-0.06711344457	0.04304078883
6.48160291400	-0.06361637763	0.04875725215
6.48992974200	-0.05925063327	0.05416830321
6.49825657000	-0.05740613914	0.05631682747
6.50658339800	-0.04963107816	0.06378325159
6.51491022600	-0.04430941331	0.06809830622
6.52323705400	-0.03863481608	0.07171685939
6.53156388200	-0.03261421216	0.07495428362
6.53989071000	-0.02654489423	0.07744537877
6.54821753800	-0.01959939174	0.07947723098
6.55654436600	-0.01239081796	0.08123409615
6.56487119400	-0.00542732576	0.08204528144
6.57319802200	0.00186409009	0.08218742167
6.58152485000	0.00907058297	0.08184833675
6.58985167800	0.01599608895	0.08083750586
6.59817850600	0.02300069770	0.07906868085
6.60650533400	0.02969147163	0.07678952557
6.61483216200	0.03672968590	0.07373549264
6.62274264900	0.03958596981	0.07235038680
6.63106947700	0.04942371358	0.06609284036
6.63939630500	0.05535136766	0.06149197584
6.64772313300	0.06078743256	0.05627088271
6.65604996100	0.06570787805	0.05050530158
6.66437678900	0.07018933608	0.04448311252
6.67270361700	0.07360992212	0.03823443871
6.68103044500	0.07697824800	0.03149502620
6.68935727300	0.07941917792	0.02424904119
6.69768410100	0.08123713139	0.01734705633
6.70601092900	0.08232358101	0.00999659307
6.71433775700	0.08278749894	0.00257962855
6.72266458500	0.08247949874	-0.00469114303
6.73099141300	0.08148222543	-0.01185717354
6.73931824100	0.07984592645	-0.01923432751
6.74764506900	0.07894176977	-0.02276396141
6.75597189700	0.07481901265	-0.03317273104
6.76429872500	0.07147362283	-0.03958335906
6.77262555300	0.06742521298	-0.04572255826
6.78095238100	0.06294548446	-0.05144524362
6.78927920900	0.05780739531	-0.05690187777
6.79760603700	0.05230651803	-0.06181748248
6.80593286500	0.04664886384	-0.06601145451
6.81425969300	0.04034758154	-0.07000864546
6.82258652100	0.03382995910	-0.07305762689
6.83091334900	0.02680065582	-0.07572255220
6.83924017700	0.01981784011	-0.07782539009
6.84756700500	0.01263611729	-0.07895336245
6.85589383300	0.00541805100	-0.07961705361
6.86422066100	-0.00200710492	-0.07960942613
6.87254748900	-0.00535979958	-0.07951797752
6.88087431700	-0.01655672261	-0.07766954642
6.88920114500	-0.02385539779	-0.07566286112
6.89752797300	-0.03056444135	-0.07325107392
6.90585480100	-0.03731896068	-0.07004687149
6.91418162900	-0.04358315247	-0.06637592461
6.92250845700	-0.04879024003	-0.06273356764
6.93083528500	-0.05377933704	-0.05846598471
6.93916211300	-0.05848201859	-0.05343020409
6.94748894100	-0.06268616678	-0.04829809737
6.95581576900	-0.06628062885	-0.04270317746
6.96414259700	-0.06968817482	-0.03677063235
6.97246942500	-0.07242815494	-0.03061590748
6.98079625300	-0.07473102932	-0.02422003882
6.98912308100	-0.07669502748	-0.01760602948
6.99744990900	-0.07718791182	-0.01480081279
7.00577673700	-0.07860048328	-0.00417173610
7.01410356500	-0.07872402903	0.00276267300
7.02243039300	-0.07822142147	0.00962983189
7.03075722100	-0.07728381943	0.01635858880
7.03908404900	-0.07564574374	0.02309669779
7.04741087700	-0.07348828804	0.02969083467
7.05573770500	-0.07064670355	0.03612850165
7.06406453300	-0.06737956877	0.04229618865
7.07239136100	-0.06348629643	0.04816304922
7.08071818900	-0.05904213823	0.05343257663
7.08904501700	-0.05426214814	0.05864432325
7.09737184500	-0.04899157164	0.06312964448
7.10569867300	-0.04341236701	0.06746638418
7.11402550100	-0.03735433281	0.07122911609
7.12235232900	-0.03485175874	0.07260221994
7.13067915700	-0.02459609016	0.07708508652
7.13900598500	-0.01784649636	0.07910749872
7.14733281300	-0.01094282890	0.08049635952
7.15565964100	-0.00410075043	0.08137086645
7.16398646900	0.00285703767	0.08151078471
7.17189695600	0.01022069527	0.08115663779
7.18022378400	0.01666203329	0.08009821007
7.18855061200	0.02345422329	0.07869780195
7.19687744000	0.03013032234	0.07624874249
7.20520426700	0.03650493047	0.07342488448
7.21353109500	0.04267817767	0.07008872357
7.22185792300	0.04836271611	0.06627129302
7.23018475100	0.05391596622	0.06171160775
7.23851157900	0.05905427022	0.05690544331
7.24683840700	0.06127647675	0.05377546160
7.25516523500	0.06786856561	0.04574618692
7.26349206300	0.07158688258	0.03888660010
7.27181889100	0.07510729431	0.03241140835
7.28014571900	0.07744497267	0.02538980156
7.28847254700	0.07938758766	0.01773271356
7.29679937500	0.08068518701	0.01037212221
7.30512620300	0.08136559756	0.00307562675
7.31345303100	0.08140512099	-0.00448205568
7.32177985900	0.08046745928	-0.01189279690
7.33010668700	0.07892497765	-0.01915869650
7.33843351500	0.07677514769	-0.02652662484
7.34676034300	0.07390204283	-0.03327776051
7.35508717100	0.07032796262	-0.04002771230
7.36341399900	0.06633766759	-0.04625235027
7.37174082700	0.06411564104	-0.04962147946
7.38006765500	0.05659785710	-0.05792418772
7.38839448300	0.05109017936	-0.06316410010
7.39672131100	0.04507963958	-0.06756838188
7.40504813900	0.03898436488	-0.07148853334
7.41337496700	0.03201172576	-0.07501747944
7.42170179500	0.02527429953	-0.07774573269
7.43002862300	0.01774510423	-0.08012552943
7.43835545100	0.01065029748	-0.08153584866
7.44668227900	0.00391145927	-0.08220492927
7.45500910700	-0.00297857184	-0.08222103742
7.46333593500	-0.00991906915	-0.08168433964
7.47166276300	-0.01705913165	-0.08059039677
7.47998959100	-0.02386467029	-0.07878401084
7.48831641900	-0.03044347648	-0.07667120488
7.49664324700	-0.03379363963	-0.07550233232
7.50497007500	-0.04334707119	-0.06980461528
7.51329690300	-0.04945146987	-0.06579764175
7.52162373100	-0.05475874726	-0.06104041323
7.52995055900	-0.05980613396	-0.05604566815
7.53827738700	-0.06423811693	-0.05080168927
7.54660421500	-0.06826482024	-0.04510224952
7.55493104300	-0.07171487431	-0.03907992638
7.56325787100	-0.07464841266	-0.03269399185
7.57158469900	-0.07709395355	-0.02634269519
7.57991152700	-0.07878690770	-0.01957166524
7.58823835500	-0.08012439687	-0.01256699393
7.59656518300	-0.08069618401	-0.00557237605
7.60489201100	-0.08089258331	0.00147913790
7.61321883900	-0.08051036671	0.00863340223
7.62154566700	-0.08001239173	0.01164479368
7.62987249500	-0.07770414186	0.02260583414
7.63819932300	-0.07540207817	0.02941364726
7.64652615100	-0.07255526741	0.03628154062
7.65485297900	-0.06918989208	0.04248374544
7.66317980700	-0.06512566332	0.04858581833
7.67150663500	-0.06050643156	0.05395792122
7.67983346300	-0.05564727082	0.05935093701
7.68774395000	-0.05015348979	0.06381056233
7.69607077800	-0.04433778621	0.06812579075
7.70439760600	-0.03817929223	0.07196061499
7.71272443400	-0.03187590199	0.07520902587
7.72105126200	-0.02512866020	0.07761791359
7.72937809000	-0.01838438578	0.07949998617
7.73770491800	-0.01128745748	0.08097933477
7.74603174600	-0.00798575952	0.08088620087
7.75435857400	0.00340218727	0.08195872553
7.76268540200	0.01041312635	0.08164531399
7.77101223000	0.01711865434	0.08043423518
7.77933905800	0.02401608878	0.07873854411
7.78766588600	0.03103796977	0.07661398625
7.79599271400	0.03740925206	0.07364388214
7.80431954200	0.04347316517	0.07026262619
7.81264637000	0.04955667577	0.06626983494
7.82097319800	0.05539196511	0.06138951972
7.82930002600	0.06054181118	0.05664046475
7.83762685400	0.06494584378	0.05119169060
7.84595368200	0.06924324227	0.04516964849
7.85428051000	0.07281233817	0.03881304593
7.86260733800	0.07602527172	0.03198294252
7.87093416600	0.07707020347	0.02769760204
7.87926099400	0.08034182570	0.01797146369
7.88758782200	0.08149608353	0.01070366296
7.89591465000	0.08201410191	0.00306252240
7.90424147800	0.08201914076	-0.00405619294
7.91256830600	0.08141917614	-0.01123937080
7.92089513400	0.07991651053	-0.01854964230
7.92922196200	0.07768200744	-0.02559043104
7.93754879000	0.07485687078	-0.03249234808
7.94587561800	0.07152136780	-0.03883584937
7.95420244600	0.06753426229	-0.04513564976
7.96252927400	0.06288400743	-0.05121006310
7.97085610200	0.05763560355	-0.05667200949
7.97918293000	0.05209405467	-0.06174535822
7.98750975800	0.04584967662	-0.06682869428
7.99583658600	0.04213369520	-0.06945664176
8.00416341400	0.03295630710	-0.07404313855
8.01249024200	0.02578942540	-0.07700077196
8.02081707000	0.01879295718	-0.07918203174
8.02914389800	0.01181242866	-0.08074270397
8.03747072600	0.00511984215	-0.08182047707
8.04579755400	-0.00134420226	-0.08186837729
8.05412438200	-0.00796948562	-0.08150790583
8.06245121000	-0.01493360716	-0.08020492514
8.07077803800	-0.02194435330	-0.07863198546
8.07910486600	-0.02856864163	-0.07624060629
8.08743169400	-0.03489051706	-0.07346436031
8.09575852200	-0.04112101553	-0.06985759359
8.10408535000	-0.04708876892	-0.06596719928
8.11241217800	-0.05210045430	-0.06138585578
8.12073900600	-0.05484184557	-0.05964353362
8.12906583400	-0.06173249694	-0.05136087541
8.13739266200	-0.06586023148	-0.04584831175
8.14571949000	-0.06936445874	-0.03993929897
8.15404631800	-0.07238459292	-0.03377541020
8.16237314600	-0.07491712499	-0.02739195010
8.17069997400	-0.07693526428	-0.02086341163
8.17902680200	-0.07814916366	-0.01440872186
8.18735363000	-0.07910259090	-0.00747374353
8.19568045800	-0.07932776186	-0.00052580774
8.20400728600	-0.07929635547	0.00631507904
8.21191777300	-0.07848132344	0.01318059227
8.22024460100	-0.07700193834	0.02016945850
8.22857142900	-0.07491587120	0.02689482922
8.23689825700	-0.07235098058	0.03351909783
8.24522508500	-0.07122105072	0.03603512881
8.25355191300	-0.06568884550	0.04581998059
8.26187874100	-0.06123099293	0.05166191225
8.27020556900	-0.05633014844	0.05696060486
8.27853239700	-0.05154048392	0.06156298861
8.28685922500	-0.04613028252	0.06575750690
8.29518605300	-0.04034705113	0.06992511046
8.30351288100	-0.03438731275	0.07315287611
8.31183970900	-0.02794495859	0.07599526755
8.32016653700	-0.02119664197	0.07801549948
8.32849336500	-0.01480372318	0.07961458199
8.33682019300	-0.00782271309	0.08072758899
8.34514702100	-0.00093342529	0.08121952386
8.35347384900	0.00589118742	0.08099682535
8.36180067700	0.01288454248	0.08029867746
8.37012750500	0.01651699422	0.07890815621
8.37845433300	0.02654600956	0.07683061572
8.38678116100	0.03292671616	0.07436171512
8.39510798900	0.03943066969	0.07128863726
8.40343481700	0.04508720466	0.06762054411
8.41176164500	0.05102255917	0.06315974930
8.42008847300	0.05604281302	0.05873538650
8.42841530100	0.06085129241	0.05364784531
8.43674212900	0.06563973176	0.04758355165
8.44506895700	0.06968926497	0.04125423907
8.45339578500	0.07310502789	0.03464307299
8.46172261300	0.07611532977	0.02763974923
8.47004944100	0.07825943849	0.02031484959
8.47837626900	0.08014069267	0.01267399754
8.48670309700	0.08103319783	0.00520125549
8.49502992500	0.08117162708	0.00074919192
8.50335675300	0.08083850156	-0.00992614139
8.51168358100	0.07967469813	-0.01748516388
8.52001040900	0.07789888326	-0.02456175299
8.52833723700	0.07543882395	-0.03152235837
8.53666406500	0.07254375292	-0.03827735524
8.54499089300	0.06899922990	-0.04446033940
8.55331772100	0.06472993639	-0.05056579912
8.56164454900	0.05985514240	-0.05638054981
8.56997137700	0.05459858245	-0.06144340462
8.57829820500	0.04896448163	-0.06626271889
8.58662503300	0.04279456422	-0.07064005981
8.59495186100	0.03630645181	-0.07422288144
8.60327868900	0.02958831518	-0.07762703536
8.61160551700	0.02250792192	-0.08010689873
8.61993234500	0.01832704684	-0.08188652585
8.62825917300	0.00823916565	-0.08341379588
8.63658600100	0.00063913760	-0.08383068095
8.64491282900	-0.00680119700	-0.08383581487
8.65323965700	-0.01400548190	-0.08311515981
8.66156648500	-0.02172921859	-0.08171244919
8.66989331300	-0.02818049115	-0.07954852806
8.67822014100	-0.03472447261	-0.07699148084
8.68654696900	-0.04098810675	-0.07389922149
8.69487379700	-0.04699275584	-0.06972861778
8.70320062500	-0.05245838285	-0.06534638609
8.71152745300	-0.05768278849	-0.06044494395
8.71985428100	-0.06242096078	-0.05516469864
8.72818110900	-0.06676208718	-0.04950383545
8.73609159500	-0.07087439271	-0.04333489117
8.74441842300	-0.07268337034	-0.04049573380
8.75274525100	-0.07692191500	-0.03021996840
8.76107207900	-0.07918981679	-0.02364123700
8.76939890700	-0.08091366169	-0.01670937609
8.77772573500	-0.08210779577	-0.00947074602
8.78605256300	-0.08250577760	-0.00247843888
8.79437939100	-0.08242422463	0.00460193504
8.80270621900	-0.08167679327	0.01186325088
8.81103304700	-0.08040521489	0.01885036578
8.81935987500	-0.07804418255	0.02560913347
8.82768670300	-0.07561636412	0.03219778936
8.83601353100	-0.07236639070	0.03901343157
8.84434035900	-0.06887278144	0.04511463069
8.85266718700	-0.06440611997	0.05082931824
8.86099401500	-0.05949577312	0.05652008820
8.86932084300	-0.05702811648	0.05851693241
8.87764767100	-0.04864190360	0.06610596190
8.88597449900	-0.04254267781	0.07029624371
8.89430132700	-0.03602857750	0.07370441047
8.90262815500	-0.02939221750	0.07673739095
8.91095498300	-0.02266138184	0.07889672626
8.91928181100	-0.01568210327	0.08080534563
8.92760863900	-0.00858133405	0.08174662905
8.93593546700	-0.00154283785	0.08206817166
8.94426229500	0.00572947594	0.08200451129
8.95258912300	0.01300850295	0.08124261297
8.96091595100	0.02003712701	0.07965539229
8.96924277900	0.02701648266	0.07761423043
8.97756960700	0.03393537028	0.07502219991
8.98589643500	0.04058139411	0.07175861653
8.99422326300	0.04402464629	0.06947136225
9.00255009100	0.05283050804	0.06341894812
9.01087691900	0.05842651336	0.05884902540
9.01920374700	0.06331182761	0.05326531839
9.02753057500	0.06779838966	0.04757977038
9.03585740300	0.07166988021	0.04136488230
9.04418423100	0.07517358747	0.03470316159
9.05251105900	0.07801872948	0.02798545459
9.06083788700	0.08026776888	0.02071275668
9.06916471500	0.08160881975	0.01347901680
9.07749154300	0.08230847144	0.00622326198
9.08581837100	0.08246201510	-0.00121268895
9.09414519900	0.08203494612	-0.00862674070
9.10247202700	0.08096386170	-0.01615707682
9.11079885500	0.07914104668	-0.02334449611
9.11912568300	0.07776786718	-0.02731203386
9.12745251100	0.07359461331	-0.03716556243
9.13577933900	0.06982320493	-0.04340038089
9.14410616700	0.06539765561	-0.04932289256
9.15243299500	0.06068563795	-0.05505439170
9.16075982300	0.05546866956	-0.06032482389
9.16908665100	0.04972806265	-0.06513586944
9.17741347900	0.04384162606	-0.06899720739
9.18574030700	0.03726216681	-0.07273500655
9.19406713500	0.03023808881	-0.07580333975
9.20239396300	0.02325597151	-0.07837172252
9.21072079100	0.01590508521	-0.08017222016
9.21904761900	0.00851338501	-0.08151622576
9.22737444700	0.00173444082	-0.08226852011
9.23570127500	-0.00508549987	-0.08214135633
9.24402810300	-0.00880574348	-0.08200761809
9.25235493100	-0.01885884867	-0.08004985440
9.26068175900	-0.02547247186	-0.07823201153
9.26900858700	-0.03209799339	-0.07572960749
9.27733541500	-0.03846844754	-0.07266513207
9.28524590200	-0.04449646798	-0.06889687225
9.29357273000	-0.04999862954	-0.06461255471
9.30189955800	-0.05542814535	-0.05982996466
9.31022638600	-0.06006448570	-0.05477950163
9.31855321400	-0.06434752959	-0.04946481430
9.32688004200	-0.06807517510	-0.04356104431
9.33520687000	-0.07139451444	-0.03762772676
9.34353369800	-0.07418986810	-0.03130833919
9.35186052600	-0.07643328728	-0.02482263824
9.36018735400	-0.07811303775	-0.01823391467
9.36851418200	-0.07910806754	-0.01481496970
9.37684101000	-0.08036855784	-0.00422540704
9.38516783800	-0.08040886561	0.00257601952
9.39349466600	-0.07987246928	0.00961505915
9.40182149400	-0.07872913527	0.01632188739
9.41014832200	-0.07695690177	0.02300114527
9.41847515000	-0.07475005182	0.02990693819
9.42680197800	-0.07194997884	0.03646708402
9.43512880600	-0.06869381955	0.04257630419
9.44345563400	-0.06472269875	0.04841209475
9.45178246200	-0.06017517835	0.05387428232
9.46010929000	-0.05511302425	0.05907422972
9.46843611800	-0.04964926148	0.06375023061
9.47676294600	-0.04409789236	0.06800409522
9.48508977400	-0.03801426035	0.07159262764
9.49341660200	-0.03467601489	0.07325254974
9.50174343000	-0.02523309530	0.07754819390
9.51007025800	-0.01846739355	0.07950728911
9.51839708600	-0.01161202617	0.08091033062
9.52672391400	-0.00440858973	0.08151498839
9.53505074200	0.00275304677	0.08183013819
9.54337757000	0.00966746502	0.08135458594
9.55170439800	0.01657006585	0.08018484066
9.56003122600	0.02348066107	0.07859191249
9.56835805400	0.03029591719	0.07630449765
9.57668488200	0.03673464963	0.07336361388
9.58501171000	0.04301294036	0.07001511045
9.59333853800	0.04896099429	0.06614913094
9.60166536600	0.05447665536	0.06150782021
9.60999219400	0.05950324576	0.05640046930
9.61831902200	0.06220893891	0.05379760719
9.62664585000	0.06842862435	0.04513232365
9.63497267800	0.07240314311	0.03840980875
9.64329950600	0.07545537564	0.03147174476
9.65162633400	0.07804045061	0.02425322387
9.65995316200	0.07978858514	0.01683545073
9.66827999000	0.08101440987	0.00932907960
9.67660681800	0.08154900474	0.00165501743
9.68493364600	0.08155056168	-0.00573861901
9.69326047400	0.08073867293	-0.01360916987
9.70158730200	0.07918408128	-0.02114531708
9.70991413000	0.07701904790	-0.02850969410
9.71824095800	0.07415727010	-0.03569106075
9.72656778600	0.07088007878	-0.04243259311
9.73489461400	0.06677517276	-0.04897319213
9.74322144200	0.06449951714	-0.05204541758
9.75154827000	0.05709579578	-0.06043898388
9.75987509800	0.05154525872	-0.06553652780
9.76820192600	0.04577809930	-0.07002575429
9.77652875400	0.03930680427	-0.07402282314
9.78485558200	0.03266934488	-0.07726097923
9.79318241000	0.02579559344	-0.08005841362
9.80150923800	0.01837221455	-0.08253075198
9.80983606600	0.01089039938	-0.08408364586
9.81774655200	0.00362606312	-0.08509720277
9.82607338000	-0.00383948638	-0.08516340619
9.83440020800	-0.01104561913	-0.08469440758
9.84272703600	-0.01851333287	-0.08365772577
9.85105386400	-0.02548005621	-0.08204562295
9.85938069200	-0.03229006324	-0.07985416735
9.86770752000	-0.03615600929	-0.07820137905
9.87603434800	-0.04516288076	-0.07323032448
9.88436117600	-0.05104830600	-0.06896268372
9.89268800400	-0.05660463213	-0.06421839363
9.90101483200	-0.06183057481	-0.05905823480
9.90934166000	-0.06640567829	-0.05330461025
9.91766848800	-0.07030977531	-0.04750489978
9.92599531600	-0.07372634529	-0.04128345702
9.93432214400	-0.07686404330	-0.03458736356
9.94264897200	-0.07928159003	-0.02772506170
9.95097580000	-0.08116694058	-0.02068941369
9.95930262800	-0.08244998275	-0.01368523869
9.96762945600	-0.08305505757	-0.00676786726
9.97595628400	-0.08311985951	0.00061424511
9.98428311200	-0.08281288048	0.00788729256
9.99260994000	-0.08244948603	0.01185545066
10.00093677000	-0.08017298822	0.02208305342
10.00926360000	-0.07805008626	0.02877140511
10.01759042000	-0.07523540059	0.03549917961
10.02591725000	-0.07180755246	0.04188316212
10.03424408000	-0.06775702105	0.04789748912
10.04257091000	-0.06324602254	0.05378047445
10.05089774000	-0.05829202751	0.05899616063
10.05922456000	-0.05261114344	0.06388309553
10.06755139000	-0.04674849186	0.06818284170
10.07587822000	-0.04049068986	0.07205590415
10.08420505000	-0.03383679974	0.07556375990
10.09253188000	-0.02688733833	0.07826055939
10.10085870000	-0.01989211086	0.08041555076
10.10918553000	-0.01284722281	0.08178774568
10.11751236000	-0.00851876906	0.08255511026
10.12583919000	0.00176958070	0.08303395702
10.13416602000	0.00906948451	0.08259259491
10.14249284000	0.01640030540	0.08138356063
10.15081967000	0.02358340185	0.07959158146
10.15914650000	0.03040879709	0.07717694126
10.16747333000	0.03705934664	0.07418427963
10.17580016000	0.04338664883	0.07071241952
10.18412698000	0.04960786381	0.06641817408
10.19245381000	0.05533509996	0.06194615723
10.20078064000	0.06085688126	0.05678961860
10.20910747000	0.06566578174	0.05117207182
10.21743430000	0.07016783662	0.04518411049
10.22576112000	0.07386251868	0.03879740453
10.23408795000	0.07714960643	0.03198968333
10.24241478000	0.07881273144	0.02854403751
10.25074161000	0.08173866357	0.01792336220
10.25906844000	0.08287721943	0.01056201255
10.26739526000	0.08340335524	0.00323342325
10.27572209000	0.08317261239	-0.00441042892
10.28404892000	0.08255830490	-0.01178674834
10.29237575000	0.08104178367	-0.01901111493
10.30070258000	0.07883250521	-0.02641727666
10.30902940000	0.07603268582	-0.03342273252
10.31693989000	0.07241364360	-0.04019325970
10.32526672000	0.06828592857	-0.04636965625
10.33359355000	0.06355137795	-0.05252535431
10.34192037000	0.05851017263	-0.05786109997
10.35024720000	0.05293333307	-0.06286747979
10.35857403000	0.04667298167	-0.06754833244
10.36690086000	0.04331701329	-0.06946386618
10.37522769000	0.03340105931	-0.07505305914
10.38355451000	0.02613589209	-0.07769516380
10.39188134000	0.01889676547	-0.07991172367
10.40020817000	0.01159384416	-0.08163960819
10.40853500000	0.00436577824	-0.08250046581
10.41686183000	-0.00207982651	-0.08282520322
10.42518865000	-0.00858115633	-0.08212271895
10.43351548000	-0.01613083321	-0.08129545908
10.44184231000	-0.02291845267	-0.07970944951
10.45016914000	-0.02953167801	-0.07740534708
10.45849597000	-0.03561159179	-0.07470325864
10.46682279000	-0.04184297593	-0.07123471509
10.47514962000	-0.04770550644	-0.06723379982
10.48347645000	-0.05328997629	-0.06275172056
10.49180328000	-0.05617200951	-0.05985005847
10.50013011000	-0.06307881696	-0.05243944596
10.50845693000	-0.06739366329	-0.04654507173
10.51678376000	-0.07100015246	-0.04043710856
10.52511059000	-0.07387325169	-0.03432256876
10.53343742000	-0.07635031932	-0.02795580159
10.54176425000	-0.07862159447	-0.02133001818
10.55009107000	-0.07989766523	-0.01444163837
10.55841790000	-0.08070231668	-0.00753786717
10.56674473000	-0.08101194136	-0.00068530002
10.57507156000	-0.08066694005	0.00634383624
10.58339839000	-0.07986187915	0.01323015682
10.59172521000	-0.07854509599	0.02001381810
10.60005204000	-0.07655246016	0.02681563970
10.60837887000	-0.07417959093	0.03350888523
10.61670570000	-0.07241646525	0.03729965117
10.62503253000	-0.06736118274	0.04624256279
10.63335935000	-0.06185726509	0.05046822553
10.64168618000	-0.05766766998	0.05805418512
10.65001301000	-0.05216107861	0.06221886855
10.65833984000	-0.04662001691	0.06652897903
10.66666667000	-0.04158898099	0.07075590818
