t
0.00000000000
0.01665365600
0.02498048400
0.03330731200
0.04163413999
0.04996096799
0.05828779599
0.06661462399
0.07494145199
0.08326827999
0.09159510799
0.09992193599
0.10824876400
0.11657559200
0.12490242000
0.13322924800
0.14155607600
0.14988290400
0.15820973200
0.16653656000
0.17486338800
0.18319021600
0.19151704400
0.19984387200
0.20817070000
0.21649752800
0.22482435600
0.23315118400
0.24147801200
0.24980484000
0.25813166800
0.26645849600
0.27853239660
0.28685922460
0.29518605260
0.30351288060
0.31183970860
0.32016653660
0.32849336460
0.33682019260
0.34514702060
0.35347384860
0.36180067660
0.37012750460
0.37845433260
0.38678116060
0.39510798860
0.40343481650
0.41176164450
0.42008847250
0.42841530050
0.43674212850
0.44506895650
0.45339578450
0.46172261250
0.47004944050
0.47837626850
0.48670309650
0.49502992450
0.50335675250
0.51168358050
0.52001040850
0.52833723650
0.53666406450
0.54499089250
0.55331772050
0.56164454850
0.56997137650
0.57829820450
0.58662503250
0.59495186050
0.60327868850
0.61160551650
0.61993234450
0.62825917250
0.63658600050
0.64491282850
0.65323965650
0.66156648450
0.66989331250
0.67822014050
0.68654696850
0.69487379650
0.70320062450
0.71152745250
0.71985428050
0.72818110850
0.73650793650
0.74483476450
0.75316159250
0.76148842050
0.76981524850
0.77814207650
0.78646890450
0.79479573250
0.80270621910
0.81103304710
0.81935987510
0.82768670310
0.83601353110
0.84434035910
0.85266718710
0.86099401510
0.86932084310
0.87764767110
0.88597449910
0.89430132710
0.90262815510
0.91095498310
0.91928181110
0.92760863910
0.93593546710
0.94426229510
0.95258912310
0.96091595110
0.96924277910
0.97756960710
0.98589643510
0.99422326310
1.00255009100
1.01087691900
1.01920374700
1.02753057500
1.03585740300
1.04418423100
1.05251105900
1.06083788700
1.06916471500
1.07749154300
1.08581837100
1.09414519900
1.10247202700
1.11079885500
1.11912568300
1.12745251100
1.13577933900
1.14410616700
1.15243299500
1.16075982300
1.16908665100
1.17741347900
1.18574030700
1.19406713500
1.20239396300
1.21072079100
1.21904761900
1.22737444700
1.23570127500
1.24402810300
1.25235493100
1.26068175900
1.26900858700
1.27733541500
1.28566224300
1.29398907100
1.30231589900
1.31064272700
1.31896955500
1.32688004200
1.33520687000
1.34353369800
1.35186052600
1.36018735400
1.36851418200
1.37684101000
1.38516783800
1.39349466600
1.40182149400
1.41014832200
1.41847515000
1.42680197800
1.43512880600
1.44345563400
1.45178246200
1.46010929000
1.46843611800
1.47676294600
1.48508977400
1.49341660200
1.50174343000
1.51007025800
1.51839708600
1.52672391400
1.53505074200
1.54337757000
1.55170439800
1.56003122600
1.56835805400
1.57668488200
1.58501171000
1.59333853800
1.60166536600
1.60999219400
1.61831902200
1.62664585000
1.63497267800
1.64329950600
1.65162633400
1.65995316200
1.66827999000
1.67660681800
1.68493364600
1.69326047400
1.70158730200
1.70991413000
1.71824095800
1.72656778600
1.73489461400
1.74322144200
1.75154827000
1.75987509800
1.76820192600
1.77652875400
1.78485558200
1.79318241000
1.80150923800
1.80983606600
1.81816289400
1.82648972200
1.83481655000
1.84314337800
1.85105386400
1.85938069200
1.86770752000
1.87603434800
1.88436117600
1.89268800400
1.90101483200
1.90934166000
1.91766848800
1.92599531600
1.93432214400
1.94264897200
1.95097580000
1.95930262800
1.96762945600
1.97595628400
1.98428311200
1.99260994000
2.00093676800
2.00926359600
2.01759042400
2.02591725200
2.03424408000
2.04257090800
2.05089773600
2.05922456400
2.06755139200
2.07587822000
2.08420504800
2.09253187600
2.10085870400
2.10918553200
2.11751236000
2.12583918800
2.13416601600
2.14249284400
2.15081967200
2.15914650000
2.16747332800
2.17580015600
2.18412698400
2.19245381200
2.20078064000
2.20910746800
2.21743429600
2.22576112400
2.23408795200
2.24241478000
2.25074160800
2.25906843600
2.26739526400
2.27572209200
2.28404892000
2.29237574800
2.30070257600
2.30902940400
2.31735623200
2.32568306000
2.33400988800
2.34233671600
2.35066354400
2.35899037200
2.36731720000
2.37564402800
2.38397085600
2.39188134300
2.40020817100
2.40853499900
2.41686182700
2.42518865500
2.43351548300
2.44184231100
2.45016913900
2.45849596700
2.46682279500
2.47514962300
2.48347645100
2.49180327900
2.50013010700
2.50845693500
2.51678376300
2.52511059100
2.53343741900
2.54176424700
2.55009107500
2.55841790300
2.56674473100
2.57507155900
2.58339838700
2.59172521500
2.60005204300
2.60837887100
2.61670569900
2.62503252700
2.63335935500
2.64168618300
2.65001301100
2.65833983900
2.66666666700
2.67499349500
2.68332032300
2.69164715100
2.69997397900
2.70830080700
2.71662763500
2.72495446300
2.73328129100
2.74160811900
2.74993494700
2.75826177500
2.76658860300
2.77491543100
2.78324225900
2.79156908700
2.79989591500
2.80822274300
2.81654957100
2.82487639900
2.83320322700
2.84153005500
2.84985688300
2.85818371100
2.86651053900
2.87483736700
2.88316419500
2.89149102300
2.89981785100
2.90814467900
2.91647150700
2.92479833500
2.93312516300
2.94103564900
2.94936247700
2.95768930500
2.96601613300
2.97434296100
2.98266978900
2.99099661700
2.99932344500
3.00765027300
3.01597710100
3.02430392900
3.03263075700
3.04095758500
3.04928441300
3.05761124100
3.06593806900
3.07426489700
3.08259172500
3.09091855300
3.09924538100
3.10757220900
3.11589903700
3.12422586500
3.13255269300
3.14087952100
3.14920634900
3.15753317700
3.16586000500
3.17418683300
3.18251366100
3.19084048900
3.19916731700
3.20749414500
3.21582097300
3.22414780100
3.23247462900
3.24080145700
3.24912828500
3.25745511300
3.26578194100
3.27410876900
3.28243559700
3.29076242500
3.29908925300
3.30741608100
3.31574290900
3.32406973700
3.33239656500
3.34072339300
3.34905022100
3.35737704900
3.36570387700
3.37403070500
3.38235753300
3.39068436100
3.39901118900
3.40733801700
3.41566484500
3.42399167300
3.43231850100
3.44022898800
3.44855581600
3.45688264400
3.46520947200
3.47353630000
3.48186312800
3.49018995600
3.49851678400
3.50684361200
3.51517044000
3.52349726800
3.53182409600
3.54015092400
3.54847775200
3.55680458000
3.56513140800
3.57345823600
3.58178506400
3.59011189200
3.59843872000
3.60676554800
3.61509237600
3.62341920400
3.63174603200
3.64007286000
3.64839968800
3.65672651600
3.66505334400
3.67338017200
3.68170700000
3.69003382800
3.69836065600
3.70668748400
3.71501431200
3.72334114000
3.73166796800
3.73999479600
3.74832162400
3.75664845200
3.76497528000
3.77330210800
3.78162893600
3.78995576400
3.79828259200
3.80660942000
3.81493624800
3.82326307600
3.83158990400
3.83991673200
3.84824356000
3.85657038800
3.86489721600
3.87322404400
3.88155087200
3.88987770000
3.89820452800
3.90653135600
3.91485818400
3.92318501200
3.93151184000
3.93983866800
3.94774915400
3.95607598200
3.96440281000
3.97272963800
3.98105646600
3.98938329400
3.99771012200
4.00603695000
4.01436377800
4.02269060600
4.03101743400
4.03934426200
4.04767109000
4.05599791800
4.06432474600
4.07265157400
4.08097840200
4.08930523000
4.09763205800
4.10595888600
4.11428571400
4.12261254200
4.13093937000
4.13926619800
4.14759302600
4.15591985400
4.16424668200
4.17257351000
4.18090033800
4.18922716600
4.19755399400
4.20588082200
4.21420765000
4.22253447800
4.23086130600
4.23918813400
4.24751496200
4.25584179000
4.26416861800
4.27249544600
4.28082227400
4.28914910200
4.29747593000
4.30580275800
4.31412958600
4.32245641400
4.33078324200
4.33911007000
4.34743689800
4.35576372600
4.36409055400
4.37241738200
4.38074421000
4.38907103800
4.39739786600
4.40572469400
4.41405152200
4.42237835000
4.43070517800
4.43903200600
4.44735883400
4.45568566200
4.46401249000
4.47233931800
4.48066614600
4.48899297400
4.49731980200
4.50564663000
4.51397345800
4.52230028600
4.53021077300
4.53853760100
4.54686442900
4.55519125700
4.56351808500
4.57184491300
4.58017174100
4.58849856900
4.59682539700
4.60515222500
4.61347905300
4.62180588100
4.63013270900
4.63845953700
4.64678636500
4.65511319300
4.66344002100
4.67176684900
4.68009367700
4.68842050500
4.69674733300
4.70507416100
4.71340098900
4.72172781700
4.73005464500
4.73838147300
4.74670830100
4.75503512900
4.76336195700
4.77168878500
4.78001561300
4.78834244100
4.79666926900
4.80499609700
4.81332292500
4.82164975300
4.82997658100
4.83830340900
4.84663023700
4.85495706500
4.86328389300
4.87161072100
4.87993754900
4.88826437700
4.89659120500
4.90491803300
4.91324486100
4.92157168900
4.92989851700
4.93822534500
4.94655217300
4.95487900100
4.96320582900
4.97153265700
4.97985948500
4.98818631300
4.99651314100
5.00483996900
5.01316679700
5.02149362500
5.02982045300
5.03814728100
5.04647410900
5.05438459500
5.06271142300
5.07103825100
5.07936507900
5.08769190700
5.09601873500
5.10434556300
5.11267239100
5.12099921900
5.12932604700
5.13765287500
5.14597970300
5.15430653100
5.16263335900
5.17096018700
5.17928701500
5.18761384300
5.19594067100
5.20426749900
5.21259432700
5.22092115500
5.22924798300
5.23757481100
5.24590163900
5.25422846700
5.26255529500
5.27088212300
5.27920895100
5.28753577900
5.29586260700
5.30418943500
5.31251626300
5.32084309100
5.32916991900
5.33749674700
5.34582357500
5.35415040300
5.36247723100
5.37080405900
5.37913088700
5.38745771500
5.39578454300
5.40411137100
5.41243819900
5.42076502700
5.42909185500
5.43741868300
5.44574551100
5.45407233900
5.46239916700
5.47072599500
5.47905282300
5.48737965100
5.49570647900
5.50403330700
5.51236013500
5.52068696300
5.52901379100
5.53734061900
5.54566744700
5.55399427500
5.56232110300
5.57439500400
5.58272183200
5.59104866000
5.59937548800
5.60770231600
5.61602914400
5.62435597200
5.63268280000
5.64100962800
5.64933645600
5.65766328400
5.66599011200
5.67431694000
5.68264376800
5.69097059600
5.69929742400
5.70762425200
5.71595108000
5.72427790800
5.73260473600
5.74093156400
5.74925839200
5.75758522000
5.76591204800
5.77423887600
5.78256570400
5.79089253200
5.79921936000
5.80754618800
5.81587301600
5.82419984400
5.83252667200
5.84085350000
5.84918032800
5.85750715600
5.86583398400
5.87416081200
5.88248764000
5.89081446800
5.89914129600
5.90746812400
5.91579495200
5.92412178000
5.93244860800
5.94077543600
5.94910226400
5.95742909200
5.96575592000
5.97408274800
5.98240957600
5.99073640400
5.99906323200
6.00739006000
6.01571688800
6.02404371600
6.03237054400
6.04069737200
6.04902420000
6.05735102800
6.06567785600
6.07358834200
6.08191517000
6.09024199800
6.09856882600
6.10689565400
6.11522248200
6.12354931000
6.13187613800
6.14020296600
6.14852979400
6.15685662200
6.16518345000
6.17351027800
6.18183710600
6.19016393400
6.19849076200
6.20681759000
6.21514441800
6.22347124600
6.23179807400
6.24012490200
6.24845173000
6.25677855800
6.26510538600
6.27343221400
6.28175904200
6.29008587000
6.29841269800
6.30673952600
6.31506635400
6.32339318200
6.33172001000
6.34004683800
6.34837366600
6.35670049400
6.36502732200
6.37335415000
6.38168097800
6.39000780600
6.39833463400
6.40666146200
6.41498829000
6.42331511800
6.43164194600
6.43996877400
6.44829560200
6.45662243000
6.46494925800
6.47327608600
6.48160291400
6.48992974200
6.49825657000
6.50658339800
6.51491022600
6.52323705400
6.53156388200
6.53989071000
6.54821753800
6.55654436600
6.56487119400
6.57319802200
6.58152485000
6.58985167800
6.59817850600
6.60650533400
6.61483216200
6.62274264900
6.63106947700
6.63939630500
6.64772313300
6.65604996100
6.66437678900
6.67270361700
6.68103044500
6.68935727300
6.69768410100
6.70601092900
6.71433775700
6.72266458500
6.73099141300
6.73931824100
6.74764506900
6.75597189700
6.76429872500
6.77262555300
6.78095238100
6.78927920900
6.79760603700
6.80593286500
6.81425969300
6.82258652100
6.83091334900
6.83924017700
6.84756700500
6.85589383300
6.86422066100
6.87254748900
6.88087431700
6.88920114500
6.89752797300
6.90585480100
6.91418162900
6.92250845700
6.93083528500
6.93916211300
6.94748894100
6.95581576900
6.96414259700
6.97246942500
6.98079625300
6.98912308100
6.99744990900
7.00577673700
7.01410356500
7.02243039300
7.03075722100
7.03908404900
7.04741087700
7.05573770500
7.06406453300
7.07239136100
7.08071818900
7.08904501700
7.09737184500
7.10569867300
7.11402550100
7.12235232900
7.13067915700
7.13900598500
7.14733281300
7.15565964100
7.16398646900
7.17189695600
7.18022378400
7.18855061200
7.19687744000
7.20520426700
7.21353109500
7.22185792300
7.23018475100
7.23851157900
7.24683840700
7.25516523500
7.26349206300
7.27181889100
7.28014571900
7.28847254700
7.29679937500
7.30512620300
7.31345303100
7.32177985900
7.33010668700
7.33843351500
7.34676034300
7.35508717100
7.36341399900
7.37174082700
7.38006765500
7.38839448300
7.39672131100
7.40504813900
7.41337496700
7.42170179500
7.43002862300
7.43835545100
7.44668227900
7.45500910700
7.46333593500
7.47166276300
7.47998959100
7.48831641900
7.49664324700
7.50497007500
7.51329690300
7.52162373100
7.52995055900
7.53827738700
7.54660421500
7.55493104300
7.56325787100
7.57158469900
7.57991152700
7.58823835500
7.59656518300
7.60489201100
7.61321883900
7.62154566700
7.62987249500
7.63819932300
7.64652615100
7.65485297900
7.66317980700
7.67150663500
7.67983346300
7.68774395000
7.69607077800
7.70439760600
7.71272443400
7.72105126200
7.72937809000
7.73770491800
7.74603174600
7.75435857400
7.76268540200
7.77101223000
7.77933905800
7.78766588600
7.79599271400
7.80431954200
7.81264637000
7.82097319800
7.82930002600
7.83762685400
7.84595368200
7.85428051000
7.86260733800
7.87093416600
7.87926099400
7.88758782200
7.89591465000
7.90424147800
7.91256830600
7.92089513400
7.92922196200
7.93754879000
7.94587561800
7.95420244600
7.96252927400
7.97085610200
7.97918293000
7.98750975800
7.99583658600
8.00416341400
8.01249024200
8.02081707000
8.02914389800
8.03747072600
8.04579755400
8.05412438200
8.06245121000
8.07077803800
8.07910486600
8.08743169400
8.09575852200
8.10408535000
8.11241217800
8.12073900600
8.12906583400
8.13739266200
8.14571949000
8.15404631800
8.16237314600
8.17069997400
8.17902680200
8.18735363000
8.19568045800
8.20400728600
8.21191777300
8.22024460100
8.22857142900
8.23689825700
8.24522508500
8.25355191300
8.26187874100
8.27020556900
8.27853239700
8.28685922500
8.29518605300
8.30351288100
8.31183970900
8.32016653700
8.32849336500
8.33682019300
8.34514702100
8.35347384900
8.36180067700
8.37012750500
8.37845433300
8.38678116100
8.39510798900
8.40343481700
8.41176164500
8.42008847300
8.42841530100
8.43674212900
8.44506895700
8.45339578500
8.46172261300
8.47004944100
8.47837626900
8.48670309700
8.49502992500
8.50335675300
8.51168358100
8.52001040900
8.52833723700
8.53666406500
8.54499089300
8.55331772100
8.56164454900
8.56997137700
8.57829820500
8.58662503300
8.59495186100
8.60327868900
8.61160551700
8.61993234500
8.62825917300
8.63658600100
8.64491282900
8.65323965700
8.66156648500
8.66989331300
8.67822014100
8.68654696900
8.69487379700
8.70320062500
8.71152745300
8.71985428100
8.72818110900
8.73609159500
8.74441842300
8.75274525100
8.76107207900
8.76939890700
8.77772573500
8.78605256300
8.79437939100
8.80270621900
8.81103304700
8.81935987500
8.82768670300
8.83601353100
8.84434035900
8.85266718700
8.86099401500
8.86932084300
8.87764767100
8.88597449900
8.89430132700
8.90262815500
8.91095498300
8.91928181100
8.92760863900
8.93593546700
8.94426229500
8.95258912300
8.96091595100
8.96924277900
8.97756960700
8.98589643500
8.99422326300
9.00255009100
9.01087691900
9.01920374700
9.02753057500
9.03585740300
9.04418423100
9.05251105900
9.06083788700
9.06916471500
9.07749154300
9.08581837100
9.09414519900
9.10247202700
9.11079885500
9.11912568300
9.12745251100
9.13577933900
9.14410616700
9.15243299500
9.16075982300
9.16908665100
9.17741347900
9.18574030700
9.19406713500
9.20239396300
9.21072079100
9.21904761900
9.22737444700
9.23570127500
9.24402810300
9.25235493100
9.26068175900
9.26900858700
9.27733541500
9.28524590200
9.29357273000
9.30189955800
9.31022638600
9.31855321400
9.32688004200
9.33520687000
9.34353369800
9.35186052600
9.36018735400
9.36851418200
9.37684101000
9.38516783800
9.39349466600
9.40182149400
9.41014832200
9.41847515000
9.42680197800
9.43512880600
9.44345563400
9.45178246200
9.46010929000
9.46843611800
9.47676294600
9.48508977400
9.49341660200
9.50174343000
9.51007025800
9.51839708600
9.52672391400
9.53505074200
9.54337757000
9.55170439800
9.56003122600
9.56835805400
9.57668488200
9.58501171000
9.59333853800
9.60166536600
9.60999219400
9.61831902200
9.62664585000
9.63497267800
9.64329950600
9.65162633400
9.65995316200
9.66827999000
9.67660681800
9.68493364600
9.69326047400
9.70158730200
9.70991413000
9.71824095800
9.72656778600
9.73489461400
9.74322144200
9.75154827000
9.75987509800
9.76820192600
9.77652875400
9.78485558200
9.79318241000
9.80150923800
9.80983606600
9.81774655200
9.82607338000
9.83440020800
9.84272703600
9.85105386400
9.85938069200
9.86770752000
9.87603434800
9.88436117600
9.89268800400
9.90101483200
9.90934166000
9.91766848800
9.92599531600
9.93432214400
9.94264897200
9.95097580000
9.95930262800
9.96762945600
9.97595628400
9.98428311200
9.99260994000
10.00093677000
10.00926360000
10.01759042000
10.02591725000
10.03424408000
10.04257091000
10.05089774000
10.05922456000
10.06755139000
10.07587822000
10.08420505000
10.09253188000
10.10085870000
10.10918553000
10.11751236000
10.12583919000
10.13416602000
10.14249284000
10.15081967000
10.15914650000
10.16747333000
10.17580016000
10.18412698000
10.19245381000
10.20078064000
10.20910747000
10.21743430000
10.22576112000
10.23408795000
10.24241478000
10.25074161000
10.25906844000
10.26739526000
10.27572209000
10.28404892000
10.29237575000
10.30070258000
10.30902940000
10.31693989000
10.32526672000
10.33359355000
10.34192037000
10.35024720000
10.35857403000
10.36690086000
10.37522769000
10.38355451000
10.39188134000
10.40020817000
10.40853500000
10.41686183000
10.42518865000
10.43351548000
10.44184231000
10.45016914000
10.45849597000
10.46682279000
10.47514962000
10.48347645000
10.49180328000
10.50013011000
10.50845693000
10.51678376000
10.52511059000
10.53343742000
10.54176425000
10.55009107000
10.55841790000
10.56674473000
10.57507156000
10.58339839000
10.59172521000
10.60005204000
10.60837887000
10.61670570000
10.62503253000
10.63335935000
10.64168618000
10.65001301000
10.65833984000
10.66666667000
