th
33.650237696154186
33.89469452454903
33.69006478970501
33.810058340031986
33.714081484956424
33.699173842319084
33.56989301340344
33.508030162380386
33.423942205119516
33.35860947820029
33.43933252055654
33.3608135412037
33.29066317008703
33.39657343791802
33.33355787073655
33.391458268555844
33.24505976477491
33.14527572096555
33.03084971198664
32.894337433653455
32.79272134401717
32.56883445628026
32.57159674436882
32.42535574647602
32.4595447302758
32.46271619803139
32.42728723287246
32.351930873744166
32.385250770226676
32.36989837992214
32.279050935512466
32.25029946109858
32.07450439973862
31.89862791392613
31.78102789573928
31.782406848823705
31.7270520188983
31.655885693633277
31.717931889781436
31.68283648504574
31.71632144105456
31.731354035845733
31.787752014545063
31.696309283080982
31.691184381546897
31.694692730165833
31.64978387862564
31.709205270320787
31.691655413601964
31.672183613634456
31.79127638000462
31.788739274812695
31.875095548645934
32.05719665350328
32.14677112050663
32.23641503039824
32.37645723954797
32.480149672264986
32.555190807859596
32.68095582719578
32.631446608989826
32.683742860928625
32.636045936552456
32.67986501006508
32.66781679815724
32.56296315442807
32.536267914908244
32.527431544055545
32.63534534830908
32.67174925985436
32.779798935243264
32.94357260664116
33.000100492354065
32.98511396607442
32.98911242086079
33.02283024090587
32.89362696997623
32.8422201576292
32.8124568433982
32.709257091382916
32.7284559170121
32.651762582691305
32.6214906290805
32.73380876818082
32.82377475259491
32.84143831985022
32.90562357164279
32.83664068622048
32.80858032870031
32.81079817463532
32.65890160918301
32.54805917336362
32.431930583418925
32.28874475115327
32.16423236828648
32.045400847657326
32.018450135192616
32.05811767006753
32.14583380778318
32.203525775840745
32.171958885020345
32.14317904945694
32.15525131439295
32.21573617683933
32.22386533432142
32.25075905392371
32.152572121747255
32.11378807811023
32.08750354675453
32.02700712237735
32.024590783255256
32.063835109777585
32.057003374176496
32.15917234356221
32.11386509826911
32.28829210538444
32.27111932475045
32.330017005767
32.445966605816814
32.4448262426487
32.49830601666574
32.425593477082444
32.41243135631152
32.52715894463837
32.60421647655316
32.524066504223114
32.65635253842285
32.71866411798535
32.92718019831759
33.00455345006315
32.95932870676934
33.08767908655162
33.191810060264444
33.292760393998364
33.35524974428878
33.41909016167385
33.43470970072924
33.40731775774942
33.37911500867273
33.30808915124477
33.32249526904591
33.362679829258
33.428813799320004
33.60659020143134
33.56541470014656
33.607952779600986
33.634955964935926
33.60497485716111
33.61263642435747
33.594796028360854
33.54883087635383
33.504808256261406
33.41017229886089
33.40715924693536
33.40531918096434
33.384309255946405
33.439119316965574
33.50068688231941
33.55915135853978
33.65718229266831
33.720303617778974
33.7252179730884
33.74107640901081
33.72918982886559
33.64642420288881
33.59129115012585
33.39660991325149
33.29163776333099
33.24456897712612
33.14842325674508
33.24037322138025
33.213372721396716
33.1586845105919
33.146722489104995
33.089685792869304
33.10369374093736
33.18209412620127
33.16757509211724
33.210014287877705
33.189842003825035
33.01594911737336
32.926875604949416
32.8391911115247
32.77811152252731
32.823311446192854
32.773191930210004
32.796463960978876
32.73835794269198
32.781746826359516
32.844255749256845
32.89807925964034
32.966022713047984
32.982600930311214
32.94563470366416
32.87694785339694
32.860869724257014
32.780220405606016
32.72241827272771
32.7189075987818
32.66859280400963
32.69156736682599
32.549037231967205
32.6520133068345
32.892319244471935
32.904882151323754
32.96622657343734
33.225400663094966
33.18028964766268
33.225187771487526
33.20535126333586
33.22043872351886
33.24553713979072
33.258486101430314
33.34018036033639
33.35898143366876
33.44954407036593
33.47617889612772
33.460343018246455
33.65972488897788
33.72205608641236
33.67924537052341
33.74421524843554
33.69518444027951
33.70833537882513
33.625377578319075
33.61466770250547
33.60616154376855
33.591376776529366
33.69472781672962
33.705780083817565
33.78070744779958
33.80186384708793
33.860861385827405
33.98926854020534
34.03412931054557
34.0839196087701
34.16457329963849
34.12527815682341
34.06432372554606
34.04623657132373
33.9680289906866
33.85531582430329
33.88622080148633
33.813213604631315
33.81910639547683
33.83697643179152
33.80854880202194
33.79752803490765
33.8301739317203
33.806294447931926
33.836352291132194
33.75319605189224
33.613130707703526
33.61770966508737
33.60402327987951
33.424174413894676
33.339765852380815
33.240892009440465
33.225907994223
33.183300886068835
33.14289098988046
33.218262102115006
33.26172822300858
33.27433670176649
33.30440640170366
33.27494291808922
33.28359979617972
33.22132573753911
33.19433910561796
33.14718801771843
33.07230744257995
32.972388814315885
32.87152386941431
32.69193461075987
32.79894077440349
32.97483728504559
33.06335841907823
33.157162863488594
33.28541023496679
33.339957798314494
33.3236658319136
33.37877654539678
33.39686881342041
33.55396012744251
33.54894960011335
33.71701567368199
33.68165401721524
33.81618052285066
33.94974903599524
34.0085342093133
34.2088306407618
34.22342256306773
34.32381352025915
34.483427496380905
34.502266736987416
34.59532427666165
34.633218499084165
34.67071466730205
34.74873752578605
34.77774623397761
34.823585015254224
34.89306852567588
34.91344879565152
34.96108698585757
35.105012839075044
35.111008795598714
35.151743601629526
35.13842783382007
35.160406767588846
35.21980778523182
35.145079296176846
35.10765184222303
35.02601659910306
35.05025289770527
35.046849017856346
34.96007570503993
34.8760058406031
34.849998681273874
34.840059877794005
34.820939294668705
34.881085930034445
34.88383068975154
34.8863158645743
34.91741904855537
34.81734177132032
34.77112033895263
34.698386080449836
34.604702694226944
34.52480079424094
34.5027915271702
34.36354465988372
34.36428928411734
34.2687097460196
34.24771624293609
34.18989651530989
34.18778208442863
34.24501156149854
34.27475532047142
34.268993054145405
34.268627932564634
34.378140150851834
34.434744686311
34.50336731605038
34.60874417712681
34.549884070989755
34.65788170712664
34.704972747023
34.807505103263935
34.90857390932609
35.07018094220783
35.168054164559834
35.15495603855242
35.26355319009249
35.300906826808706
35.42939424035788
35.529929968010556
35.52131176677733
35.62623279106844
35.73522248533026
35.742606466309915
35.83967697688082
35.93019263871883
35.9303522919162
36.00196883563331
36.06013076964498
36.176140702528066
36.15661331071013
36.262217413517476
36.36691076865651
36.45105791414666
36.40748310038934
36.419391370092654
36.44169176289469
36.471847605223665
36.485309457394294
36.48188655015687
36.396592644413396
36.47954700875139
36.379469024364845
36.382050978087676
36.27799135764647
36.26692974056603
36.22170523429192
36.166237743617586
36.11468444835176
35.94702787312228
35.945349421610814
35.92671477163195
35.951991669913106
35.98153890955914
35.77524615983645
35.7332038892834
35.784407321156785
35.7852956028312
35.72930556900881
35.67336577696143
35.57078805266213
35.47815106950257
35.413416339100685
35.24687006026146
35.210643495243936
34.96611625367922
34.877088092508856
34.73668329460802
34.71856435787671
34.62436750094416
34.5407689759982
34.41489961257699
34.31682874491855
34.26470733921315
34.37099276415453
34.27073754288044
34.25767447534367
34.268052107751046
34.27627166191965
34.247950838406034
34.14720359331341
34.060620791543855
34.05758850967478
34.00111084056464
34.01640754649479
34.00364132417826
33.845848363952165
33.948309938790786
33.851477683174444
33.83937738018537
33.73729834553111
33.696265485363895
33.72692657171363
33.69621111822366
33.6096280259181
33.67536066065375
33.71642991423538
33.6030166828327
33.48454379548812
33.52408389210513
33.52467608378361
33.50687893411601
33.42119098712286
33.22793843870176
33.396204746855
33.279546954907765
33.2752406929309
33.135567604107486
33.184939374539965
33.04948087825857
33.06473869659546
33.005343128222435
33.0725907220432
33.07763593721471
32.91427042276878
32.85560298034743
32.82530911503789
32.78967534602773
32.76252010826521
32.74241269644072
32.64904418096069
32.610038100657945
32.57983189859471
32.48562587117918
32.3765902315496
32.39126916965098
32.418771950775174
32.471322448736416
32.57923179333412
32.66508563692548
32.70123081485922
32.693589344863796
32.64972275165029
32.57261888602186
32.513366959731634
32.473300404122696
32.41971088127624
32.44038548707129
32.29610894933014
32.15934565280565
32.0514597446451
32.074774736809005
32.091789622322835
31.963166520211452
31.916915320286463
31.902235070268837
31.87347467828104
31.87703215007618
31.89611742353386
31.850179940504024
31.87349299495483
31.914009395612034
31.90614607807711
31.918838274545127
31.917675044484845
31.93857739654294
31.956030481654057
31.86288062305354
31.838089007342855
31.90930808167009
31.946527664157834
31.90711666689286
31.86059916125145
31.794316667932524
31.748086078727752
31.6520662981202
31.684399823225153
31.6735459893494
31.835379099897427
31.69953338800442
31.89318476238441
31.832529166675453
31.93212176607818
31.78144392896829
31.882417056913805
31.90992538022476
31.945142256335537
31.981493419361257
32.178143511118456
32.22159407025021
32.19199214550976
32.30803375314055
32.285375004799825
32.31096411253735
32.30944784864704
32.2818964663744
32.27368413409888
32.332251321464774
32.32536064749998
32.24198170631096
32.08087618312121
32.06403339068657
32.008337160096374
31.854138095538275
31.797146357795647
31.73729078310744
31.65686801202137
31.619974664347147
31.43311426549214
31.399519175877384
31.472520312669367
31.435562313603697
31.40137442779301
31.598417872442873
31.304047618824782
31.151127963787218
31.121491891328684
31.019116979905686
31.06898698805248
30.996458035060133
30.972634857666527
30.883458789006244
30.899834376111592
30.92037420075031
31.00038537545602
30.92569590205933
30.90843267768286
30.927896317268374
30.99549973112707
31.13169629981138
31.17618747480866
31.301188012627783
31.351127801365987
31.371250647950806
31.4050615526633
31.52203865132027
31.693808277679995
31.719635274984473
31.85846911996357
31.927804243518963
31.997805606979103
32.20997089983321
32.27529603663119
32.179365324176615
32.46041220905129
32.43017358059428
32.513889835354846
32.5082379643111
32.56175044252434
32.5588085761523
32.54416311319224
32.59319234295269
32.56236691696659
32.62411600740106
32.797047443884196
32.861757967969
33.077411266495844
33.106901481092
33.156386698069525
33.269981714641325
33.35557920859619
33.45464208179255
33.5572438327153
33.691842273058526
33.70969356410625
33.7998027256965
33.89940231200686
33.92267132297183
33.95945210532747
33.96797544889701
34.0362711389963
34.05376799533866
34.011266695634966
34.13799252860701
34.02572634920339
33.91507129965181
33.918706199389064
33.77685763773835
33.836687824009516
33.86520874760857
33.785618749513894
33.70518878202946
33.81957717572271
33.75459288026536
33.74015563134851
33.73592795133066
33.62167884219098
33.49461913929018
33.680725790991985
33.32026279637401
33.211423083005144
33.07385240358358
32.88695488303087
32.81935809396444
32.7401767774353
32.66813949899345
32.67916329986179
32.68990271237192
32.52269255147954
32.6036536910698
32.610904219260554
32.5949183514126
32.67422056115278
32.686839361058304
32.689341089190314
32.76444905571096
32.807263325436196
32.799739092814086
32.94002959388218
33.00512759113702
33.138444465480696
33.2151019988104
33.38938881523269
33.45815516553047
33.60608809781532
33.793955243066506
33.825396481637654
34.08696342167912
34.11963025492984
34.23322531995206
34.232342724016114
34.438540251811325
34.49083018608395
34.55407499120906
34.61246657348287
34.791242973927034
34.94958290452615
35.10137952810063
35.26292724096223
35.39364498903229
35.474947026178505
35.5845996657553
35.73114492767413
35.72575623894052
35.81938455113608
35.79786412738087
35.80013236965604
35.87571584300219
35.87285740098496
35.94937520347033
35.93999972197172
35.930265707338705
35.94194696207563
35.77851309392946
35.6823275001217
35.57558170301955
35.43180131530649
35.2722943799638
35.13768353314589
34.92492512912254
34.824817165173506
34.664675286745975
34.50028478830955
34.31417974121491
34.27301202291406
34.152375673120225
34.04915050787476
33.928481031365074
33.84357036174839
33.81913751270015
33.73533802573513
33.68942530315245
33.62845512895819
33.430529249730064
33.38227162100094
33.21329774308358
33.14404774730373
32.99195485512294
32.95374460745572
32.89741168367656
32.829906550859
32.84154985231971
32.80499242072766
32.799078670183164
32.75600072847742
32.742095480694026
32.60489213284548
32.638176861862945
32.68470854578082
32.63702007736067
32.6394392276677
32.59114726942411
32.628561945746156
32.73717028174646
32.79879670590309
32.94534984376738
33.00888550491368
33.10684196480025
33.17164552912327
33.27305816344697
33.35959842677156
33.46100518967786
33.497605180959205
33.51671998910601
33.555419864856155
33.55328554734783
33.593271018041186
33.58899557221289
33.68143562736231
33.791449346199066
33.84607601610519
33.851181622313916
33.91261077738416
33.91590075289824
33.98654227756918
34.021105646876315
34.03397261232032
33.992896161461275
34.020876036669435
33.99815721170698
34.024402122521074
33.960727458649224
33.9978886795993
33.97456309570294
33.95531724238335
33.898038603358316
33.91015254139018
33.79304496919219
33.744351129337936
33.65661584024442
33.649132469549244
33.53992155689347
33.46340022320901
33.47101308622715
33.22664968824233
33.23557020391596
33.15471220555108
33.07454834107478
32.97767955980419
32.946475247676936
32.903344000787285
32.92791598230959
32.78284484956613
32.70298338500142
32.637838935416966
32.57651903766814
32.5386730278048
32.53693620597528
32.42771087677794
32.56288008623102
32.657576697668425
32.75073913060768
32.92770466150264
33.05837858071519
33.266159040063364
33.41075960496121
33.531199425602104
33.64682250315432
33.80486079012451
33.990623706960854
34.130324010354414
34.33649802663175
34.39900602378078
34.466562995280434
34.66242519944463
34.87187624930005
34.97842933144663
35.11686835007846
35.17891589834414
35.17393948883396
35.32969435029231
35.35487071306798
35.34694291452693
35.4166012096525
35.44408788899166
35.4149870832625
35.40695482133787
35.43031938687614
35.477265313994195
35.50529609627153
35.60747075367925
35.656870726738575
35.67719656038168
35.78786596709455
35.713071743237194
35.82463631190502
35.758346625126975
35.77321486392856
35.70352501367497
35.65357653455509
35.547019328270494
35.41215491384449
35.30810155151867
35.32214655575335
35.166552310058954
35.09723616607159
34.980708947595666
34.89620096173651
34.807775364030704
34.74070993690747
34.66873780074058
34.65511780964925
34.5116528138058
34.42133418779664
34.4132954460406
34.24198318794813
34.1654650750765
34.08438191707635
34.11539162175394
33.97729930412862
33.938302874864924
33.956544840282994
33.95459763289305
33.972924681527154
34.00577764949703
33.988946508747695
33.88003463880212
33.84117881002032
33.701237025470405
33.67614691601229
33.59816309000284
33.5617261375061
33.62563893529281
33.579280680841975
33.635914313555126
33.665643363361916
33.68476540054333
33.774067130258025
33.821159922163076
33.90192208633495
33.945276371194524
34.0455042632574
34.11035905546412
34.08231901643401
34.21218578293593
34.21825372287682
34.37314386541181
34.47228935285363
34.52333475518143
34.70951356541552
34.79861840025649
34.867962331815086
34.984702882627246
35.02738649518626
35.14409346533716
35.15158060017806
35.302426160097326
35.23700877141224
35.243380685705866
35.27357657208087
35.264489766627456
35.21757848850164
35.24883744445617
35.01059007650214
35.16818270461769
34.981124984513066
35.14633165735845
34.99778448085845
34.92066138604387
34.92320677304591
34.959890839653134
35.011422381912716
34.91948984648687
34.85827768860591
34.863956701468254
34.77568986161291
34.713035017903316
34.68795398780403
34.788363449262185
34.74421213696568
34.86947638603663
34.86267114568148
34.96161636735402
35.02799659943053
35.12096190585691
35.27698651678294
35.35679284538377
35.39113587625472
35.37977933718526
35.38443267360335
35.42981876881854
35.40163129714644
35.488225526628135
35.60020318996964
35.327114579257156
35.39662759281876
35.24527371803598
35.22551794192859
35.19376523482893
35.15444967056545
35.08198266670784
34.994513497675364
34.98283398054173
34.84078820857238
34.8027189981997
34.69692587721049
34.70563286348513
34.73792805657698
34.68073192219992
34.715209041275216
34.72029633748639
34.81110012664092
34.84588005776849
34.87559740640104
34.7864827656097
34.92765630509121
34.830903919117056
34.89080529689001
34.978524567216894
35.0886392945735
35.03891464312818
35.045685074265606
35.12660030099259
34.88895226783556
35.25838297979403
35.39546464354237
35.36037333974651
35.40189568820009
35.571561749926076
35.541017460497976
35.552652401322646
35.61501763585884
35.583208222841414
35.69259501496933
35.58803151380622
35.57715447988367
35.496659691130176
35.480636507872994
35.19263901443491
35.405656141815705
35.34072786879634
35.27910121171056
35.302869960072535
35.33839958015808
35.26419270756871
35.139578107860075
35.048915146269835
34.940883471535805
34.86401215944549
34.79975417848295
34.6685886960323
34.646448757591806
34.77370915372293
34.86815577775785
34.774427845244674
34.852244225656854
34.93919163399249
35.04775008059311
35.23428770401981
35.184398947956424
35.19287394914539
35.03846967056355
35.0647264168537
34.95680132106726
34.913171532223565
34.78204913052752
34.775999537488055
34.514076740796035
34.763750848471396
34.411173202771565
34.3831634006116
34.28244841640857
34.20233024232822
34.14917118305484
34.12297051425402
34.002457428525865
33.996868264797605
33.93591895582406
34.04189025095088
34.057957727429766
34.0673123375335
34.066132254756766
34.13481546702235
34.1738246315595
34.30658514878989
34.31783694441183
34.316034571216534
34.403815920009336
34.42094660742467
34.619524560838634
34.669350185126255
34.73716035581347
34.67506699324398
34.74149437308256
34.803597363109695
34.86213332824093
34.855204321326205
34.9117465649727
34.564587464819084
34.892835712024656
34.91157811098869
34.98111921488591
34.886061875669114
34.84692593706535
34.841440600338956
34.812171879710434
34.787340413361036
34.744142281230296
34.701661199322324
34.74109226857445
34.67966697615879
34.81879968438717
34.849881008798555
34.83766382289136
34.97068060583649
35.03226971662656
35.08575882917332
35.12544225722275
35.255205863687266
35.284889099863506
35.31271382016173
35.35643515322735
35.34108009970087
35.437154123817315
35.53657584425821
35.55397752129919
35.77630522490744
35.84297335430517
36.19365067839148
36.14737979648681
36.15407053383411
36.293078115388035
36.381009946425436
36.514012641015455
36.43395203914947
36.46770240142322
36.49038448318878
36.28028727633961
36.13631940488337
36.0136910635991
35.89018050335839
35.795389903265956
35.77531011078016
35.8401488342634
35.563072917277964
35.56219630426985
35.55106636943729
35.56654434412523
35.5124346462386
35.517189213616135
35.507901556723596
35.53340241455536
35.3122850275013
35.3357729197597
35.34903315013894
35.408682916101164
35.26729255052985
35.27481448220263
35.1006029489683
35.28012738455987
35.32647829328534
35.26317134009512
35.329751103176555
35.28674293869819
35.39859481343766
35.34063954011653
35.28473757956592
35.34489738537805
35.38101881736931
35.311520529394954
35.33374901530998
35.41213751964997
35.460817119749656
35.36555906172543
35.511473158618294
35.70281067592276
35.60910317130173
35.653671568942876
35.61522765824478
35.638457520315406
35.68257808675983
35.68804340938733
35.597418830515046
35.51263707387836
35.476746218130785
35.48484623206271
35.52099185779902
35.49720482315611
35.45373043341784
35.46471278417341
35.34882468698783
35.20055392428223
35.2129973440516
35.21939653157643
35.2185052527781
35.119495507563975
35.10787905497234
35.05248969633463
35.12029237484555
35.11302441181851
35.22395882624249
35.38562996422426
35.39148089929553
35.48075654738423
35.3631414237629
35.379549625503664
35.36800874586994
35.35234180858793
35.252083446748
35.09519772382065
35.02658138414305
34.89556339095418
34.83154550561544
34.66317412921544
34.606222755262884
34.51914528334245
34.43968084820479
34.36637154014903
34.49854401232475
34.4966883507387
34.48228700300617
34.48179805243071
34.4593587986609
34.419013724800706
34.511993835696025
34.58687221423934
34.662532621976375
34.666099510837
34.637986749748535
34.64927061951428
34.655127797863585
34.77647660931411
34.7807380327345
34.77399632607147
35.02213642728306
35.0584199811333
35.11532845649829
35.06347495480882
35.182930903614874
35.207865037685096
35.18421118486039
35.256043051920514
35.29272213188847
35.26695079827632
35.328846264135436
35.39094529078174
35.32490428249955
35.23683456886395
35.36464216075261
35.23007261760483
35.22442781851802
35.12335957826329
35.10691574189487
35.01977948859333
35.021939777419036
35.02982715850858
35.12167552089749
35.183509416543096
35.22356851226767
35.306311990800644
35.39174472416828
35.545927548358314
35.644208420947805
35.679000759593606
35.810325290095804
35.92730376106791
36.068399135194895
36.143382500864284
36.17954209264191
36.29326277752249
36.513359955482315
36.63135263624694
36.82677796757427
36.864813113430365
36.946364294318684
37.08274968673224
37.19876899224357
37.312478939246525
37.322414767309695
37.26252741764436
37.14296673687691
37.043597180296594
36.99286021461329
36.81617153239584
36.66547963727515
36.48675813980052
36.38125818874307
36.232242200912154
36.11871801087048
36.02678591763672
35.903401979658994
35.799822751845724
35.83239440696429
35.88704124632949
35.81800515430272
35.830682028782924
35.8335144637721
35.80351733521796
35.72770952197623
35.74930181083488
35.70772685641724
35.61929457731816
35.575348479006735
35.56703650818953
35.63675919727363
35.61528430342463
35.65936488915308
35.635188179915126
35.73588658289961
35.76536997817922
35.783385896118396
35.74886842516274
35.74510638203207
35.715114014032416
35.70232347997067
35.72011982451564
35.689184193748844
35.769947711478466
35.85761466414441
35.86345688983737
35.966647122826124
35.95405437999089
35.99730147591313
36.148760417028406
36.07798438816722
36.01158581680893
35.97096148467225
35.883055645883445
35.93581630878953
35.859325235908955
35.80923606844223
35.7662044079142
35.650010135278436
35.51173571155844
35.465446371534156
35.38631965655234
35.334947809916756
35.29550642927718
35.176428013482266
35.31791040319707
35.23073520589218
35.30100237437874
35.470707215809455
35.548555984062716
35.66530462139177
35.52572962787026
35.6797261836497
35.708757764991354
35.663411093273226
35.61863533476598
35.548053279809544
35.46096900748501
35.40510796173019
35.28401245041773
35.25845844522431
35.19678421777014
35.099830760510585
34.97643313013969
34.90270445124852
34.97954041127814
34.846146413828244
34.777997647284955
34.75898081490943
34.71048727878334
34.72732907609798
34.77860831715304
34.80728813607999
34.94670897318284
34.976772558620894
35.098992835937096
34.18113431499666
35.159120737548015
34.84544417202145
34.8683302167065
35.28015413519339
