x
-0.03047993511
-0.02108588796
-0.01467652578
-0.00804645814
-0.00123170282
0.00527921168
0.01203048237
0.01854057898
0.02489744383
0.03148639683
0.03740042629
0.04322312786
0.04875891499
0.05394981354
0.05622542158
0.06293172965
0.06642474737
0.06943861942
0.07188920631
0.07390210991
0.07539873980
0.07598773441
0.07647934516
0.07600752485
0.07527201765
0.07387010818
0.07165866507
0.06893064865
0.06587061032
0.06395378773
0.05772615308
0.05290568516
0.04482792109
0.03892982211
0.03246322334
0.02630808372
0.01974683697
0.01319619352
0.00643033787
-0.00032860481
-0.00703395662
-0.01390203626
-0.02050983036
-0.02657568866
-0.02989567957
-0.03867003722
-0.04418167213
-0.04968182766
-0.05455604736
-0.05896570293
-0.06318544637
-0.06653737873
-0.06940672844
-0.07215922352
-0.07397174922
-0.07524344197
-0.07604838096
-0.07618303673
-0.07572022019
-0.07532081319
-0.07297800096
-0.07092512753
-0.06808338281
-0.06491585816
-0.06112202152
-0.05679231475
-0.05228575754
-0.04726340978
-0.04225911052
-0.03647011193
-0.03089226043
-0.02492746761
-0.01865645057
-0.01257590788
-0.00881583461
0.00031257007
0.00688483352
0.01332877118
0.02007317357
0.02644614201
0.03264551108
0.03875419853
0.04449662198
0.05002684482
0.05492635686
0.05953535953
0.06353104075
0.06702107380
0.06985455870
0.07112338937
0.07413203917
0.07534001963
0.07594980777
0.07590560310
0.07528298274
0.07407924718
0.07243160477
0.07023951995
0.06766393523
0.06433501613
0.06041806467
0.05598708037
0.05133169829
0.04632041867
0.04388557004
0.03528831189
0.02894164521
0.02265495932
0.01613029593
0.00919438528
0.00213845792
-0.00455312259
-0.01142210186
-0.01827752760
-0.02478937401
-0.03120964585
-0.03695661796
-0.04293466350
-0.04851835386
-0.05112128618
-0.05825447696
-0.06231625459
-0.06607598457
-0.06942640448
-0.07209943586
-0.07394277413
-0.07562257303
-0.07657880933
-0.07723768176
-0.07704916639
-0.07603819064
-0.07482531440
-0.07293981831
-0.07048266567
-0.06909105500
-0.06423967395
-0.06050229792
-0.05570851370
-0.05083859340
-0.04541851214
-0.03985525505
-0.03373915734
-0.02750691095
-0.02109912212
-0.01473979741
-0.00803195904
-0.00151518766
0.00516153492
0.01197329225
0.01494770678
0.02510486091
0.03140056488
0.03744029608
0.04344220815
0.04903809239
0.05430464003
0.05915843088
0.06352022697
0.06752807360
0.07087961370
0.07370688697
0.07590993307
0.07754166189
0.07849081229
0.07856915956
0.07839570931
0.07716119777
0.07548137632
0.07330056228
0.07031448914
0.06715469808
0.06333167459
0.05888054088
0.05402541313
0.04883100272
0.04333747557
0.03741317462
0.03137162068
0.02513542822
0.02224894132
0.01179720414
0.00510103430
-0.00194159781
-0.00862868827
-0.01559318707
-0.02213619942
-0.02867247201
-0.03514583902
-0.04120059709
-0.04695931610
-0.05226386549
-0.05728461370
-0.06173072048
-0.06562045538
-0.06725446654
-0.07175421060
-0.07378872331
-0.07529548392
-0.07631960772
-0.07668594014
-0.07657957154
-0.07562225259
-0.07445666970
-0.07297979942
-0.07051643761
-0.06764227512
-0.06482072191
-0.06065545648
-0.05659304240
-0.05431111425
-0.04666052522
-0.04108380670
-0.03535597620
-0.02915843162
-0.02286290710
-0.01637965965
-0.00959679315
-0.00298380781
0.00393239597
0.01080179236
0.01733321899
0.02395835541
0.03028486567
0.03643528350
0.03898360985
0.04784967890
0.05316722790
0.05812069111
0.06274916130
0.06672139931
0.07034658926
0.07333682740
0.07573471574
0.07773771178
0.07895864914
0.07959265638
0.07967895436
0.07891382832
0.07748276731
0.07670047986
0.07276902078
0.06939618499
0.06580281953
0.06142132278
0.05656502865
0.05142702588
0.04582123704
0.03995327138
0.03396301741
0.02765743051
0.02097442992
0.01433460991
0.00753463699
0.00063619956
-0.00240125641
-0.01311641592
-0.01979511523
-0.02639941088
-0.03277276195
-0.03886030494
-0.04487714453
-0.05044427733
-0.05576200611
-0.06045614880
-0.06458507497
-0.06814765338
-0.07132953053
-0.07372409475
-0.07563214884
-0.07620911205
-0.07739051114
-0.07731120837
-0.07661253182
-0.07515150499
-0.07359854262
-0.07155824043
-0.06876232649
-0.06553494326
-0.06183905259
-0.05768033100
-0.05294323204
-0.04791811423
-0.04243853999
-0.03680045099
-0.03413199341
-0.02443386539
-0.01786483152
-0.01117169047
-0.00420595986
0.00267179487
0.00963885824
0.01649293412
0.02306467123
0.02976941510
0.03612411437
0.04222178296
0.04797877951
0.05353884966
0.05866319878
0.06073204925
0.06776953598
0.07151841640
0.07463886914
0.07716969201
0.07951731760
0.08085247431
0.08165689472
0.08176027520
0.08130148108
0.08030614643
0.07842325822
0.07595386785
0.07285295490
0.06945266147
0.06771827506
0.06052443614
0.05530737452
0.04963217245
0.04383598150
0.03747171297
0.03105572097
0.02421127784
0.01719765604
0.01026453569
0.00317882069
-0.00405925054
-0.01112851141
-0.01811986015
-0.02514506165
-0.02775093565
-0.03802453703
-0.04413950525
-0.04991873982
-0.05539451512
-0.06032228767
-0.06478442900
-0.06879042723
-0.07224352118
-0.07505000548
-0.07721043690
-0.07902707424
-0.08004960762
-0.08049320675
-0.08039642618
-0.07994920372
-0.07801692789
-0.07591167063
-0.07323023861
-0.06994867693
-0.06626412309
-0.06208658792
-0.05710726252
-0.05221414136
-0.04667577535
-0.04069601065
-0.03450225263
-0.02795563865
-0.02117199234
-0.01421428015
-0.01128501649
-0.00020077321
0.00702730781
0.01418540434
0.02123675223
0.02794261551
0.03472093641
0.04128880992
0.04751410987
0.05350926439
0.05903150266
0.06400912470
0.06847112378
0.07267989905
0.07617886267
0.07769189938
0.08143122763
0.08289130993
0.08408122388
0.08427892424
0.08399697908
0.08283980595
0.08126439586
0.07890688432
0.07592023717
0.07226151935
0.06781756963
0.06321506034
0.05827833727
0.05276552116
0.05026676687
0.04045433661
0.03375122355
0.02684584833
0.01984250005
0.01270305794
0.00550757376
-0.00172782548
-0.00876500768
-0.01606465769
-0.02314879219
-0.02982977892
-0.03648808035
-0.04247402965
-0.04843736157
-0.05085099539
-0.05906713380
-0.06366582243
-0.06760503809
-0.07111042721
-0.07402044471
-0.07664503574
-0.07822996615
-0.07940563328
-0.07996932502
-0.07991160462
-0.07914872966
-0.07759847510
-0.07551755030
-0.07295254213
-0.07158867618
-0.06605554755
-0.06177455282
-0.05692393802
-0.05197347623
-0.04664327361
-0.04078632924
-0.03476157255
-0.02824124079
-0.02207339458
-0.01540961896
-0.00857166260
-0.00188899028
0.00512206197
0.01205339879
0.01482824661
0.02531538221
0.03151394375
0.03778631113
0.04358296416
0.04891346056
0.05428114518
0.05869998229
0.06300863021
0.06645458541
0.06984402176
0.07236030836
0.07451190268
0.07604988507
0.07714325493
0.07742694032
0.07699125160
0.07607986123
0.07467982119
0.07252070636
0.07002142453
0.06678228416
0.06290086126
0.05885613962
0.05411274965
0.04908642453
0.04330865606
0.03768920777
0.03165898036
0.02555013536
0.02279195000
0.01270000386
0.00630978526
-0.00059158102
-0.00705064952
-0.01363487799
-0.02004933795
-0.02649631588
-0.03263616322
-0.03863877977
-0.04433098305
-0.04935484470
-0.05415345495
-0.05863656620
-0.06265154878
-0.06405889360
-0.06882585177
-0.07121654731
-0.07300080229
-0.07426827615
-0.07495779358
-0.07495600704
-0.07452293197
-0.07356240888
-0.07195402131
-0.06980589060
-0.06708583910
-0.06369714621
-0.05989427571
-0.05560652397
-0.05365540391
-0.04599420956
-0.04074387195
-0.03487375171
-0.02881533370
-0.02276348449
-0.01665325132
-0.01016862219
-0.00374554606
0.00277770948
0.00923817951
0.01585501604
0.02199102501
0.02817530710
0.03423279051
0.03669146601
0.04541075563
0.05029936802
0.05503714128
0.05936251546
0.06345821001
0.06681674947
0.06977525155
0.07228198892
0.07392766538
0.07523463966
0.07585877885
0.07584652780
0.07532808027
0.07437932543
0.07339735319
0.07030083417
0.06729939025
0.06399819670
0.06021863985
0.05580150377
0.05095671323
0.04592033264
0.04048065409
0.03467631960
0.02884655203
0.02253648528
0.01628722234
0.01002192198
0.00375465885
0.00057363294
-0.00932746471
-0.01581805663
-0.02210298253
-0.02819045621
-0.03458378157
-0.04017029232
-0.04577925215
-0.05056368553
-0.05500001071
-0.05913282411
-0.06284532634
-0.06568340728
-0.06819231842
-0.07025051206
-0.07105685115
-0.07307823395
-0.07355390935
-0.07362153265
-0.07299752581
-0.07176982045
-0.06992926339
-0.06778813410
-0.06510741420
-0.06189549403
-0.05807823150
-0.05418648053
-0.04967097868
-0.04484892340
-0.03937419906
-0.03678798755
-0.02815628146
-0.02226807666
-0.01619801599
-0.00989565264
-0.00366412175
0.00285060017
0.01008800509
0.01675209036
0.02333026769
0.02984078939
0.03584964978
0.04181741257
0.04750962149
0.05292834200
0.05590971195
0.06238922301
0.06644535002
0.07007007474
0.07301123771
0.07553361232
0.07727403899
0.07854721466
0.07923096570
0.07914100069
0.07846764625
0.07715256378
0.07530018574
0.07284161766
0.06968515727
0.06783716460
0.06172061172
0.05707872335
0.05203082560
0.04632606344
0.04081684597
0.03469028196
0.02841042163
0.02198818009
0.01525978478
0.00853949840
0.00173649956
-0.00490419981
-0.01163048213
-0.01875429367
-0.02268951311
-0.03155884683
-0.03741627549
-0.04305914829
-0.04847424879
-0.05355811648
-0.05806418313
-0.06222875192
-0.06610224606
-0.06935679167
-0.07167514906
-0.07386372872
-0.07536772361
-0.07620395345
-0.07671433710
-0.07664703040
-0.07555182251
-0.07416840231
-0.07237468938
-0.06967991371
-0.06673780957
-0.06307517041
-0.05914029626
-0.05487198213
-0.05002449590
-0.04474539544
-0.03907126018
-0.03317319554
-0.02705850294
-0.02051899152
-0.01701729820
-0.00703370499
0.00039018354
0.00717129217
0.01438082272
0.02150111050
0.02835088087
0.03519308060
0.04159606225
0.04788156872
0.05381165922
0.05946290055
0.06445610527
0.06891321667
0.07295950352
0.07491064568
0.07903086366
0.08099315541
0.08235515418
0.08318317196
0.08319095025
0.08269572144
0.08138934238
0.07941117421
0.07680422097
0.07130819205
0.06708896561
0.06225270869
0.05708325815
0.05139131329
0.04880388525
0.03884495499
0.03206309731
0.02507775837
0.01792887664
0.01067955283
0.00333291317
-0.00396166968
-0.01125394443
-0.01839346658
-0.02529235049
-0.03206157323
-0.03865082915
-0.04439952833
-0.04951041960
-0.05175763062
-0.05881189325
-0.06264871773
-0.06623794557
-0.06924680959
-0.07191494001
-0.07410861682
-0.07556137610
-0.07662989014
-0.07697513996
-0.07677643183
-0.07590419033
-0.07454964557
-0.07235571269
-0.06991133284
-0.06851957848
-0.06320982873
-0.05915279600
-0.05446952020
-0.04959605898
-0.04445366039
-0.03892041423
-0.03300224461
-0.02679832969
-0.02049555359
-0.01416823496
-0.00755381581
-0.00093174384
0.00582422963
0.01234358896
0.01517922848
0.02533485722
0.03152718856
0.03760751744
0.04357512134
0.04953279119
0.05520426211
0.06023478643
0.06460465212
0.06844627237
0.07176314285
0.07454730311
0.07675003634
0.07829254145
0.07914422703
0.07941109196
0.07915376258
0.07832383756
0.07665598279
0.07459373399
0.07187345745
0.06851728503
0.06472630534
0.06041162595
0.05544698692
0.05029564566
0.04468640864
0.03894045192
0.03266786774
0.02628362613
0.02345788971
0.01281234330
0.00598277830
-0.00093908699
-0.00778702771
-0.01484985945
-0.02149622245
-0.02793722449
-0.03417239470
-0.03991607096
-0.04548278707
-0.05056070379
-0.05549201354
-0.05987599582
-0.06383730643
-0.06526598346
-0.07041184887
-0.07297631039
-0.07496976414
-0.07655128014
-0.07744259699
-0.07785797750
-0.07752123553
-0.07657765600
-0.07505821856
-0.07298974740
-0.07044489556
-0.06711344457
-0.06361637763
-0.05925063327
-0.05740613914
-0.04963107816
-0.04430941331
-0.03863481608
-0.03261421216
-0.02654489423
-0.01959939174
-0.01239081796
-0.00542732576
0.00186409009
0.00907058297
0.01599608895
0.02300069770
0.02969147163
0.03672968590
0.03958596981
0.04942371358
0.05535136766
0.06078743256
0.06570787805
0.07018933608
0.07360992212
0.07697824800
0.07941917792
0.08123713139
0.08232358101
0.08278749894
0.08247949874
0.08148222543
0.07984592645
0.07894176977
0.07481901265
0.07147362283
0.06742521298
0.06294548446
0.05780739531
0.05230651803
0.04664886384
0.04034758154
0.03382995910
0.02680065582
0.01981784011
0.01263611729
0.00541805100
-0.00200710492
-0.00535979958
-0.01655672261
-0.02385539779
-0.03056444135
-0.03731896068
-0.04358315247
-0.04879024003
-0.05377933704
-0.05848201859
-0.06268616678
-0.06628062885
-0.06968817482
-0.07242815494
-0.07473102932
-0.07669502748
-0.07718791182
-0.07860048328
-0.07872402903
-0.07822142147
-0.07728381943
-0.07564574374
-0.07348828804
-0.07064670355
-0.06737956877
-0.06348629643
-0.05904213823
-0.05426214814
-0.04899157164
-0.04341236701
-0.03735433281
-0.03485175874
-0.02459609016
-0.01784649636
-0.01094282890
-0.00410075043
0.00285703767
0.01022069527
0.01666203329
0.02345422329
0.03013032234
0.03650493047
0.04267817767
0.04836271611
0.05391596622
0.05905427022
0.06127647675
0.06786856561
0.07158688258
0.07510729431
0.07744497267
0.07938758766
0.08068518701
0.08136559756
0.08140512099
0.08046745928
0.07892497765
0.07677514769
0.07390204283
0.07032796262
0.06633766759
0.06411564104
0.05659785710
0.05109017936
0.04507963958
0.03898436488
0.03201172576
0.02527429953
0.01774510423
0.01065029748
0.00391145927
-0.00297857184
-0.00991906915
-0.01705913165
-0.02386467029
-0.03044347648
-0.03379363963
-0.04334707119
-0.04945146987
-0.05475874726
-0.05980613396
-0.06423811693
-0.06826482024
-0.07171487431
-0.07464841266
-0.07709395355
-0.07878690770
-0.08012439687
-0.08069618401
-0.08089258331
-0.08051036671
-0.08001239173
-0.07770414186
-0.07540207817
-0.07255526741
-0.06918989208
-0.06512566332
-0.06050643156
-0.05564727082
-0.05015348979
-0.04433778621
-0.03817929223
-0.03187590199
-0.02512866020
-0.01838438578
-0.01128745748
-0.00798575952
0.00340218727
0.01041312635
0.01711865434
0.02401608878
0.03103796977
0.03740925206
0.04347316517
0.04955667577
0.05539196511
0.06054181118
0.06494584378
0.06924324227
0.07281233817
0.07602527172
0.07707020347
0.08034182570
0.08149608353
0.08201410191
0.08201914076
0.08141917614
0.07991651053
0.07768200744
0.07485687078
0.07152136780
0.06753426229
0.06288400743
0.05763560355
0.05209405467
0.04584967662
0.04213369520
0.03295630710
0.02578942540
0.01879295718
0.01181242866
0.00511984215
-0.00134420226
-0.00796948562
-0.01493360716
-0.02194435330
-0.02856864163
-0.03489051706
-0.04112101553
-0.04708876892
-0.05210045430
-0.05484184557
-0.06173249694
-0.06586023148
-0.06936445874
-0.07238459292
-0.07491712499
-0.07693526428
-0.07814916366
-0.07910259090
-0.07932776186
-0.07929635547
-0.07848132344
-0.07700193834
-0.07491587120
-0.07235098058
-0.07122105072
-0.06568884550
-0.06123099293
-0.05633014844
-0.05154048392
-0.04613028252
-0.04034705113
-0.03438731275
-0.02794495859
-0.02119664197
-0.01480372318
-0.00782271309
-0.00093342529
0.00589118742
0.01288454248
0.01651699422
0.02654600956
0.03292671616
0.03943066969
0.04508720466
0.05102255917
0.05604281302
0.06085129241
0.06563973176
0.06968926497
0.07310502789
0.07611532977
0.07825943849
0.08014069267
0.08103319783
0.08117162708
0.08083850156
0.07967469813
0.07789888326
0.07543882395
0.07254375292
0.06899922990
0.06472993639
0.05985514240
0.05459858245
0.04896448163
0.04279456422
0.03630645181
0.02958831518
0.02250792192
0.01832704684
0.00823916565
0.00063913760
-0.00680119700
-0.01400548190
-0.02172921859
-0.02818049115
-0.03472447261
-0.04098810675
-0.04699275584
-0.05245838285
-0.05768278849
-0.06242096078
-0.06676208718
-0.07087439271
-0.07268337034
-0.07692191500
-0.07918981679
-0.08091366169
-0.08210779577
-0.08250577760
-0.08242422463
-0.08167679327
-0.08040521489
-0.07804418255
-0.07561636412
-0.07236639070
-0.06887278144
-0.06440611997
-0.05949577312
-0.05702811648
-0.04864190360
-0.04254267781
-0.03602857750
-0.02939221750
-0.02266138184
-0.01568210327
-0.00858133405
-0.00154283785
0.00572947594
0.01300850295
0.02003712701
0.02701648266
0.03393537028
0.04058139411
0.04402464629
0.05283050804
0.05842651336
0.06331182761
0.06779838966
0.07166988021
0.07517358747
0.07801872948
0.08026776888
0.08160881975
0.08230847144
0.08246201510
0.08203494612
0.08096386170
0.07914104668
0.07776786718
0.07359461331
0.06982320493
0.06539765561
0.06068563795
0.05546866956
0.04972806265
0.04384162606
0.03726216681
0.03023808881
0.02325597151
0.01590508521
0.00851338501
0.00173444082
-0.00508549987
-0.00880574348
-0.01885884867
-0.02547247186
-0.03209799339
-0.03846844754
-0.04449646798
-0.04999862954
-0.05542814535
-0.06006448570
-0.06434752959
-0.06807517510
-0.07139451444
-0.07418986810
-0.07643328728
-0.07811303775
-0.07910806754
-0.08036855784
-0.08040886561
-0.07987246928
-0.07872913527
-0.07695690177
-0.07475005182
-0.07194997884
-0.06869381955
-0.06472269875
-0.06017517835
-0.05511302425
-0.04964926148
-0.04409789236
-0.03801426035
-0.03467601489
-0.02523309530
-0.01846739355
-0.01161202617
-0.00440858973
0.00275304677
0.00966746502
0.01657006585
0.02348066107
0.03029591719
0.03673464963
0.04301294036
0.04896099429
0.05447665536
0.05950324576
0.06220893891
0.06842862435
0.07240314311
0.07545537564
0.07804045061
0.07978858514
0.08101440987
0.08154900474
0.08155056168
0.08073867293
0.07918408128
0.07701904790
0.07415727010
0.07088007878
0.06677517276
0.06449951714
0.05709579578
0.05154525872
0.04577809930
0.03930680427
0.03266934488
0.02579559344
0.01837221455
0.01089039938
0.00362606312
-0.00383948638
-0.01104561913
-0.01851333287
-0.02548005621
-0.03229006324
-0.03615600929
-0.04516288076
-0.05104830600
-0.05660463213
-0.06183057481
-0.06640567829
-0.07030977531
-0.07372634529
-0.07686404330
-0.07928159003
-0.08116694058
-0.08244998275
-0.08305505757
-0.08311985951
-0.08281288048
-0.08244948603
-0.08017298822
-0.07805008626
-0.07523540059
-0.07180755246
-0.06775702105
-0.06324602254
-0.05829202751
-0.05261114344
-0.04674849186
-0.04049068986
-0.03383679974
-0.02688733833
-0.01989211086
-0.01284722281
-0.00851876906
0.00176958070
0.00906948451
0.01640030540
0.02358340185
0.03040879709
0.03705934664
0.04338664883
0.04960786381
0.05533509996
0.06085688126
0.06566578174
0.07016783662
0.07386251868
0.07714960643
0.07881273144
0.08173866357
0.08287721943
0.08340335524
0.08317261239
0.08255830490
0.08104178367
0.07883250521
0.07603268582
0.07241364360
0.06828592857
0.06355137795
0.05851017263
0.05293333307
0.04667298167
0.04331701329
0.03340105931
0.02613589209
0.01889676547
0.01159384416
0.00436577824
-0.00207982651
-0.00858115633
-0.01613083321
-0.02291845267
-0.02953167801
-0.03561159179
-0.04184297593
-0.04770550644
-0.05328997629
-0.05617200951
-0.06307881696
-0.06739366329
-0.07100015246
-0.07387325169
-0.07635031932
-0.07862159447
-0.07989766523
-0.08070231668
-0.08101194136
-0.08066694005
-0.07986187915
-0.07854509599
-0.07655246016
-0.07417959093
-0.07241646525
-0.06736118274
-0.06185726509
-0.05766766998
-0.05216107861
-0.04662001691
-0.04158898099