y
0.07260213029
0.07638783399
0.07744448290
0.07865985279
0.07886282769
0.07866474285
0.07764828713
0.07622437643
0.07420755278
0.07151286774
0.06879563491
0.06509960197
0.06087747539
0.05663209708
0.05418558032
0.04642970406
0.04070023340
0.03485414615
0.02883721721
0.02223051953
0.01543088137
0.00878788673
0.00177645468
-0.00532854089
-0.01227071347
-0.01899122185
-0.02590731723
-0.03210441255
-0.03812886017
-0.04120396229
-0.04926064441
-0.05432090248
-0.06069919464
-0.06420830540
-0.06743313922
-0.07006717507
-0.07207028912
-0.07339960447
-0.07443010024
-0.07463257799
-0.07437207058
-0.07343128680
-0.07198998558
-0.06977182271
-0.06840327496
-0.06386308263
-0.06006413308
-0.05576875891
-0.05095631255
-0.04571454833
-0.04014875923
-0.03429722995
-0.02852199086
-0.02194294249
-0.01565403974
-0.00915316125
-0.00256667332
0.00437836101
0.01065123256
0.01462950314
0.02335819330
0.02928764863
0.03517838871
0.04090023463
0.04633721232
0.05122614949
0.05574182907
0.06003580770
0.06392815782
0.06748502939
0.07045994469
0.07314486109
0.07511110222
0.07633323606
0.07686666711
0.07744005677
0.07686409146
0.07590333852
0.07434032601
0.07208964480
0.06954667340
0.06615141577
0.06235589747
0.05832238056
0.05400134423
0.04893120488
0.04385376462
0.03801784813
0.03238074482
0.02950165098
0.01961184465
0.01298468926
0.00626589733
-0.00058696315
-0.00740855450
-0.01403466225
-0.02073228850
-0.02747995861
-0.03373666961
-0.03994878000
-0.04554696498
-0.05080526418
-0.05553934119
-0.05994330291
-0.06176910244
-0.06711671332
-0.06986481216
-0.07206351920
-0.07374192512
-0.07479532048
-0.07532289132
-0.07529820898
-0.07455146257
-0.07339440695
-0.07135761600
-0.06919406794
-0.06626163434
-0.06270375693
-0.05880546585
-0.05655407732
-0.04934814331
-0.04384401254
-0.03788639335
-0.03190635302
-0.02577500977
-0.01922287712
-0.01267256362
-0.00591745761
0.00078584455
0.00738921435
0.01395750106
0.02047263388
0.02704324757
0.03341213671
0.03648043251
0.04470274806
0.04969511987
0.05493467722
0.05939326580
0.06345308299
0.06712193534
0.07048737768
0.07329114615
0.07576764756
0.07717041609
0.07824218642
0.07869454901
0.07847765975
0.07774647425
0.07719225106
0.07441032346
0.07188092824
0.06870521282
0.06506904379
0.06095797982
0.05625665081
0.05130148363
0.04600768440
0.04013054042
0.03432832810
0.02811018399
0.02149811997
0.01472888244
0.00806053882
0.00507376613
-0.00592045195
-0.01280383435
-0.01965644446
-0.02637470425
-0.03306692688
-0.03946502366
-0.04525060471
-0.05073403635
-0.05584133731
-0.06028380001
-0.06438154446
-0.06818116734
-0.07113052464
-0.07365896882
-0.07453793298
-0.07652234958
-0.07707242393
-0.07703395582
-0.07644566639
-0.07543045553
-0.07366684823
-0.07142949314
-0.06834042609
-0.06497746793
-0.06111014101
-0.05679268405
-0.05193500962
-0.04662001344
-0.04081872746
-0.03777520224
-0.02821872774
-0.02177831718
-0.01520275658
-0.00864441230
-0.00159808615
0.00512016248
0.01123869517
0.01828065449
0.02508023204
0.03140922612
0.03746145228
0.04313557458
0.04866980818
0.05347487780
0.05573356454
0.06231850576
0.06618935838
0.06944818527
0.07245208191
0.07471874817
0.07659404673
0.07779125012
0.07829137282
0.07866204150
0.07814588456
0.07687059531
0.07521082636
0.07278420715
0.06993899437
0.06835417130
0.06244151089
0.05795701830
0.05294291331
0.04771905383
0.04202875458
0.03597099495
0.02951537595
0.02308533002
0.01635364911
0.00952820043
0.00255871177
-0.00438208429
-0.01129955296
-0.01820848335
-0.02112462298
-0.03175413522
-0.03809252827
-0.04412414535
-0.04980529386
-0.05527625376
-0.06013445506
-0.06443632705
-0.06820389311
-0.07145059539
-0.07406725272
-0.07629391518
-0.07764093138
-0.07830238724
-0.07867094655
-0.07860858296
-0.07716656321
-0.07554824665
-0.07328356103
-0.07062941146
-0.06736975236
-0.06341770875
-0.05929142025
-0.05444944591
-0.04922675753
-0.04378026748
-0.03787232396
-0.03151686454
-0.02501689785
-0.01822495708
-0.01514337072
-0.00486929993
0.00194881241
0.00888292132
0.01558896410
0.02254623166
0.02934326176
0.03580306602
0.04177966794
0.04751559407
0.05265382887
0.05736888074
0.06177270698
0.06570268487
0.06938690309
0.07072620340
0.07499869194
0.07675389343
0.07828988723
0.07924642369
0.07943393716
0.07930655852
0.07819976610
0.07673441369
0.07474208068
0.07192942987
0.06875138516
0.06496118408
0.06056295972
0.05584489098
0.05367698324
0.04463218521
0.03863712265
0.03230311672
0.02598181114
0.01883868287
0.01194845437
0.00505492225
-0.00205918312
-0.00929217401
-0.01633759764
-0.02325902218
-0.03016264019
-0.03666283988
-0.04284944461
-0.04552861028
-0.05446718064
-0.05952447510
-0.06426599849
-0.06832710240
-0.07197040018
-0.07509521137
-0.07757880006
-0.07943373734
-0.08068707985
-0.08107141446
-0.08093784577
-0.08012217804
-0.07863963602
-0.07651101756
-0.07555695045
-0.07062102023
-0.06697120676
-0.06253150118
-0.05767696543
-0.05232069597
-0.04667460375
-0.04076977978
-0.03442275145
-0.02774272560
-0.02099025548
-0.01388197554
-0.00697483954
-0.00001759352
0.00708998930
0.01012875531
0.02105725524
0.02798210794
0.03488210885
0.04147314972
0.04770133845
0.05332981115
0.05859374696
0.06327881823
0.06755968886
0.07162066321
0.07502514175
0.07768389105
0.08001902533
0.08176581183
0.08223630368
0.08320203486
0.08308751177
0.08216900535
0.08078345340
0.07883956820
0.07635351493
0.07296629020
0.06933061136
0.06508683894
0.06035852588
0.05491836894
0.04928397464
0.04292257464
0.03649184275
0.03321714038
0.02252135450
0.01544537261
0.00823502955
0.00090971523
-0.00701008030
-0.01439422990
-0.02149433416
-0.02871258366
-0.03561172060
-0.04234434053
-0.04857297322
-0.05442288483
-0.05962707713
-0.06462212501
-0.06665861665
-0.07255699556
-0.07581473563
-0.07863481556
-0.08068894582
-0.08200212783
-0.08268432853
-0.08264269503
-0.08200668992
-0.08076071008
-0.07867093595
-0.07630947115
-0.07280453722
-0.06927036496
-0.06488347980
-0.06296221722
-0.05504611982
-0.04937741470
-0.04335463229
-0.03689395505
-0.03036001142
-0.02368920795
-0.01681685818
-0.00965378115
-0.00260011266
0.00432261516
0.01143416642
0.01845879034
0.02512004482
0.03179389869
0.03448948339
0.04422812066
0.04999194474
0.05498590217
0.05996643754
0.06395330077
0.06780965830
0.07085232844
0.07360365430
0.07574832325
0.07731488578
0.07818838173
0.07876989972
0.07871080880
0.07771398766
0.07698319938
0.07428491941
0.07187615292
0.06874394383
0.06500982498
0.06058627784
0.05631353884
0.05132461665
0.04591758245
0.04021428956
0.03422204664
0.02774222408
0.02141350669
0.01441678784
0.00787469497
0.00444834121
-0.00587136930
-0.01245496485
-0.01888032848
-0.02574590735
-0.03178667359
-0.03804037973
-0.04382361214
-0.04899487006
-0.05409889030
-0.05844053981
-0.06256474056
-0.06613765715
-0.06929030181
-0.07188461151
-0.07304255402
-0.07563645925
-0.07651097827
-0.07675248994
-0.07633827960
-0.07527724084
-0.07369978544
-0.07154567434
-0.06883761556
-0.06570675148
-0.06163694671
-0.05731458223
-0.05247885955
-0.04749498482
-0.04212126673
-0.03943494135
-0.03011682572
-0.02382397045
-0.01735420591
-0.01075328807
-0.00433276973
0.00212633195
0.00875351345
0.01522083838
0.02152286705
0.02778069393
0.03381939626
0.03991926567
0.04548706800
0.05034731293
0.05234694114
0.05938137488
0.06319277599
0.06651874458
0.06925238633
0.07132395729
0.07289283912
0.07387176713
0.07454255874
0.07456197081
0.07438349732
0.07296580628
0.07178378134
0.06945142573
0.06690999666
0.06523002946
0.05975763982
0.05578336494
0.05122367311
0.04626608516
0.04122970971
0.03572345336
0.02937087040
0.02331222451
0.01719397705
0.01043205524
0.00374722000
-0.00267014218
-0.00910451924
-0.01560686030
-0.01965939835
-0.02837109508
-0.03415768988
-0.03993550920
-0.04524020876
-0.05010356330
-0.05485972721
-0.05897978858
-0.06263599139
-0.06593853417
-0.06826060257
-0.07052096667
-0.07237902590
-0.07342998246
-0.07394311315
-0.07445284537
-0.07324068903
-0.07178583053
-0.07004019848
-0.06758381287
-0.06466657909
-0.06116836888
-0.05702693076
-0.05256817031
-0.04796022295
-0.04283542924
-0.03750878212
-0.03192034596
-0.02603195434
-0.01996917145
-0.01748849525
-0.00754491339
-0.00102964809
0.00549320311
0.01171748683
0.01792579950
0.02434615718
0.03040254070
0.03653232864
0.04184105442
0.04746011390
0.05207005817
0.05658991816
0.06103705483
0.06486445359
0.06613520651
0.07087981208
0.07287802802
0.07464198316
0.07572365464
0.07639156943
0.07642009671
0.07577405568
0.07468949359
0.07283538550
0.07055901666
0.06811220896
0.06478080499
0.06129830562
0.05676922671
0.05398354430
0.04673752730
0.04110374616
0.03502539836
0.02896965339
0.02254550951
0.01575302112
0.00889444500
0.00192509973
-0.00505448253
-0.01198677676
-0.01873819371
-0.02560931705
-0.03202771858
-0.03823297940
-0.04192080077
-0.05013056993
-0.05503076029
-0.05983598227
-0.06399372575
-0.06778482628
-0.07118062770
-0.07373603538
-0.07572640802
-0.07760386010
-0.07849284721
-0.07890712334
-0.07876498007
-0.07781737834
-0.07614351168
-0.07546652523
-0.07139406449
-0.06824888871
-0.06449348042
-0.06002992801
-0.05534582206
-0.05034657548
-0.04484110332
-0.03895081667
-0.03285953367
-0.02644403230
-0.02016554736
-0.01358402881
-0.00725690009
0.00001710423
0.00379009328
0.01348538781
0.02032386137
0.02626125668
0.03271152516
0.03894193705
0.04486515652
0.05036620442
0.05520998459
0.06010823216
0.06430849420
0.06825820725
0.07173848317
0.07433003621
0.07695131408
0.07786934615
0.07963014924
0.07993742612
0.08004004232
0.07917211518
0.07767592256
0.07557319220
0.07304453962
0.06997267922
0.06621216152
0.06192433081
0.05690297335
0.05144186703
0.04569874862
0.03953785641
0.03567808706
0.02588345528
0.01867463923
0.01127033541
0.00390365280
-0.00360384454
-0.01098910537
-0.01822024360
-0.02543241139
-0.03252639235
-0.04262985917
-0.04867334824
-0.05439668593
-0.05939686644
-0.06397157855
-0.06562710340
-0.07147949574
-0.07454600517
-0.07683355428
-0.07846462769
-0.07939102302
-0.07995231105
-0.07967589998
-0.07876239486
-0.07715194465
-0.07498892212
-0.07229890981
-0.06880330391
-0.06512696977
-0.06116970796
-0.05873606942
-0.05151995754
-0.04619125654
-0.04060383850
-0.03452532138
-0.02833836729
-0.02155502085
-0.01501656136
-0.00816196067
-0.00135947897
0.00552284436
0.01224154317
0.01868669572
0.02505088411
0.03139990010
0.03454731256
0.04333238318
0.04873293571
0.05377332211
0.05840121092
0.06268281357
0.06640958633
0.06987827196
0.07262519487
0.07486032045
0.07644805536
0.07759346678
0.07813408629
0.07813280492
0.07744780406
0.07698259037
0.07434671786
0.07193492116
0.06904532411
0.06543242388
0.06129228273
0.05655567079
0.05133837635
0.04573578511
0.04000837427
0.03371479312
0.02742995779
0.02074679510
0.01398147357
0.00692605364
0.00384720792
-0.00694116437
-0.01369129515
-0.02061870824
-0.02737124402
-0.03376382434
-0.04006102439
-0.04573086882
-0.05133415445
-0.05632233964
-0.06083636628
-0.06484824165
-0.06843520758
-0.07139375704
-0.07381466240
-0.07477719753
-0.07680267686
-0.07765240439
-0.07770905130
-0.07715624269
-0.07590787315
-0.07423203814
-0.07195918615
-0.06927309072
-0.06577704863
-0.06185160364
-0.05759388198
-0.05267311035
-0.04750353404
-0.04202337254
-0.03932734319
-0.02986018060
-0.02354182528
-0.01700436737
-0.01031247822
-0.00334012775
0.00370285584
0.01062216335
0.01724209124
0.02377497117
0.03037961476
0.03672265126
0.04304078883
0.04875725215
0.05416830321
0.05631682747
0.06378325159
0.06809830622
0.07171685939
0.07495428362
0.07744537877
0.07947723098
0.08123409615
0.08204528144
0.08218742167
0.08184833675
0.08083750586
0.07906868085
0.07678952557
0.07373549264
0.07235038680
0.06609284036
0.06149197584
0.05627088271
0.05050530158
0.04448311252
0.03823443871
0.03149502620
0.02424904119
0.01734705633
0.00999659307
0.00257962855
-0.00469114303
-0.01185717354
-0.01923432751
-0.02276396141
-0.03317273104
-0.03958335906
-0.04572255826
-0.05144524362
-0.05690187777
-0.06181748248
-0.06601145451
-0.07000864546
-0.07305762689
-0.07572255220
-0.07782539009
-0.07895336245
-0.07961705361
-0.07960942613
-0.07951797752
-0.07766954642
-0.07566286112
-0.07325107392
-0.07004687149
-0.06637592461
-0.06273356764
-0.05846598471
-0.05343020409
-0.04829809737
-0.04270317746
-0.03677063235
-0.03061590748
-0.02422003882
-0.01760602948
-0.01480081279
-0.00417173610
0.00276267300
0.00962983189
0.01635858880
0.02309669779
0.02969083467
0.03612850165
0.04229618865
0.04816304922
0.05343257663
0.05864432325
0.06312964448
0.06746638418
0.07122911609
0.07260221994
0.07708508652
0.07910749872
0.08049635952
0.08137086645
0.08151078471
0.08115663779
0.08009821007
0.07869780195
0.07624874249
0.07342488448
0.07008872357
0.06627129302
0.06171160775
0.05690544331
0.05377546160
0.04574618692
0.03888660010
0.03241140835
0.02538980156
0.01773271356
0.01037212221
0.00307562675
-0.00448205568
-0.01189279690
-0.01915869650
-0.02652662484
-0.03327776051
-0.04002771230
-0.04625235027
-0.04962147946
-0.05792418772
-0.06316410010
-0.06756838188
-0.07148853334
-0.07501747944
-0.07774573269
-0.08012552943
-0.08153584866
-0.08220492927
-0.08222103742
-0.08168433964
-0.08059039677
-0.07878401084
-0.07667120488
-0.07550233232
-0.06980461528
-0.06579764175
-0.06104041323
-0.05604566815
-0.05080168927
-0.04510224952
-0.03907992638
-0.03269399185
-0.02634269519
-0.01957166524
-0.01256699393
-0.00557237605
0.00147913790
0.00863340223
0.01164479368
0.02260583414
0.02941364726
0.03628154062
0.04248374544
0.04858581833
0.05395792122
0.05935093701
0.06381056233
0.06812579075
0.07196061499
0.07520902587
0.07761791359
0.07949998617
0.08097933477
0.08088620087
0.08195872553
0.08164531399
0.08043423518
0.07873854411
0.07661398625
0.07364388214
0.07026262619
0.06626983494
0.06138951972
0.05664046475
0.05119169060
0.04516964849
0.03881304593
0.03198294252
0.02769760204
0.01797146369
0.01070366296
0.00306252240
-0.00405619294
-0.01123937080
-0.01854964230
-0.02559043104
-0.03249234808
-0.03883584937
-0.04513564976
-0.05121006310
-0.05667200949
-0.06174535822
-0.06682869428
-0.06945664176
-0.07404313855
-0.07700077196
-0.07918203174
-0.08074270397
-0.08182047707
-0.08186837729
-0.08150790583
-0.08020492514
-0.07863198546
-0.07624060629
-0.07346436031
-0.06985759359
-0.06596719928
-0.06138585578
-0.05964353362
-0.05136087541
-0.04584831175
-0.03993929897
-0.03377541020
-0.02739195010
-0.02086341163
-0.01440872186
-0.00747374353
-0.00052580774
0.00631507904
0.01318059227
0.02016945850
0.02689482922
0.03351909783
0.03603512881
0.04581998059
0.05166191225
0.05696060486
0.06156298861
0.06575750690
0.06992511046
0.07315287611
0.07599526755
0.07801549948
0.07961458199
0.08072758899
0.08121952386
0.08099682535
0.08029867746
0.07890815621
0.07683061572
0.07436171512
0.07128863726
0.06762054411
0.06315974930
0.05873538650
0.05364784531
0.04758355165
0.04125423907
0.03464307299
0.02763974923
0.02031484959
0.01267399754
0.00520125549
0.00074919192
-0.00992614139
-0.01748516388
-0.02456175299
-0.03152235837
-0.03827735524
-0.04446033940
-0.05056579912
-0.05638054981
-0.06144340462
-0.06626271889
-0.07064005981
-0.07422288144
-0.07762703536
-0.08010689873
-0.08188652585
-0.08341379588
-0.08383068095
-0.08383581487
-0.08311515981
-0.08171244919
-0.07954852806
-0.07699148084
-0.07389922149
-0.06972861778
-0.06534638609
-0.06044494395
-0.05516469864
-0.04950383545
-0.04333489117
-0.04049573380
-0.03021996840
-0.02364123700
-0.01670937609
-0.00947074602
-0.00247843888
0.00460193504
0.01186325088
0.01885036578
0.02560913347
0.03219778936
0.03901343157
0.04511463069
0.05082931824
0.05652008820
0.05851693241
0.06610596190
0.07029624371
0.07370441047
0.07673739095
0.07889672626
0.08080534563
0.08174662905
0.08206817166
0.08200451129
0.08124261297
0.07965539229
0.07761423043
0.07502219991
0.07175861653
0.06947136225
0.06341894812
0.05884902540
0.05326531839
0.04757977038
0.04136488230
0.03470316159
0.02798545459
0.02071275668
0.01347901680
0.00622326198
-0.00121268895
-0.00862674070
-0.01615707682
-0.02334449611
-0.02731203386
-0.03716556243
-0.04340038089
-0.04932289256
-0.05505439170
-0.06032482389
-0.06513586944
-0.06899720739
-0.07273500655
-0.07580333975
-0.07837172252
-0.08017222016
-0.08151622576
-0.08226852011
-0.08214135633
-0.08200761809
-0.08004985440
-0.07823201153
-0.07572960749
-0.07266513207
-0.06889687225
-0.06461255471
-0.05982996466
-0.05477950163
-0.04946481430
-0.04356104431
-0.03762772676
-0.03130833919
-0.02482263824
-0.01823391467
-0.01481496970
-0.00422540704
0.00257601952
0.00961505915
0.01632188739
0.02300114527
0.02990693819
0.03646708402
0.04257630419
0.04841209475
0.05387428232
0.05907422972
0.06375023061
0.06800409522
0.07159262764
0.07325254974
0.07754819390
0.07950728911
0.08091033062
0.08151498839
0.08183013819
0.08135458594
0.08018484066
0.07859191249
0.07630449765
0.07336361388
0.07001511045
0.06614913094
0.06150782021
0.05640046930
0.05379760719
0.04513232365
0.03840980875
0.03147174476
0.02425322387
0.01683545073
0.00932907960
0.00165501743
-0.00573861901
-0.01360916987
-0.02114531708
-0.02850969410
-0.03569106075
-0.04243259311
-0.04897319213
-0.05204541758
-0.06043898388
-0.06553652780
-0.07002575429
-0.07402282314
-0.07726097923
-0.08005841362
-0.08253075198
-0.08408364586
-0.08509720277
-0.08516340619
-0.08469440758
-0.08365772577
-0.08204562295
-0.07985416735
-0.07820137905
-0.07323032448
-0.06896268372
-0.06421839363
-0.05905823480
-0.05330461025
-0.04750489978
-0.04128345702
-0.03458736356
-0.02772506170
-0.02068941369
-0.01368523869
-0.00676786726
0.00061424511
0.00788729256
0.01185545066
0.02208305342
0.02877140511
0.03549917961
0.04188316212
0.04789748912
0.05378047445
0.05899616063
0.06388309553
0.06818284170
0.07205590415
0.07556375990
0.07826055939
0.08041555076
0.08178774568
0.08255511026
0.08303395702
0.08259259491
0.08138356063
0.07959158146
0.07717694126
0.07418427963
0.07071241952
0.06641817408
0.06194615723
0.05678961860
0.05117207182
0.04518411049
0.03879740453
0.03198968333
0.02854403751
0.01792336220
0.01056201255
0.00323342325
-0.00441042892
-0.01178674834
-0.01901111493
-0.02641727666
-0.03342273252
-0.04019325970
-0.04636965625
-0.05252535431
-0.05786109997
-0.06286747979
-0.06754833244
-0.06946386618
-0.07505305914
-0.07769516380
-0.07991172367
-0.08163960819
-0.08250046581
-0.08282520322
-0.08212271895
-0.08129545908
-0.07970944951
-0.07740534708
-0.07470325864
-0.07123471509
-0.06723379982
-0.06275172056
-0.05985005847
-0.05243944596
-0.04654507173
-0.04043710856
-0.03432256876
-0.02795580159
-0.02133001818
-0.01444163837
-0.00753786717
-0.00068530002
0.00634383624
0.01323015682
0.02001381810
0.02681563970
0.03350888523
0.03729965117
0.04624256279
0.05046822553
0.05805418512
0.06221886855
0.06652897903
0.07075590818
