a
17.19839017117988
7.629177415991549
1.6646357137072643
-4.104885512175092
-9.945408615554767
-15.75588423040966
-21.59062318612938
-28.03918145568814
-34.453218704840864
-40.685702736619376
-46.80406781366779
-53.106131164451256
-59.05904531705871
-65.64492630031427
-69.13686425963554
-78.18183100241045
-84.05961040136869
-89.9658226282582
-96.13755461822781
-103.06876410320584
-109.37529057622876
-115.59335149850547
-121.36523480136094
-126.78414762669951
-132.34201205748303
-138.8796401191921
-145.27830312119525
-151.774008702462
-157.97701429863167
-160.67501115274752
-168.5091671057575
-174.51839034371096
176.50755926222772
170.40365123049386
164.02148599909543
158.18551205533703
152.54303728066373
147.13011433761272
141.25742445291579
135.7440986618846
130.05795380588606
124.30228892780148
118.43584061321272
112.72810948912377
110.0208433012535
100.92853442253197
95.00011126093113
89.541707734047
83.84268086046823
77.96478716781799
71.90265186402515
65.66885882348299
59.301592901280344
53.58840094164546
47.90719564038992
42.41036525638334
36.41092215915747
30.75473370229594
24.487885743386215
21.763763871489306
12.121571093616199
6.246274348217946
0.19799942471404444
-5.770090444106471
-11.842614570910357
-17.874993168837285
-24.14708394004169
-30.38829469528617
-36.81227694873388
-43.138774287561525
-49.413700275782105
-55.293327500051255
-61.30115180034566
-67.20374792743941
-69.96655927656435
-79.32956736227099
-85.63411271056361
-91.55063178682829
-97.68018418969976
-103.75810425803748
-109.67831635029066
-115.65609326830653
-121.65469040573485
-127.78874215571062
-133.71897597812034
-139.69358470117695
-145.85317677987547
-151.58449353574244
-157.35052030981768
-160.08257259863527
-169.11149054513007
-175.0307339053977
178.85718813408792
173.23307255361817
167.12501600674932
161.24189115351385
155.0949076330692
149.44110963179048
143.47254192817365
137.7838262575294
132.14261618970878
126.59573335133533
120.87122167527352
115.29285843732842
112.6912049971342
103.53734583420274
97.59491284037391
91.78356125237632
86.12744928043446
80.22744846172989
74.29793175830943
68.40186363656103
62.28405328389148
56.284007743743864
50.130521000332
44.373046589023765
38.57807698216144
32.68700783296672
26.643628886892657
24.102486325075564
14.76050679721469
8.813155698074741
2.8824131530779966
-3.2628295484295187
-9.291459562637318
-15.470624460802728
-21.666275611188205
-27.862106887105323
-33.97545893630252
-40.24700962802719
-46.53281117861834
-52.69210478416313
-58.65624548640658
-64.66459075928682
-67.10305560837479
-76.82423630446743
-82.97738155134002
-89.19796920936393
-95.22435856429958
-101.21562991977764
-107.26824510391593
-113.29821062749616
-119.29186405108187
-125.46018806491413
-131.71324324044855
-137.41296400941022
-143.41483801258386
-149.27479475671936
-155.18618778519382
-157.82600510229912
-167.22645183376392
-173.09123226656948
-179.090784330792
175.02495586878513
169.23694673608054
163.12489546840595
157.21189649079278
151.40777663467074
145.70616637875884
140.0206105737114
134.3847493314665
128.39669222205265
122.81474332889856
116.99172664896585
114.47468729733596
105.24517423674723
99.45672721346027
93.46325370182238
87.74960293977688
81.81115969727406
75.9021030850974
70.03682233303721
63.977939509372376
57.98213104867429
52.13733733174897
46.0255149353621
40.32235235520362
34.45761479714553
28.59529367861526
26.10688345881282
16.85122938905472
10.888773616862704
5.009163832707153
-1.0022375177612008
-7.0367355680575585
-13.209848186558931
-19.290424392884283
-25.490130635590113
-31.582895069032972
-37.91096138670946
-44.00748625096116
-50.147101864014
-56.11956265140156
-62.15261379918393
-64.62378905074723
-74.40499316712435
-80.53390540294961
-86.6752853830598
-92.66619383116898
-98.68685424490936
-104.81836072502789
-110.86540843917739
-116.98224707446025
-123.2424740953464
-129.12622829356252
-135.08752424605655
-141.18476215612247
-147.0579373932119
-152.92763634804726
-155.37481299413813
-164.7872386068551
-170.54736507181448
-176.367099924889
177.81056383384157
171.89559103552324
166.01662380004785
160.05411337241483
154.141554973822
148.34987502789718
142.35100563235954
136.81298841095875
131.1263850527855
125.43741641773873
119.80280399947722
117.30759805203776
108.11247514626754
102.35318590654792
96.52414871583036
90.75019619443553
84.81343136488402
78.93576854858688
73.17301579034326
67.135048877279
61.308377482904774
55.21575024629809
49.16726843750437
43.26560616468613
37.021520234081464
31.162957417887473
28.422254519387426
19.01137331442582
13.022072660690903
6.963877001412905
0.7399636842644092
-5.504721968468428
-11.339990375543188
-17.362235973961596
-23.60151753231582
-29.54690537769234
-35.59428299488985
-41.65907801477644
-47.91279659582046
-54.03829554640916
-59.76507037644232
-62.49317817541683
-71.97740836632737
-78.00536397941976
-84.0616707223796
-90.06876657203937
-95.98949028576116
-101.97294588043722
-107.84302659515369
-113.9544072679273
-119.87727283123422
-125.91494746199476
-131.95101255885385
-137.92900105567017
-144.08553520314575
-149.9434306366652
-152.35864429472954
-161.9048005998012
-167.87554037562282
-173.66953690796464
-179.83593847906684
174.2459428083593
168.12930317552966
162.40812747795766
156.57287709681142
150.65640192522608
144.80226200159558
138.95796538055225
133.02050417611835
127.04048165990059
121.3112750091308
118.67290235337458
109.35924483873131
103.62100803856885
97.69464076217749
91.65735519995518
85.66671860100762
80.02116305720786
74.20405509179668
68.43301709828913
62.54004486377523
56.647222035249385
50.74486448416069
44.811788217023626
39.12470365325186
33.14195229133221
30.425659696432
21.286421358215335
15.282159114051122
8.985824030504194
3.046901307396017
-3.166891209361577
-9.199522759763342
-15.056503312773136
-21.08108882398154
-27.169178868967034
-33.3736509072492
-39.53043964769716
-45.59253050521541
-51.762495020792485
-57.78804333014524
-60.52606659882265
-69.5573662610138
-75.78504815594057
-81.71004371201695
-87.7241981572873
-93.75326776881019
-99.89448288861604
-105.80042978115844
-111.99784836321045
-117.98116181799368
-123.88944183986602
-130.03941759731586
-135.8456302820895
-141.89891083482183
-147.867792581633
-150.55630567592513
-159.7551204857928
-165.48171589153276
-171.2425693953129
-177.28003614259472
176.90278097682335
170.9556723517541
165.0865241092075
159.31386566383463
153.44482844062327
147.68835698837302
141.91293227442526
135.99542627278512
130.32691191145267
124.31132693425026
121.72139857944362
112.34527256225566
106.28108844687225
100.12811175926717
94.41172944856686
88.67939547538013
82.7719765068672
77.00517197185772
71.19695679357599
65.27503891218733
59.30412686760462
53.16847244682918
47.233110276818365
41.446570092016756
35.620492260474
32.72631389622611
23.74194537586327
17.749310824850916
11.589604179352937
5.580292150829199
-0.5658014380104495
-7.009665353923849
-12.7103902208564
-18.631253524571225
-24.74509523339558
-30.695060917112016
-37.02514067007833
-42.96787768744853
-49.153729170703244
-55.15083823020658
-58.254102407508135
-67.3347653133641
-73.36317717045242
-79.6198114528257
-85.77813726518052
-91.96020737514039
-97.69421800882364
-103.78388857734998
-109.83057272581145
-115.83471857979967
-121.63188642285039
-127.7286144571966
-133.74293862765327
-139.6062444521194
-145.6087489557584
-148.10893143549848
-157.1589338609367
-163.18880767326087
-168.9894626874196
-174.87488669614717
179.2390850809664
173.30301228122178
167.5766370486636
161.69954758677258
155.9509734650316
150.20445876029524
144.46241189016422
138.70168914163807
132.90492571118443
127.0810522622936
124.66708560663835
115.3734611483328
109.30678388864592
103.32377398744906
97.42343229964075
91.38718172389615
85.2309079770676
79.47221968188816
73.82031859085392
67.83078717024482
62.26165909875824
56.234235871718326
50.21908709728346
44.10192658637591
38.20731921647361
35.30295882680982
26.1767122002789
20.24410444523114
14.157041090938407
7.860620705551421
2.019426967105066
-4.2299732287852185
-10.251947237763108
-16.07654969898662
-22.29661055932261
-28.525249698761538
-34.74634954936644
-40.78910993245175
-46.859005491036406
-53.15018558272074
-55.922388483977386
-65.17966942922779
-70.83862469769704
-76.85873597104097
-82.84990259663093
-88.54615445119026
-94.72535751437822
-100.72315966782301
-106.75151872003391
-112.90365667154725
-118.73630765346185
-124.77335635380642
-130.92801043691625
-136.93954959798094
-143.05862096689535
-145.5668726419402
-154.98164023390672
-160.75203893618345
-166.4569631540439
-172.4286914939594
-178.29381074451175
175.78604527029086
170.03778268168227
164.04240455257064
158.0370840860976
152.32771202498532
146.5100820550459
140.5635234523723
134.93198924820666
129.08322798151488
126.6219534660376
117.25921026050375
111.33625989417038
105.46116200626966
99.59365549590692
93.52306560282832
87.66291075340447
81.93685658011985
76.00806441443008
70.06201403411046
64.07853987959417
58.20311974523395
52.56210019573697
46.67138900551358
40.69164683132289
37.70061900726702
28.631219987429
22.706886237193537
16.68858844499487
10.5661273387307
4.751893190457957
-1.3779992220657016
-7.116878757474283
-13.29556968655508
-19.251675544457896
-25.434912177741772
-31.36129216428989
-37.4934994126477
-43.65938915430313
-49.90554261909434
-52.89568537198648
-62.06475380477678
-68.09373748437139
-73.8477512960614
-80.05869293003421
-86.30650600658558
-92.39583500618733
-98.26955969817364
-104.42174376371874
-110.46738636107419
-116.66750444705667
-122.69502125553089
-128.96788107728722
-135.01481091684337
-141.1781367388183
-143.62010953824745
-153.2168243877404
-159.02590891157297
-164.94593407313093
-171.0203737099898
-176.7479693396227
177.60575025304362
171.81537128508427
166.06732889968404
160.17377930926816
154.35163750102458
148.6029246148928
142.844582877497
137.21557153826043
131.1609204783911
128.74748522429167
119.42670313428057
113.28167471437038
107.61397536801036
101.76009349561012
95.54502104194329
89.84644820719271
84.0517144710359
78.23834165960852
72.43276992507646
66.56869072327805
60.6591574155276
54.437583613056404
48.9155955891289
42.76651301671316
40.08717175401208
31.027726363950496
25.109866879944384
19.55654386329252
13.489212719049997
7.302220399696858
1.3217825754549068
-4.99861695819879
-10.748321592783986
-16.646288717348664
-22.837519164417227
-28.911268061737164
-35.378598009644065
-41.3156190367377
-47.61574463113893
-50.946069458975394
-59.810510628680625
-65.72098957413871
-71.54007131338734
-77.6537642100293
-83.69687215437571
-89.78979869162485
-95.68022278643954
-101.84133582898455
-107.78246438892315
-113.76076926328655
-119.64088054208356
-125.99833282566934
-131.7669678804441
-137.94017354876715
-140.47008565347826
-150.004819925651
-155.63540230551897
-161.55395439817372
-167.59971479445397
-173.3383220045574
-179.21826673742305
175.03854702189884
169.23094690141266
162.94579955891248
157.30398548999827
151.65436373854433
145.87757240779231
140.05356870233518
134.33788381459726
132.03160570892763
122.58478316904564
116.76577278274353
110.75317140777037
104.82655370852581
99.11188451948549
92.98866146040459
87.15497390339218
81.47641222844513
75.56245023615325
69.72801215185923
64.07896724378494
58.049035280071216
52.03175101014009
46.340335228788504
43.05504932615754
33.99763563011226
28.025122171840952
22.17057139348544
15.955504128814892
9.945263662759908
3.7095803174014055
-2.3758856653339055
-8.46549511958009
-14.475326441707693
-20.497681294574793
-26.933984069447185
-32.80393684105347
-38.88602199864583
-45.02310649247757
-48.87457704577278
-57.441448535722266
-63.52636142521001
-69.37885425437415
-75.01711674982805
-81.22770565689754
-87.16142209238645
-93.35464680711306
-99.11444061628198
-105.13826621398815
-111.09531495040885
-117.14003708511959
-122.8688373421859
-129.0361742991664
-134.94579736892234
-137.6047913125003
-147.23369179139436
-152.90847325076362
-158.86431415788604
-164.80773571333606
-170.7124492035115
-176.71089282952423
177.29091486419574
171.68959282664085
165.6813170836345
159.844815058309
154.13907016583616
148.38954473293666
142.63001953912
136.87967351935316
134.5809125306395
125.45198014706712
119.72409117316238
113.86694924665446
107.79322213356387
102.05794077025043
96.05098934576732
90.23434404385387
84.12859924970901
78.18292097774766
72.02258015601433
66.23515761780216
59.87850827827483
53.814983524876176
48.03762372396454
45.30232249305738
36.31272318034888
30.39692571660315
24.37864083781629
17.36376670198775
11.567215424116382
5.528799220118828
-0.6731009736449983
-6.817026714621537
-12.960226864906506
-19.348085670461433
-25.313192991144533
-31.447404618248303
-37.76660100001266
-44.16274485286346
-47.270078613809616
-56.570656047537234
-62.28634056992804
-68.49217232762233
-74.57396170503891
-81.04862177213414
-87.24925746627456
-93.48094286118955
-99.6832081550499
-105.78844863424918
-112.0024898327264
-117.96876916774463
-124.26567576932437
-130.34374346212462
-136.41538790627928
-139.59143705833992
-148.4568702822359
-154.43585038909447
-160.14610910498578
-166.01823539185636
-171.96905162488062
-178.1733750902501
175.94848808090975
170.18911781652918
164.3483406781379
158.42230902440866
152.65218631373654
146.84557357979494
141.1621638714567
135.22843837674822
131.9863786765995
123.76076341736007
118.03715309271954
112.47353347927171
106.52196863836957
100.66469383929719
94.72342122113339
88.94010366611073
83.22157792101079
77.37773536080711
71.60469708283757
65.90453489674029
60.207378277528484
54.27788951738828
48.60790058546773
45.57667881633087
37.048157525148824
31.353783972237043
25.50014679938011
19.396288303121576
13.331751066380855
7.407811404372959
1.3470936719216056
-4.823796758250222
-10.750141863995285
-17.01826616958531
-23.07103409674385
-29.326607157796026
-35.61797297511527
-41.67173554557644
-44.85781663528841
-53.88494060932705
-60.007095229379324
-66.0249117308135
-72.0333021067232
-78.4500514851862
-84.6767880825067
-90.71054016891921
-96.90467522838078
-103.06546334434738
-109.16826590033511
-115.29492870476425
-121.50539023001383
-127.70865175238644
-133.89483184407473
-137.12880474552915
-145.88650687194882
-151.9649937021643
-157.84493744278717
-163.80262052658674
-169.74700042646995
-175.48861011279126
178.72932741154534
172.9432298155128
167.26080642891935
161.48269058037639
155.82359681071813
149.72498771511616
143.88619096645448
137.98899376208996
134.63087182968934
126.65257148419255
120.7780429993305
115.01350874510648
109.10643459910739
103.32082681516144
97.59124652210768
91.83090535791133
85.90383606309152
80.00240915168432
74.25793540432323
68.41749874538635
62.6872618374596
56.85386387373977
50.93085452382596
47.809897860985686
39.24849184868343
33.4309547943764
27.41255828171467
21.55519446094553
15.490877947134981
9.617985761922622
3.806616160333204
-2.2802035117225166
-8.481533838078239
-14.482570752389245
-20.886240610289644
-26.884129821481366
-33.06652969918264
-39.340782929645634
-42.367811433074
-51.63489842016343
-57.62313252382263
-63.40198675492123
-69.3420911297557
-75.60301091286954
-81.59748189166712
-87.98963988211194
-93.99605150455893
-100.02108883219344
-106.0090571798496
-112.39172906465699
-118.46984381504411
-124.59525007796196
-130.90303044651208
-134.06893464948462
-143.0165173012391
-148.82774874694837
-154.92653093793953
-160.7816530327791
-166.63573642929296
-172.65575573931395
-178.52831134543047
175.40122078331783
169.6347485004144
163.64604656663798
157.7965190565811
152.24826808601696
146.37233843048938
140.71072200526592
137.1949324040397
129.08051391639273
123.27309292139901
117.36527472102044
111.34206831951819
105.44330431863874
99.55474539453103
93.86435690743035
87.89957887463493
82.2955633159398
76.24092393528525
70.39082093363291
64.80602737433618
58.76150216361126
53.07883148487128
49.941309354864956
41.404592441969214
35.57084711291448
29.796446305148418
23.887799640014634
18.031146445260656
12.09674088159025
6.002192568946876
-0.01170799322837653
-6.169196164433774
-12.256351702003752
-18.130544601955304
-24.154305322494004
-30.16875389118366
-36.21056030680059
-39.099618636534025
-48.63494328348639
-54.69490488760526
-60.52815323111535
-66.65427997986036
-72.72598244436449
-78.89658910789375
-84.9847629654913
-91.2922965963647
-97.37214998191166
-103.62492100977381
-109.55872391024165
-115.80644522909992
-122.06074859578389
-128.08082097113694
-131.32197960657436
-139.9789906739109
-146.14761113710895
-151.9876649028188
-157.94161073327095
-163.75737671281667
-169.5911363487375
-175.57891089095511
178.23185222152577
172.47616002885727
166.68682243508854
160.56628427500473
154.85024563833744
149.18115443547936
143.20799062019873
140.1602765377081
131.55130271583934
125.58649890210535
119.75932864802547
113.87771702183089
107.94622821665153
102.3379802268347
96.3230108903407
90.55552048728981
84.77123820330515
78.86579657783092
73.19096371490541
67.57506744032354
61.64901078027214
55.498192886218646
52.79920247792342
43.90041178289639
37.870338352670665
32.23486717865423
26.536017019163037
20.36002056704312
14.633283693901015
8.814846675459995
3.047460408465992
-2.9980816889479693
-9.060322789165133
-15.140267248492501
-21.240482507276955
-27.472207726342912
-33.58285380316273
-36.30351763086088
-45.863390528744794
-52.075573028118306
-58.465161367134726
-64.26249473421453
-70.14613769630563
-76.00296643655312
-82.19039076749841
-88.0476323380511
-94.23162436153355
-99.9739406046495
-105.99062206028411
-112.00364111212086
-118.14480842147994
-124.33953760847403
-127.29594907544369
-136.44731429248583
-142.66799404485093
-148.6171507919398
-154.85134290937654
-160.94320676707065
-166.8035093962344
-172.9749355762288
-178.80055489802217
175.1237712656636
169.23287986703338
163.1319371101207
157.43130501936605
151.53520002856166
145.67510872355757
142.46385457474466
134.13625956282615
128.23987817727198
122.49168254783274
116.6748149917454
110.91136834363498
105.00507797000162
99.15259962292056
93.29247266787864
87.15475904752952
81.32945031158302
75.37398039221857
69.63700868481874
63.70379390784795
57.874936359327606
54.93224519285445
46.25659826803267
40.44126622687241
34.59595280506655
28.804604710228002
23.044419156653824
17.23827192913587
11.390226079055932
5.489040309519049
-0.5710330585206002
-6.483063461433799
-12.444163952087525
-18.53023034952261
-24.65094064219048
-30.68144863388801
-33.57969846476842
-43.287858284464576
-49.51523780711293
-55.46816248965799
-61.216157671909734
-67.24299175229953
-73.24176085054425
-79.44768606333335
-85.32295212570183
-91.33455689925087
-97.55001012235105
-103.5671047145305
-109.53321207726157
-115.85183419746465
-122.15447486317579
-125.50063786291335
-134.6354607885787
-140.43875706788714
-146.65126890496504
-152.77844130664053
-158.51021674369088
-164.28688480862155
-170.23775951152584
-176.2815995044831
177.95767152640806
172.18241988539617
166.32229957699406
160.3973916690159
154.71063548431923
148.82069695207267
145.67479577392854
137.08565458718093
131.2324038440135
125.34057774115037
119.21600709685217
113.29595143422061
107.26159657841579
101.30420405382016
95.26197915663914
89.502463661365
83.86616901636488
77.81052875836174
72.13836010722838
66.0702943127358
60.313826639216494
57.66165487780731
48.56841969486996
42.80634395103214
36.75451113322996
30.912086023458222
24.994406017376114
19.001717420710822
13.178599373319166
7.254886813858739
1.3975013851847935
-4.69333653010211
-10.64054307704653
-16.565415540170367
-22.49959724920109
-28.434210330067966
-31.220323526011416
-40.80798822648446
-46.843555838191996
-52.78891821119393
-58.55653696169306
-64.54585701522701
-70.34777630090132
-76.52279232332876
-82.46814196095562
-88.63834313985193
-94.61022975688176
-100.74053716127372
-106.64083596332466
-112.78368482485088
-118.80421121270618
-122.12611681507563
-131.3106858346849
-137.18852327214364
-143.35901115480348
-149.25042374724222
-155.19919565348624
-161.304794917643
-167.36001233909397
-173.3166427180272
-179.3375131731627
174.5638197963809
168.72020612809365
162.47289501986856
156.56716092147204
150.8672215492725
147.6979448685426
139.33959743042448
133.66755519114758
127.62017861623383
122.04930032010068
116.18374530620386
110.19969899760537
104.4599691366302
98.37321110910841
92.7429895455604
86.85620600834093
80.58029219010399
74.74382202065028
68.78501663059973
63.01168422123215
59.998675989284855
51.09957170468538
45.19395053698262
39.31777949129711
33.78039570515265
27.96907635265023
22.148599640577405
16.137689627797226
10.281760651354555
4.248663766966338
-1.8118973935458509
-7.708389137954474
-13.692962454130484
-19.61677797424831
-25.698214645475932
-28.491396877353587
-38.1390900818393
-44.331688130704485
-50.30194127996127
-56.39556423773397
-62.38639685504798
-68.13187838826298
-74.14885924768699
-80.16696660655754
-86.11883468783765
-92.11780663674725
-98.04010796118794
-104.30121013742682
-110.21794909346919
-116.05881622407973
-119.32053578368537
-128.36454143032807
-134.582298052768
-140.7675046019384
-146.87503396619456
-152.96363857893846
-159.2357629848285
-164.9334408402584
-170.89679540995647
-176.95394822539043
177.35939685936876
171.28110484057302
165.4270974656179
159.44431165842144
153.75981616498058
150.24374809150177
141.7150000486334
135.9628896578748
130.1860219238516
124.10096350496895
118.16797239246478
112.27170477179978
106.30586742700375
100.44185416165236
94.53940977854836
88.7836999681076
82.80988215274814
77.26072140265882
71.59535487367707
65.74826518474475
63.206942334676455
54.216728412312314
48.09507205587022
42.23584946261595
36.13887417561539
30.312346291808794
24.374277201917202
18.310049414832946
12.275824582786274
6.203608002324606
0.11961179716998571
-5.729648621349582
-11.671033450506124
-17.58040744454208
-23.585529983980265
-26.35919904977971
-35.576443618911235
-41.7389073239804
-47.7003239032168
-53.69761555801545
-59.65494348296049
-65.51739237391466
-71.46190132102514
-77.47819308963308
-83.43785849753397
-89.45486386783186
-95.44144267198917
-101.40347842790086
-107.42315972335089
-113.49297671006653
-116.75095221109574
-125.71014983325401
-131.900479947639
-137.8910046070176
-144.00850882309408
-150.06742811579696
-156.07152039082885
-161.86590955897313
-167.86125154998254
-173.74836021301363
-179.78253416401503
174.35757876636933
168.4923733201242
162.49940278364758
156.69078423894217
153.20067048369128
144.34502124293962
138.3869774146797
132.59698353335546
126.76942015208104
120.97434719931357
115.19875180551846
109.47152507751822
103.55766524808092
97.75215616992708
91.81365108483247
86.15001456323749
80.12499379173846
74.19019460258302
68.13884602231329
65.30574235612407
56.08502371821807
50.22191794911254
44.334990542503256
38.34573309920517
32.37764788209435
26.587586357129254
20.85613696762334
15.11689200747701
9.124528536574038
3.2787821859785247
-2.8312080364092345
-8.782040039357415
-14.739533703782367
-20.753653864137135
-23.437693516064613
-32.753925853371065
-38.83044082276456
-45.100227668449186
-50.86484746568553
-56.73107330523049
-62.667740602992446
-68.66321631075073
-74.62949269345584
-80.47380661175784
-86.55955417386267
-92.69476526247023
-98.83605900459284
-104.72136112199968
-111.12427334355566
-114.54751401494141
-123.68302133771392
-129.76530865333658
-135.93053059518897
-142.07777847612337
-147.79845919329833
-153.69849480954502
-159.62644622038988
-165.49189521193875
-171.35993721196127
-177.29705040187412
176.5370465283855
170.7091872406746
164.58667200077335
158.43755782007358
155.3588899287899
146.6980479797484
140.98320495928465
134.93229112793878
129.08288267228684
123.75678843301446
118.02049102344687
112.27711405028867
106.57702799483314
100.44571800363892
94.56199927763734
88.39898374192863
82.4395976627953
76.2068666682554
70.26465386822403
67.3523234434694
58.10996607513981
52.40189109185229
46.57808743858635
40.65292728479731
35.098074537390445
29.30019446639214
23.680053683264962
17.928435368534032
12.10195447825787
6.201126104961336
-0.06577654079785726
-6.178298641422647
-12.289248849302124
-18.40949515302317
-21.126921324859087
-30.88161627506206
-36.9338234075889
-43.06400569040048
-48.92266657771851
-54.69645938496968
-60.2804588471891
-66.25277997149226
-72.02230887363422
-77.87223922736736
-84.15672922074215
-90.0593438617421
-96.19108656566766
-102.15027316858045
-108.29597085473577
-111.68079521379445
-120.39073611131091
-126.69845440694456
-132.7411478733411
-138.5884977009644
-144.62080083857555
-150.6897374609877
-156.74375961984325
-162.6134457874077
-168.8901606733787
-174.7756549831563
179.1278853213764
173.19353257630698
166.99608336017855
158.17738832313273
154.77572313355464
146.21378994731074
140.62771025112048
135.113065745759
