th
33.005349289911685
33.01799828239757
33.23356960624839
33.12144474995351
32.92135566295857
32.40346488960683
31.951715197174554
31.998169824758723
32.16768662305391
32.400877982670046
32.35211335430415
32.10387862194968
31.63354529932166
31.28579922453516
31.411913028924634
31.903290229565275
32.16777178086785
32.391548799614334
32.25589155624694
31.920901268645867
31.874861189280704
31.94952964293233
32.14078838322728
32.30313079712096
32.398728419891825
32.47647889654549
32.37863875903231
32.55773408178083
32.79068099536529
32.83360691675987
32.87200025342271
32.82728764449555
33.0203749679684
33.27005273513475
33.570903415869665
33.55966796489316
33.45900123181214
33.16357783750379
33.175703103643166
33.178689221923385
33.41561714069631
33.73308218730998
33.71678306791344
33.451076588717086
33.456268923771724
33.016826945817044
32.877237961071735
33.08240480052229
33.11455698484482
32.994377114022434
32.95380630639944
32.81959529541177
32.627381575283515
32.536420744116214
32.58784271740608
32.55187759801125
32.57178702175126
32.56192659373352
32.604345361031164
32.66016318860644
32.458965780285716
32.27944024143367
32.16331110404721
31.9873757327063
31.81893452802988
31.815954421701598
31.80298888666989
31.648106609574413
31.624609483277954
31.551558183833453
31.40694723926107
31.523493991402095
31.502591347678
31.668594672529675
31.643258962511084
31.748817013726175
31.790343175794852
31.767611494048797
31.872367628474226
31.85113041062186
31.9978598632197
32.0583357899196
32.18697154276448
32.34698614311919
32.285588358154165
32.43039174186036
32.4871473868223
32.55449874334636
32.67857107005457
32.6546257421795
32.74719535287104
32.854989907224834
32.877769413178285
32.9117946486404
32.967532733152616
32.965028821350906
32.98216121779324
33.05639306760663
33.09829544433767
33.211297199568506
33.28298333726094
33.257165385514966
33.28957953646345
33.16528168288934
33.069177352780926
33.02356175319032
32.985851342008864
32.955769163542726
32.85803833297064
32.83963107634544
32.7945615049331
32.67531434307856
32.6743606876986
32.63902368487107
32.632040107461684
32.65116792135019
32.52287035034618
32.557885594171346
32.53558791687316
32.51783497529491
32.39633858108653
32.37580069280714
32.344914436582336
32.16933867063717
32.11030054810132
32.11297435164093
31.966990116470203
31.942010112718624
31.860109653486454
31.784298930769804
31.75575102340453
31.6887470235494
31.733385386508274
31.8740748614678
31.947495473565418
31.930558066201055
31.98662993116575
32.058814386661844
32.155839773459704
32.2465076176586
32.307898184158404
32.385473754733866
32.52624404628166
32.627282381602456
32.70663833439027
32.730509061535535
32.77752668933128
32.88726083899466
32.89785906057705
32.93282753943251
32.96601955314291
33.04955559281416
33.10133523910049
33.062527183552994
33.05523298156186
33.09675282517761
33.13609919816642
33.17984469205669
33.21080123001498
33.27378165870204
33.27049012195022
33.22333041918966
33.16829512981618
33.193226559724685
33.16155278869259
33.06535336538162
33.03523604083443
32.985893050096756
32.991197304001496
32.88045841971904
32.795899835180045
32.7581709071009
32.73612927914444
32.714267667921526
32.61671738098727
32.65228779903557
32.55201257903831
32.60665903333315
32.548843703077715
32.50224838967727
32.425687675062726
32.33347407741027
32.341886024894094
32.2546522044434
32.23767479343397
32.13461954649307
31.980107586974558
31.947277371960833
31.852320445919858
31.86234855781828
31.865479139077923
31.83844719687829
31.965662440486867
31.984894862694507
32.058544765459544
32.063361857116966
32.10640087970191
32.20883195791673
32.246736097609094
32.384199943720176
32.36085083125492
32.46552198986864
32.512836492617375
32.535619917919526
32.65130743631226
32.70152993900928
32.780559368754176
32.85651726759376
32.96415895049655
32.95437997163131
33.09919256175899
33.04498022255974
33.0745662166566
33.070071269152
33.05165043509151
33.02424417507369
33.000861384615845
33.09231967219296
33.09443642018754
33.21555542554023
33.14413875159033
33.10226794323912
33.08880049127902
33.04310095523529
33.00842088982724
32.95654293936442
32.88881916642599
32.70593766467928
32.56822031090022
32.51725078093217
32.41700211657153
32.32185173161485
32.24245162174264
32.21051606772265
32.06156390132847
32.1344069484623
32.06308621366703
32.08380600161556
31.97158723814921
32.00170051837402
32.02685541966626
32.01617115803015
32.0864763605015
32.07902902277132
32.220663489935326
32.181457043351266
32.31313231945931
32.390101803722544
32.41315635913532
32.57305039449298
32.7000924768862
32.89140649129487
32.86993745878912
32.92131645640145
33.04080920820018
33.14466179933803
33.26381903117749
33.33006191822218
33.433251468090354
33.48917778913175
33.56780959724608
33.57107197776461
33.5809783392584
33.67439831471381
33.69302538876237
33.73899756557776
33.71742944317795
33.66307167431418
33.6666896731065
33.564466085475736
33.603984509374946
33.63072300824868
33.49432914358954
33.50083854436783
33.555975682363254
33.453676787594596
33.51935843699288
33.47743163160185
33.51104891343849
33.484425647768816
33.50207195683346
33.41178759857478
33.33941233472388
33.30843625203396
33.35194153135395
33.22510193770192
33.147984058826395
33.050703551416476
32.97648649847416
32.93614096840048
32.91458558166968
32.85225796103287
32.74661215121261
32.67949188101733
32.636428170692476
32.48274405080241
32.39720480141729
32.41701124830332
32.30736845887681
32.27334588043248
32.24391915961053
32.2191357970717
32.25911448424742
32.16640280484554
32.154696258101886
32.14914379240776
32.06497768143629
32.06395976825288
31.893109303079036
31.91120987581315
32.07791689813469
32.022425370440246
31.997313236523354
32.0349062878994
32.118937432701706
32.142196436079765
32.168391598273224
32.240939378274774
32.29456657233833
32.361352134831954
32.477566496106036
32.5316574169832
32.56692527860341
32.66258703530105
32.68631554750779
32.86720748433086
32.86564015968574
32.8176960516003
32.872237688364166
32.962525229129916
33.06259485935311
33.08234756926514
33.12985522491183
33.1567479646128
33.17306035390837
33.17266167907724
33.12825020195238
33.23062010220881
33.174260772362246
33.035151899760386
33.175354529269356
33.05229124433373
33.03397311080352
33.01714880801686
32.99385222122013
32.94922427644836
32.94879598835879
32.91611158600898
32.90241529355453
32.86969404529502
32.74484863918026
32.8923201356581
32.739689213052216
32.83184907905336
32.72900009097815
32.65487444148891
32.685488957943264
32.61174030848999
32.592382383683145
32.52469196247849
32.58902542532462
32.49599759584727
32.415766960473476
32.461616412415786
32.465326841531045
32.37375159355991
32.285525694728825
32.25979335390665
32.25809184010266
32.14594713495166
32.25999182694806
32.11679728844791
32.130073943524934
32.164470901940476
32.27516875370699
32.28699779580483
32.43793609279198
32.53414985585884
32.72132815674282
32.7757244205985
32.82158109430837
32.86512374841852
32.999174503923676
33.12725601824423
33.15550686593559
33.24478231982452
33.22658281462933
33.276797723866075
33.269423228305826
33.22101244676646
33.33391719134564
33.35949408826639
33.46499887617298
33.36426036206934
33.42784735904844
33.363289617436756
33.33832753759278
33.33247605329476
33.26283246599097
33.263493959464675
33.18770954151097
33.20886906074333
33.153391762746566
33.15475956248491
33.146684029238045
33.01508209715992
32.93865874687479
32.885635472388984
32.78074100754191
32.7305659708533
32.7399735959191
32.72361631378829
32.578103723859705
32.55684079504234
32.56840456892613
32.33943686519357
32.30351293806453
32.292086844586606
32.361063492162316
32.185357831435844
32.24476916300408
32.18110426763463
32.158739760197
31.970959665884983
32.05181245266358
32.11538778155944
32.09400271700385
31.94668958251829
31.847876938009925
31.841169327866407
31.813538530313927
31.936411250053673
31.943621907736325
31.912231458093984
32.08548174495019
32.0861159072392
32.165036570796666
32.280580306074185
32.35146271576353
32.442588806714774
32.46292948924462
32.53322818782677
32.52052958931106
32.61297399834783
32.67651233598235
32.59860297874608
32.67189939711552
32.685606109288756
32.65967474189758
32.73397175085526
32.75331678023121
32.79233624415673
32.872185344206635
32.823565157093846
32.826128165548944
32.8898823470887
32.946314928253734
32.94791280970807
32.96341744180798
33.09098503722147
33.02380641362135
33.10178431167747
33.18384628786333
33.17087260078157
33.20201557698827
33.178725383780794
33.05720687389841
33.06935017625681
32.95397798803003
32.881417662807046
32.974021836356414
32.81990112693549
32.84764169310816
32.812711349459846
32.78447685321028
32.58894855581059
32.70086160684104
32.7084618971963
32.61883718975854
32.49520758047804
32.563372509803266
32.54547155799288
32.48409222226076
32.465999530088844
32.55156411969602
32.37347233233422
32.48659561708336
32.44913211304084
32.410591949062635
32.33296292024103
32.31619039874622
32.20836763756163
32.299360395878146
32.23903964639013
32.27080799016369
32.39836558666164
32.34034026149553
32.30255302389529
32.30932044654695
32.414399509888376
32.44468542018931
32.44864183407118
32.504447719708196
32.54205037349147
32.539007696639466
32.65496987852249
32.68052091841217
32.77452950542058
32.8222199556573
32.793967618455746
32.868088924050085
32.94032877605424
32.97372529765366
33.138797290269906
33.19656236241801
33.20912888193352
33.19764734051069
33.20697116794188
33.15099221539964
33.21354041399216
33.29436112942805
33.30418350766793
33.234494188090586
33.157432322591355
33.127774822582616
33.01923481705725
33.014663025282104
32.952835441626306
32.94656913328828
32.75895001225726
32.8402371313468
32.6401513947535
32.683746694126775
32.5709474081651
32.64385485014519
32.48082573482699
32.433809131766736
32.52136558097613
32.433544401949725
32.310565525333004
32.31063810369732
32.16840642463591
32.23075208014207
32.14378450744594
32.190124118577856
32.2426451039344
32.26744623073298
32.13182840838102
32.027654574942304
31.94915504395309
31.895240189226218
31.83598099225287
31.843613258015065
31.820127588953703
31.865742981584493
31.991577289696373
32.02450107588794
32.070128379166334
32.22552532675942
32.34720914276723
32.325998358762476
32.38054480152137
32.35143157303784
32.48826334789394
32.50720396001744
32.593282498887895
32.62167360947709
32.552086668102504
32.71880413106875
32.724204172363095
32.7951451205826
32.82192656286652
32.84532330317391
32.95460384023897
32.819982494980295
32.848408113698646
32.88209105211919
32.840304346378886
32.87713014009178
32.87569415905401
32.970921552100144
32.8553543034764
32.94495363752677
32.800502798210445
32.88692144202705
32.853792225329215
32.78257777316537
32.74650333964872
32.66521380715259
32.59455461218048
32.50559898610738
32.65169052406857
32.540165907920624
32.48320396352759
32.42781859931443
32.31553502499124
32.170818912713464
32.209518503731076
32.211894321311114
31.95877018209148
32.05046277507083
32.03507645249527
32.02069506282838
31.85835664525095
31.834247186025248
31.931812536825827
31.971187358807814
31.91878521376641
31.86199077387093
31.893748976046826
31.79852882151239
31.88644474267657
31.85331706440336
31.78292213091503
31.832774503365073
31.824498386221414
32.05428650249746
31.996330704342395
32.16799606795142
32.17612750154428
32.322155224547124
32.43217071507956
32.47132334764986
32.566884332425786
32.62216620345323
32.54768415828537
32.62554114237108
32.672542714289385
32.71016457737595
32.766398078222196
32.68707898722059
32.758782221581384
32.78394831535683
32.74886476118662
32.74814800655753
32.853470399056576
32.84696278452149
32.879812357354275
32.87015358533294
32.909302090624216
32.971907517932884
32.969705307709376
33.01959242097186
33.07511600835273
32.953995031337506
33.00393051633513
33.0134683682576
32.942760708207295
32.95501837352761
32.87107147025676
32.66267118267139
32.61519597125995
32.62585404617182
32.58826778037717
32.48142060301217
32.6051837600023
32.632258199468616
32.50168823310341
32.59635183805136
32.535986790740786
32.52957573318334
32.400611360840706
32.38970069262413
32.856373319644064
32.62249323373183
32.541012676934756
32.432984143420875
32.21706825715913
32.107053730531675
31.940632484554126
31.916647398037586
31.81804000824005
31.818971170022323
31.66731888935669
31.693731119967396
31.584665705683815
31.63907220570075
31.586414488651677
31.57516124973303
31.493497228751135
31.492367748358223
31.47919633042289
31.617173733927544
31.614260462132552
31.74123644620999
31.844717457590466
31.899123260565872
32.168285033939846
32.13125341140627
32.19182057635096
32.233850013718346
32.329079349589826
32.45670900831687
32.52369281248592
32.679321111628866
32.91126436208707
32.90409240157893
33.00547998005962
33.12546062890189
33.20635705113822
33.48122286295222
33.60244760042029
33.675456906343385
33.698087530651165
33.8599203145499
33.771634844120655
33.7999942627306
33.82180106312962
33.67858783649208
33.67604031821495
33.6881126026033
33.57919270704689
33.565409882162506
33.510412284152814
33.426376827020704
33.41653548343183
33.36987734955037
33.30929871535806
33.29968576474731
33.22413430378181
32.9962217621826
33.06905417697267
32.83408579864973
32.85429073845843
32.74724908385182
32.60619689063888
32.50776168504027
32.36072370009865
32.40041422373938
32.23784942325068
32.15447606152169
32.04401697011127
32.00128673848903
32.06217483016424
31.9116022448053
31.859382366064715
31.798697237080244
31.71375171174453
31.882834927591805
31.836845375840653
31.80203530899649
31.94349263451982
31.973597253053082
32.00552399655274
32.07073449168498
32.088941066278124
32.18785936489827
32.30228110914657
32.42648097435911
32.50565164389209
32.5758335284607
32.514516074517196
32.67294610882182
32.71052621588242
32.90782573652973
32.99401309756651
33.100750831455386
33.12277140134317
33.192867214580936
33.127168789776135
33.24592001283973
33.31186113625856
33.30010892321106
33.40023043461735
33.432161333586585
33.334985172219945
33.40123697863593
33.428186951573934
33.39187200306587
33.39833072321158
33.40703024808485
33.211609596834684
33.289166316038795
33.198497120332526
33.14715684492915
33.149185939335126
33.06224977800488
32.9296114204295
32.73803120149889
32.783860814780915
32.71763507934597
32.5591744582147
32.62652638360188
32.48572198276871
32.37393041800988
32.344630003639395
32.27933917161439
32.18577609361451
32.07267032295823
31.94898075356565
31.807179118253007
31.795724081954084
31.681468097421813
31.745963774229462
31.687178398659178
31.67365488370207
31.73158058817062
31.680774890448447
31.746723984399267
31.758291140896098
31.815441286381578
31.797280682533145
31.767864000718905
31.862305439399268
31.739688943165937
31.768108663341618
31.88117811977559
31.793666312159342
32.020798878768296
31.9092128508156
32.12863214760365
32.05118539317789
32.10772456133255
32.256937784765825
32.376583671131556
32.43393754451677
32.44561759952526
32.46556649126956
32.52070562716251
32.6252103389733
32.69859910762742
32.9132648837323
32.94687988567899
33.11468003169883
33.00083926603358
33.08958776868396
33.04038976554025
33.21805681188526
33.13533122097801
33.06585661262134
33.07422648564413
33.0659888635768
33.150129981478756
33.07458824296168
32.998050427935766
33.02487866774221
32.94170082997265
32.92474672870222
32.86347999220696
32.85458903915678
32.821399911822574
32.79503289906383
32.838581483517636
32.61107690831599
32.6772453238007
32.55317106026538
32.51304326127661
32.4301617049996
32.41072196973796
32.3245208728153
32.27039318647832
32.148087608373984
31.9764358710919
32.06044059954781
31.946652777023104
31.889823840647306
31.799649821948258
31.70029697044677
31.669894959425008
31.705400876002248
31.739880283998914
31.715032594598387
31.79437257349995
31.79752083649068
31.830771630529572
31.943350354840053
31.893795790268566
32.02096520673043
32.1951141361642
32.17714294794955
32.330333878834736
32.37955112025659
32.386435937911564
32.51260742730809
32.52969884194293
32.6613719376916
32.68723852964905
32.777713274308475
32.76093798749792
32.70051736621649
32.771271689707326
32.88243473627522
32.88791006392418
33.00381825975555
32.94555555945559
32.99852176712389
33.02164909946056
33.22353398222639
33.18318008862833
33.25405481640639
33.27073221377617
33.31529895028868
33.39237098223572
33.314670456895506
33.258342990579465
33.22443414870452
33.211230176023015
33.21956697458043
33.16157514763262
33.2454420195014
33.136446594786946
33.10629946222005
32.99350827220793
33.05070533819226
33.0406406441773
33.05021866043191
32.910057027444616
32.87908304557235
32.82006775816226
32.65447804321836
32.51188917023489
32.38593453199372
32.30803377371061
32.19885398057774
32.20945261357981
32.145101050586476
32.115141628426514
32.024187637299065
32.079887705588554
32.18069101631981
32.21219792934273
32.1945819601971
32.15039810193738
32.11382413956467
32.18077282513925
32.15690964397143
32.1191810522546
32.16438107973019
32.09401260042951
32.20352996223367
32.192354307850785
32.18930942253297
32.12614654929415
32.19324430337238
32.34813270981504
32.33526222985763
32.444897419964946
32.36786848368816
32.55131684180037
32.51648113816487
32.72151236102807
32.63023735980091
32.79459934006504
32.85504715348954
32.84030788036444
33.084882082948944
33.233780678145024
33.28451347141944
33.337199376016926
33.33673735579858
33.34002703630461
33.33344596833494
33.256087331576964
33.412431320117044
33.39331400565399
33.42390991460913
33.446597255967674
33.49886025438106
33.331583044685814
33.35683278903375
33.409493331131884
33.29565741702813
33.36047862598358
33.20685612952938
33.10940125435639
33.00190996154613
32.82859879157072
32.827894510046555
32.72652243664967
32.67438741617823
32.59928617261691
32.46222500123047
32.355437280773856
32.262547491643986
32.193129399588514
32.1575285904225
32.233560032725016
32.07039241216031
32.23048842059237
32.22542084158993
32.28751803503233
32.24522288226848
32.24890990543704
32.163410555133076
32.26333565310719
32.23623193376104
32.36194634057566
32.31221965058672
32.30082309561073
32.404337171105325
32.40940040619723
32.47240415359577
32.45354439770704
32.426130128681805
32.58484327909055
32.514617851127085
32.55333209338436
32.672329352639075
32.68534700683703
32.63667116521129
32.63410024154013
32.61393048813809
32.611552494811804
32.77820324338156
32.8180360919605
32.789370289254386
32.74739930543254
32.84352678615889
32.88714245178646
32.828441833512734
32.85423687644239
32.81391471427256
32.87757639271203
32.836432203083824
32.807059548906935
32.7940335224229
32.839675220263054
32.713591205377476
32.830230323699716
32.75313041891291
32.73724523168099
32.816643268315836
32.78257961530862
32.795468281488176
32.67269722059851
32.77743052039342
32.791786936403525
32.72798472648247
32.78768626398036
32.81247159286026
32.7204536097542
32.66135512202294
32.685652806432344
32.63161962375395
32.64287668978777
32.60748102377744
32.62250080800213
32.48897005986601
32.521874449586456
32.45478435367553
32.37312379273131
32.47967450168075
32.368278252931134
32.4151993655485
32.35706345372556
32.33257841708435
32.28822890133966
32.279067492657525
32.39173976452789
32.156046235499105
32.28054653137836
32.30203376713807
32.19146318619754
32.18752810868697
32.15922183289923
32.22640731347851
32.29451206419111
32.20964217178412
32.28724478998728
32.33248867433883
32.409108338545884
32.469873097574826
32.462264762596305
32.66501622601664
32.72190135864491
32.82312647340578
32.81593500009734
32.904076373181326
32.903686842913736
32.96218845322135
32.943850434494124
32.92760603986369
32.8415391049423
32.78963615941191
32.850015217763115
32.765563908172155
32.84842282263372
32.90426053190361
32.86116996890417
32.871489208642444
32.87275042929797
32.87040285495834
32.843567270780575
33.00310780833457
32.98060175122975
32.81557275124641
32.80189177017497
32.824466092850734
32.84109118713844
32.88293882739024
32.807646827847364
32.74091717944594
32.71338315707046
32.66384365166654
32.5053840937693
32.567196360072174
32.49416496832114
32.49568514788122
32.4992179665853
32.515800080805136
32.50301528288732
32.48621128466098
32.57346700553535
32.55375760844841
32.481598962274354
32.4518135792725
32.49370600088345
32.421668450353884
32.43314432493157
32.301344852162615
32.52222789280883
32.34434449857088
32.385632478112186
32.32587842471121
32.393648469018544
32.46996420854438
32.506519048466934
32.70087567135017
32.73976284617428
32.760373273688145
32.80232575993758
32.70787065634188
32.81446229917552
32.896010861032096
32.944008767331745
32.85940735972049
32.88065058403006
32.82547129455183
32.92659413408624
32.91931582201306
33.03717923893786
33.00181129321291
33.08217208311787
33.02417530813875
33.08382167669944
33.07637851424169
33.03067237589381
33.05517060176362
33.09474409728613
33.07650202258368
32.95253962135858
32.88790321178917
32.91699408388063
32.97540964822111
32.85852898738667
32.87400562025033
32.93841006901458
32.97379020609892
32.96476322242717
33.053247121297886
33.04624141323854
32.967194689827096
32.96411378464185
32.87632373860368
32.855293633357746
32.71072228475648
32.70801569690227
32.72264924345892
32.71260664595715
32.68155544940782
32.70848146415283
32.76321620542962
32.81621558770183
32.77378085009595
32.82622157898978
32.835985435066235
32.76047690927149
32.73508929009648
32.75613359435938
32.69682613780035
32.771513386368156
32.73789358399778
32.760726528245534
32.68425572429337
32.721993939350305
32.8349821614703
32.88977905178428
32.93026461234318
32.86219420718741
32.905877323493236
32.864828964309176
32.78748507138748
32.690416623334066
32.642533764101735
32.638553910864886
32.66673001752351
32.60830453523774
32.67867149038248
32.6885748410596
32.73241711431215
32.887186281837444
32.81802774804048
32.876596515681996
32.92144520862132
32.85137365900498
32.814484532430114
32.738189119467016
32.80585948520792
32.770991223446174
32.72327340977519
32.835275442852456
32.70656522821239
32.8652802091231
32.76085912485755
32.86213369393239
32.98514449775418
32.9578185255652
32.86571822625717
32.86816481994335
32.86489590203912
32.79708249250841
32.63962558584169
32.64589381944405
32.50446162726626
32.51376937907425
32.42940059303776
32.369694850647505
32.471910570009655
32.469043855098874
32.48515109911337
32.52226657242096
32.55432656571456
32.636158755431836
32.52909909015679
32.531822515378664
32.471683530489194
32.477617814209815
32.43075360105604
32.43281406237469
32.47933436993203
32.53913040173723
32.77723776783568
32.73031554014799
32.899644024470675
32.92805156271338
32.925501480352054
33.03333240607559
32.95306632753214
32.75156526630138
32.79469196944936
32.5866925207028
32.55065777600039
32.40317550375634
32.37882728647722
32.56217269461335
32.59922680597522
32.78947222673048
32.66337052066168
32.886321406853085
32.942414137667186
33.03301593061638
32.97164751342362
32.896151085957506
32.79647165892457
32.85425096860404
32.705014252201664
32.63554193039026
32.688697714408384
32.69444487356142
32.70885459313636
32.85987361055465
32.86060326725444
33.01283160621074
33.006058771462236
33.12236567054301
33.01891729812708
32.88934848707141
32.85023124895544
32.68838055766677
32.52928065345713
32.45014385609591
32.31424378095959
32.260341967996936
32.24713341277143
32.322218786745715
32.3995677708195
32.48172641888677
32.5629358080212
32.66145014331878
32.6439853000303
32.60857594933793
32.57547619269805
32.510075253049294
32.54769718288695
32.49359126183828
32.56144894862649
32.46874437778359
32.50169807865749
32.681637644978586
32.504873608628465
32.806092795935484
32.88169653641183
32.79832131571632
32.77024044654852
32.77732136151764
32.76780007349942
32.809575707615394
32.70353384731401
32.64635406278287
32.6096963148674
32.56443682292319
32.60141484249256
32.75872298176483
32.73823116934415
33.252518165550754
32.97700520639788
33.28180608166023
33.322782415925445
