a
-94.86049858795342
-106.21620917511616
-113.9222818723681
-125.25458962104474
-132.93792362222027
-144.65260949442774
-152.43273692115122
-164.48341732778516
-172.26045106828062
176.08908207504456
168.38746192424819
156.5563802913256
149.00101309046497
137.76310091429596
129.98365986503765
118.98706117933725
111.33242374453448
99.1284836788812
91.4795264179138
80.81140476953478
73.21496065457028
61.220383535868294
53.889620916924024
43.19983118470351
35.600896555658395
24.13042808880184
16.8088670976562
6.147871269655204
-1.2306131986914104
-12.696028867845571
-20.051459657724976
-30.946463126967558
-38.23201629379866
-49.590338422404784
-57.03450085430594
-68.17115541330378
-75.71600663010061
-87.67784160848966
-95.44534613105564
-106.78721818392846
-114.87844218109682
-127.20857966529367
-134.7890328661123
-145.73395470956308
-153.31819447369602
-165.32349513743307
-172.98989460829168
176.02725536009962
168.50121797402426
156.5552777466951
148.8790039008162
138.06637021370693
130.29005274932635
118.07711058387932
110.53589635262011
100.07071162651016
92.56826964634752
80.68446579740454
73.23938290419306
62.57883377670526
55.05600262715662
43.5645633227373
36.16724971010866
25.404852334220184
18.044264428294618
7.163478447360201
-0.07047280535281333
-11.394752092904106
-19.031600706749515
-30.233518079945245
-37.867677120260666
-50.01621016589813
-57.8892290577398
-69.07638750321102
-76.77598581906642
-88.7008716465171
-96.44658793914401
-108.10073242979787
-115.92126951758318
-127.6894753334784
-135.37855112378773
-146.62396652024626
-154.4480000320325
-166.08855333741872
-172.92055856764728
174.62988033379975
167.05201470306295
156.39032504367714
148.9712027004874
137.08887144925876
129.5589531465458
118.91075573077325
111.49836870998605
100.10287170186054
92.79495855151323
81.74698636411588
74.31844377173152
63.1710606651104
55.99437296796073
44.705083966262634
37.24387118461706
26.472516122829134
18.779063501588467
6.800993676151462
-0.7082910104640067
-11.469748390372457
-19.055250628280888
-31.122777268014644
-38.89662128722871
-50.15871982043651
-57.95072253407714
-70.47097080532615
-78.2897933709052
-89.12815494260786
-96.80447030477038
-108.98589530210916
-116.53836333832905
-127.40727935837116
-135.0446743266985
-146.472878934432
-154.03263690614
-165.57484785543897
-173.05812074093208
175.92958590034613
168.328226861417
156.45083150540262
149.30248781538165
138.63147402928269
131.271063216279
120.0877819767979
112.87784516933569
101.54097199401188
93.8676817216388
83.04697028880028
75.52332695009551
63.80604495545728
56.357752408696555
45.6379735695784
38.26267451976115
26.066868086677935
18.355170685459175
7.276897749073498
0.24483169842933095
-11.489282701854286
-18.93756748765084
-29.783215729917785
-37.256247466160126
-49.46193241133875
-57.08841444225098
-68.00474386618714
-75.75528634612557
-87.7178760095715
-95.33838145237641
-106.56265109649986
-114.14162945249404
-126.47573631947326
-134.41568952177295
-145.1915472728291
-153.2135624645204
-166.20393915466852
-173.77553421085014
175.32753788107098
167.5573805660223
153.87376578657094
146.8430061650105
136.23803824833354
128.44246416519763
116.62622781251446
109.35033304435031
99.10854252402358
92.00263627881321
80.60843717235831
73.23245031778966
63.016271359352416
55.70223884508902
44.19407758529247
33.70284984778434
26.290890146062416
14.631455578824434
7.549742369665453
-4.104247314989362
-11.544600836145456
-22.984587370564615
-30.37578590440527
-41.51154296137999
-49.23881214526607
-61.21300355273066
-68.79410668540199
-79.882443296779
-87.57025083746196
-99.47188042832309
-107.16493472772126
-118.04445421943102
-125.61828493637182
-137.66863365136496
-145.327520080044
-156.2775266019035
-164.22437827287595
-176.6166481872057
175.46960361058544
164.57705060488323
156.76493550286088
144.60179822496718
136.67118799591162
125.7309801609907
118.13011060587003
106.58045350626071
99.17068317009625
88.61769521580517
81.15372471982886
69.46651601132385
62.041191474331015
51.45055616404984
44.05684660634075
32.70386266162211
25.322264595352692
14.20209452212028
6.652825485155827
-4.141555773614291
-11.495076553591575
-23.1555145078248
-30.591685650057567
-41.741979638859
-49.47102390036284
-61.21547253351918
-69.06372655071753
-80.55124208031619
-88.33811907416835
-100.14633084563786
-107.79958115022316
-119.36495779119882
-127.16046173203549
-138.19374422950105
-145.8491325781887
-157.88618710630928
-165.5226561905892
-176.3689915504277
176.01799139190538
164.15011493908767
156.51400072287794
145.95683492751112
138.37250606846513
126.433701864049
118.89301887130004
108.07938995491827
100.58407388912013
89.14486528362303
81.73115291556186
70.61957111922851
63.154405569621815
52.292604166613266
44.90266147474238
33.23441337347689
25.66205313821051
14.780730150158613
7.5478015091781865
-4.206070762185901
-11.904274144189657
-23.0868812033179
-30.71323044255698
-43.19399538254592
-51.154091245570754
-62.317859353159264
-70.14967004859123
-82.57518766531652
-90.29232690147703
-101.2805827743767
-109.12878902675163
-121.37919136190236
-128.89111919358595
-139.73018469215523
-147.48352238311912
-159.60301612526627
-167.20427162621112
-178.34388002040305
174.00074346551446
163.12586733900412
155.68843382516152
144.69058794896515
137.6072778516757
126.91316790122421
119.5390246942803
108.46959828061797
101.22711920879884
89.80858059441266
82.14695783600733
71.37893415813302
63.93082066659526
51.99209368307132
44.42823294409168
33.9435623003183
26.50484522059674
14.720727460401214
7.3775461804214215
-3.405666363241026
-11.237743305032035
-23.70879236626322
-31.490167813915416
-42.81784083611358
-50.750811369073446
-63.34240710015537
-71.35136362892787
-82.52209546983006
-90.137372628931
-102.70334283076333
-110.70402008130851
-121.4867928496217
-129.31541437785884
-141.6834746144926
-149.31252591838273
-159.7509777603658
-167.3005638876531
-179.1791994204227
173.3939376182499
162.5811672540956
155.17606346248047
144.12444888434877
136.91486935245965
126.44101495944817
119.2014968397532
107.80330329241562
100.35861314078737
89.6913419908616
82.23501006635223
70.38917430233202
62.93124742000398
52.2929943780952
44.81977736911519
33.28316909296719
26.02386359846465
15.819315271990305
8.688179203017683
-3.374286005969336
-11.001913352390279
-22.268692178058043
-30.350088846105226
-42.98777782301007
-51.11869103221477
-62.96523083984513
-70.85791897434831
-83.18839769096182
-91.1002181340267
-102.71547170224989
-107.74949803472079
-119.72023437718035
-127.3762030621295
-138.47097031603147
-146.55087308547579
-159.02056925017678
-166.7561844952904
-178.28203013420247
173.88897958830768
161.84149003174835
154.05609904385312
143.15423830882798
135.5519210817808
123.64620668449491
116.22623403586886
105.87548673710467
98.54078257997344
87.0149343400701
79.6822685936478
69.01462467570853
61.71611308490075
50.02821293345117
42.863883169754594
31.881356093916672
24.70680728701518
13.852810083120076
6.6530702141669655
-4.599522389410266
-12.051927096546287
-23.315822139034452
-30.853679256238113
-42.22712475177645
-50.040090910456875
-61.80785913317395
-69.6058052350536
-81.23524658134173
-89.03426115478922
-101.02525201029754
-108.96751612103655
-120.39888061306554
-128.1111577908766
-140.1886278989125
-148.10787321158008
-159.26733966954552
-167.24591681640078
-179.46090067101218
172.91473658792734
162.39672667971348
154.87252114380652
143.10801160043675
135.59246318702736
124.92710906032987
117.22712146505526
105.90508731947797
98.36381430070807
86.9171241489451
79.39255948829427
68.16982536066723
60.74866655233273
49.36215902921037
41.78522092130172
31.254221189224957
23.972952599401122
12.526500772165782
5.245579271567738
-5.205500009972409
-12.596726849880524
-24.314312319772615
-31.88182578714148
-42.67684480540652
-50.26614475759365
-61.993637626014596
-69.66426209748322
-80.85979893494022
-88.4815240988885
-100.41424796717122
-108.27170372237443
-119.97942428993454
-128.00561490504762
-140.1045695567819
-147.95895548747842
-159.99360504023537
-167.83646456266004
-177.87307374973892
174.53182983081584
162.15672076652615
154.36970565314556
144.4671735844768
136.81645740650396
124.39486005956543
114.16666360465095
106.52670889645307
94.00742034495113
86.5816653939859
75.30023782799832
67.8725264128236
57.235519319644126
49.925149435982
38.48399758363789
31.289730893309795
20.72027930420214
13.288303592434175
1.8368021999827004
-5.498132279593413
-16.192304461645296
-23.686719396659825
-35.45355420080138
-42.86327506715424
-53.86963679805789
-61.67868170486218
-73.95230680679796
-81.75716133175453
-92.86367092101491
-100.66733492371993
-112.84515971303901
-120.53782491034791
-131.5643708976298
-139.4345838761001
-151.5895380330677
-159.3832251624423
-170.84668112641444
-178.66681193752837
170.0101368346728
162.34070233399459
150.9142274480656
143.210544374688
131.69612795954868
124.16914116023604
113.5056529057464
106.21965167905606
94.48758152283327
87.11857172424855
76.69939581742042
69.23934025971798
57.47008940927994
50.154390321843024
39.65044147308482
32.21595995293404
20.32542272670969
12.784882040465137
2.352358529399082
-5.23713291530447
-17.027505660498157
-24.613854663964975
-35.56787912717359
-43.210272734720235
-55.27892564816265
-63.25225814472871
-74.4564726973905
-82.3125234242527
-94.75206017572525
-102.53429100304359
-113.55283258815328
-121.33870445353664
-133.38018097851977
-141.16622922068748
-152.00339096356697
-159.6055898829698
-171.4549754745992
-179.14973902020205
169.9622212024795
162.4685180242095
150.53905201933782
142.80874394107823
132.06276036285223
124.402104219977
112.82413896600171
105.40731275915074
94.87892684009842
87.37707205619418
75.55480212807659
68.18237046290277
57.64876213558999
50.01837243583179
38.50015250566591
31.21066661259094
20.517158178588346
13.22032039405783
2.0109256424953585
-5.485246876403689
-16.87524235127214
-24.5143160246622
-36.057781746683
-43.945034170156596
-55.581872670372775
-63.373661479171695
-75.27691521375215
-83.07311824659114
-94.54165862918202
-102.36934796157327
-114.49803926925706
-122.18922372741427
-132.87542754506026
-140.65414927044617
-152.86163856803992
-160.53484440693686
-171.57685781673428
-179.23812068676415
168.87604505757287
161.37373899495353
150.4134986731979
142.88687004811752
131.15760289763335
123.83986750959727
113.11422060588947
105.69607580174859
93.993656984273
86.66030529386306
75.75379143653014
68.21141873038073
56.98762242421136
49.56392908574747
38.163995448213534
30.72075048744155
20.026304856586663
12.580365996836962
1.1366952625086029
-6.407424288696432
-17.40106702217791
-24.98588000340238
-36.54488434201631
-44.205427243697685
-55.49662176462222
-63.25347742447038
-75.48214646467558
-83.1663172966364
-94.92367601298363
-102.91033639187354
-115.05399493662256
-122.90115709152657
-134.6287014089312
-142.30796365790664
-153.50066203296865
-161.10177300886627
-172.81979349082675
179.71022110597326
169.31894522286808
161.7231080562467
149.82551687324096
142.29753413230483
131.70353300544423
124.12774636288583
112.6713142677302
105.26009975450957
94.17670427634344
86.78529032706439
75.78261549873348
68.42098371470021
56.848413711514816
49.50873309951093
38.879080944509276
31.564357464646804
20.03494252738534
12.737508862597466
2.2123554896676385
-5.367569599018409
-17.475701507207763
-25.28296346950388
-36.255458830390936
-43.95521040844473
-56.306861703335606
-64.17926755268677
-75.41195420566697
-83.30253172687911
-95.78541625082562
-103.51160481159737
-114.80317589243124
-122.53303244841067
-134.19696683198782
-142.02975138821154
-153.42208996992318
-161.2826189268349
-172.74029372910684
179.8512806867038
167.99768613227573
160.69276256223543
149.21544920310063
141.82772225561212
130.56062240858418
123.33479121525167
112.28718392312454
104.92198052666207
94.29667730433917
87.01586037410158
75.4481648708059
67.99440313273007
57.65008642361244
50.18063194352543
38.37926680612443
31.037083250941848
20.556178820515207
13.100928178227052
1.2819752371105004
-6.290476487675701
-17.0539625489163
-24.663035999530177
-36.676106444339254
-44.40300536041576
-55.676782700127184
-63.5232837169855
-76.0121712822592
-84.00824939238196
-95.30144806183937
-103.42978153925648
-115.83760552178138
-123.73726863854745
-134.53888458363926
-142.30471456553238
-154.19953313107032
-161.85102817360828
-173.1462418730364
179.3740167990935
167.62526794336645
160.467220027921
149.2165451716211
141.8169416626301
130.365820794927
122.97338522387406
112.33616795948822
105.14780871142068
93.41207484606191
86.10264645564027
75.61914328784364
68.2000250678661
56.47874449130189
48.98184551705812
38.33201580722604
30.92750297028833
19.6529525718272
12.309936826673122
1.751765060755328
-6.03358779182143
-18.010327314084588
-25.74195275767325
-36.83901876422893
-44.46064681951237
-56.557949711100754
-64.16387518518597
-75.46353134714668
-83.26855890443272
-95.49248367205479
-103.3731560680509
-114.41853770268769
-122.0740902672808
-133.97741028567216
-141.77518139064566
-152.98371841038932
-165.23954840021545
-173.02082870635454
175.73252593620822
168.19402969365598
156.59594955715835
148.82557898821148
138.14335900071006
130.46761420628178
118.42476337376354
111.05192370775275
100.28996334208898
92.74708940195778
80.85758394491889
73.35578210581642
63.107094055977754
55.47387146407082
43.664814794758215
36.14322739720217
25.36063172303188
17.848047342441973
6.571841481117656
-0.8266122353127556
-11.951811191138896
-19.49975289410729
-30.685742667898875
-38.269556763876686
-49.571637683107284
-57.213565420531026
-68.54794377073537
-76.38405662177088
-87.59227031833771
-95.33567448122501
-107.3105347782113
-115.01726445944857
-126.23753831727988
-133.85286228501755
-146.23021791840463
-153.91960591693018
-164.96755820670435
-172.72677084569102
175.20433725541736
167.50666823452624
156.96948151438846
149.1416531857732
137.3735186191473
130.1369942795722
119.52419056136988
112.04134975102002
100.43836078980243
93.02207345070754
82.13644491042234
74.53466309851706
63.091012896404024
55.69306591988545
44.48908039175763
37.007907581364385
26.024424782130236
18.622267345469957
7.026370018648782
-0.5621811051013876
-11.387775576507572
-19.045676160333823
-31.013538682654758
-38.55603651736686
-49.78536202670253
-57.48131026537798
-69.89847625082744
-77.6797567012547
-89.2132751582042
-97.08973651149539
-109.27313813352345
-117.2047448625215
-128.87253712770868
-136.60994419285555
-147.6456900274202
-155.2756028453396
-166.95931528017502
-174.38374818675746
175.0321539886614
167.58566612820388
155.89140012143164
148.47161903648623
137.8543844704076
130.26123587443348
118.74563620196002
111.40117564981865
100.50030898550723
92.99309424683273
81.90169185642952
74.38992316037847
63.02768084611955
55.400807554998984
44.597887997150394
37.19262761008604
25.38752439980878
17.90556704241367
7.048594145616104
-0.47051685068973204
-12.534717128994794
-20.281447892342307
-31.067284354873046
-38.79033204607536
-51.12567099323417
-58.87420580930055
-69.79920141019544
-77.62373608296276
-90.10049347323289
-97.92272878849874
-109.2662368848267
-117.062244053247
-129.28503936215165
-137.16958964829337
-148.1369485266422
-155.7679474203851
-166.74973707652498
-174.15752993696708
174.5890028361894
166.96934185415932
156.29237333489928
148.67660852097956
137.65138167161905
130.27164973932275
119.08420432339247
111.79553037056539
100.85217921299157
93.3335855624463
81.81343694851327
74.38853367229083
63.78857772940888
56.34494195818341
44.62888183461424
37.04507153456664
26.524150683912055
18.937113649946713
7.02157184719068
-0.7287464015975968
-11.867969596586066
-19.864829584057713
-32.09295829473243
-39.868851807567815
-51.109834160317746
-59.08704487332172
-71.5427785450948
-79.54956492289475
-90.4500296132149
-98.1255313155984
-110.60193351821245
-118.35065511441744
-128.96714344925044
-136.66239291103557
-148.55131046308662
-156.0634226280197
-167.06471653894522
-174.6156855937171
174.2306684702622
166.51144577653886
155.2622117414285
148.218713533483
137.13531941876394
129.75694710748172
119.17719885542724
111.98821232623699
100.695258798691
93.14528861044859
82.45827589167662
74.79893589560177
62.8460113922186
55.4272451941296
44.809119918346354
37.58494726582718
25.612012394864074
17.9262454186742
7.1251110379326485
-0.5841682303987842
-12.644159295617154
-20.550708394290663
-32.242867142404876
-40.108988160836674
-52.2826411746646
-60.255110654849325
-71.70868462268395
-79.63761235843367
-91.71814702622885
-99.5328429580132
-110.53583881747025
-118.26389479431951
-130.18820145247315
-137.8376031104461
-148.21194837809054
-155.76605044656947
-167.4475860219605
-174.9829479142315
174.35290742372663
166.82252415688345
155.40082876564708
147.87130337452203
137.3614199274787
129.92570945578632
118.30192718198282
111.03476433588693
100.83121930626243
93.29440571871548
81.60634293636012
74.2507840971868
63.59911440910846
56.025804502239275
44.29980582556346
36.806971554701896
25.838479132789065
18.533567371208306
6.700943689074215
-1.0109889882686844
-12.841174318341809
-20.818386674927133
-32.594827008172544
-40.4188230904002
-52.381161754140614
-60.2626083143066
-72.11658449962563
-80.01497851083218
-91.73300305210877
-99.38406683872059
-111.37667689383102
-119.08094425140439
-130.18071093212671
-137.80095787249215
-149.36744619117556
-156.89885539598998
-167.59896707860932
-175.07214466481727
173.21798518158207
165.719925050619
155.26080413878938
147.81121085581415
136.10330295955143
128.75531532675842
118.57149765629137
111.21714366482296
99.81759525980408
92.43142964645725
81.63537935198491
74.27449674460087
62.84873321751526
55.391677463892144
44.19359415579954
36.630151452715666
25.365435007653243
17.86189872621502
6.6273179201211105
-2.63930654557704
-12.84398008583687
-20.862806650904968
-33.422398865489896
-44.622690500258706
-52.665425456297505
-65.29699027710346
-73.04425652577314
-84.50291153337399
-92.26767641620194
-104.24579808794839
-112.00926192936545
-123.32674014522173
-130.88231764559768
-142.19014982054202
-147.24131300368884
-159.61261375441367
-167.5513630371424
-178.6400325892933
173.54024070286346
161.56839322575124
153.86678770050455
143.1298584818201
135.49131128779825
123.4618531455123
115.85770741838648
105.01651187943474
97.4621910048607
85.98107492953613
78.32913407167273
67.310377614446
59.99574531376971
48.86574704879457
41.40863891875795
29.84838889611028
22.324305315076078
11.632528126542514
4.178952573816542
-7.489989650229712
-15.127188984951719
-25.72123646724453
-33.06239265127496
-44.76572032155698
-52.485527004294774
-63.12689213897946
-70.75359863925188
-82.79805829333864
-90.34442085995711
-101.67496164135561
-109.4751722699401
-121.05145757135818
-128.5112023577862
-140.44363740544162
-148.63207034557468
-159.56950108014408
-167.14554316001033
-179.02639040048768
173.3096953622202
162.65134056224696
155.10443230879943
143.49516868109433
136.06492488974826
125.16767109804928
117.62344043835097
106.5235075758307
99.04409138249385
87.35457569536887
79.75380602175488
68.80025362229156
61.23084789373683
49.27910820673537
41.80667788608823
30.667230191307382
23.052817636608122
11.089125055145692
3.711633248779971
-7.0359775405536995
-14.859351329838512
-27.0142741383312
-34.71822359752042
-45.50688187859402
-53.27233575714552
-65.45595089304653
-73.17775924917404
-83.9814396672266
-91.61874202510661
-103.85606085464207
-111.57048316985211
-122.35175910342157
-129.90793762334923
-141.50710138600672
-149.0064861258502
-160.63895407614422
-168.41754935114508
-179.52869075874187
172.81027446295448
161.03156228718456
153.47056462896578
142.69435386780106
135.26338102796893
123.6917910744461
116.38842350785872
105.16991394875964
97.55812737131787
86.67685298691907
79.12618843632471
67.27769256649604
59.77975175173385
49.22388969519017
41.75185085362946
29.62334551747793
22.01674985699645
11.116109410735255
3.344140918293275
-8.437175922110349
-16.326663768053372
-27.695398851413252
-35.355847894259725
-47.137763382738136
-54.92292298152732
-66.17518724294803
-73.90520382821329
-85.84262808485884
-93.57179862407854
-104.50674442998469
-112.1844563280155
-124.34318690963266
-131.85549953241673
-142.5435811789413
-150.23622634056164
-161.87386764928976
-169.46742254129177
179.28585222639805
171.77256442527164
160.31340226597484
152.6756810849127
141.77014889998057
134.4155228103794
123.02188006848786
115.4804397752942
104.78039921687467
97.19742917383874
85.41022487566362
78.17960712787159
67.40319730092962
59.93212316428451
47.97273231902775
40.544189535018695
29.66311561958531
21.863520143661358
