th
5.177966777118644
5.18190456076898
5.186580145323389
5.1638695503215715
5.138737204001382
5.1343029629397074
5.111121263101787
5.107314086499144
5.108162103246485
5.114458891175906
5.126481009128313
5.152559814780379
5.139750360513086
5.131158346973794
5.142779593687659
5.182213556190367
5.1781931740646305
5.184633664875086
5.1789326673022735
5.185697077948999
5.192031398270642
5.22846463760376
5.224078605586333
5.228760456334119
5.2279866584712185
5.231634637452571
5.227654595948951
5.223262533210016
5.221930861805702
5.23134254207296
5.238813495732009
5.24806628928775
5.253724203258649
5.247642319047357
5.236414320116084
5.216995256268472
5.206744100684002
5.192932259902503
5.187822952856956
5.183420001029495
5.174806360273132
5.181103973621132
5.166470362185736
5.162299734938388
5.153066116453164
5.155202183848804
5.157493931947544
5.154794195449265
5.1523283496581
5.161360732539186
5.149713889446402
5.154431162196586
5.160154498004818
5.169808387433848
5.17499931768233
5.185673330139747
5.196455807238351
5.1998398743011
5.201986675440913
5.210615373358875
5.204615320826692
5.210183324360081
5.220792803051655
5.227919769409199
5.225128904824727
5.229388672955394
5.231139400140528
5.20861147294577
5.206845934361079
5.20988956916164
5.193881963943215
5.1754404901274675
5.187137124123344
5.194402688335353
5.191680250652569
5.1780892727512775
5.179457861950491
5.1794453713980335
5.1744454072229615
5.179675694203996
5.184932140684923
5.169132184463451
5.172293953754212
5.184555848663918
5.172554559640633
5.197704571094301
5.20792938025377
5.206781568901933
5.196400824939385
5.201994389870192
5.202142828710482
5.190854420898466
5.1901012410937675
5.1821331268023565
5.181973747278926
5.172827354150701
5.1730891767893485
5.168463846692486
5.1546230314706305
5.128915129854629
5.124490159893068
5.122620679639862
5.101577522853865
5.073307665026179
5.088431136294053
5.0952707991221375
5.098889794705916
5.1062856067466615
5.107560440888251
5.1166676216844085
5.129983123080875
5.1480853543425615
5.1626649805032505
5.1765161391937395
5.185089829119344
5.210030868069693
5.2281000896888985
5.236158615778275
5.2464443548402375
5.271309268887857
5.27721382980296
5.276835926360212
5.278711500891319
5.300272954280721
5.303512117099435
5.305721542967466
5.296935067502842
5.302184436953458
5.293802207621124
5.275309671070139
5.253409305360744
5.226096085489403
5.214998017756582
5.196220865559659
5.181008476677513
5.166015783550297
5.139640893513474
5.117284642012386
5.098929146890371
5.084031440158727
5.079224944421677
5.220649373396486
5.21016151434144
5.211545990299328
5.210241637605377
5.201092230370212
5.188399577653781
5.1700038877106795
5.1665281105921705
5.156409561226376
5.14433531718825
5.133885514558404
5.111963461254244
5.1127621565043615
5.106130409615866
5.077418173158437
5.073083676455906
5.092009660362061
5.095917028155173
5.127687496613733
5.130712517731127
5.134157752296665
5.160354993209451
5.2090620647517385
5.2135610734103075
5.203542939335301
5.207571597678327
5.235421135216158
5.2477244041018825
5.268113627440953
5.282807556257925
5.2748719996517845
5.267702347105086
5.257495810597202
5.258703209145165
5.25899410450902
5.261716578212205
5.264302813527948
5.260855498832546
5.250963919355911
5.249507865449096
5.243477879861863
5.237304809386529
5.221506643329495
5.233862340619283
5.23759103601721
5.234107512458787
5.2231639772591985
5.202306097988078
5.195559213846085
5.192218848276516
5.18529211595647
5.171600199188079
5.163495541669313
5.153038053143296
5.147599394886078
5.128041487050325
5.133699686371764
5.139816482206847
5.14138245758279
5.140443049573399
5.120357565345024
5.113962748850957
5.123928477719602
5.1386877390884536
5.150824657606732
5.160251925034367
5.157059528541013
5.164242017020043
5.172289099229166
5.188826588412481
5.1888610796669115
5.196965012533774
5.194512647300663
5.207601767930579
5.218801226625211
5.192305932745825
5.191997438147276
5.1947025143362975
5.191368866828804
5.1997737628464975
5.206957082274888
5.208677554215704
5.210297693658601
5.2160185620383235
5.207141112504358
5.210206311116242
5.214755305815704
5.223354686533156
5.214177713446119
5.201207095311042
5.205614954305334
5.201262559506816
5.198000761776024
5.206414320547404
5.18967284888046
5.203242854391339
5.205564324563566
5.193316110914418
5.201886246415577
5.214009962591588
5.2020812954621585
5.206385977399962
5.2011012156020335
5.211645369224674
5.223389535109713
5.222990869009789
5.21539551188341
5.2082523541462304
5.198916536492019
5.184907180778161
5.166380782133654
5.143560497701157
5.145135832506737
5.13564877183944
5.123421578814322
5.104073640590224
5.093725785171213
5.113527691128806
5.121878633449838
5.1269809108243924
5.136333293822884
5.151029183231703
5.15634347288396
5.168200958381165
5.185133789808991
5.1972439823891925
5.1992026696969695
5.236391223091078
5.247397860033217
5.250308004063665
5.251909418103862
5.295163532513115
5.306747520047411
5.272475089577135
5.2941760728930545
5.376763177783984
5.375141325378399
5.330327996352702
5.3061982708620485
5.316836042079886
5.299597954163415
5.270103575122817
5.260077357123639
5.2404304542424684
5.221821508708452
5.20029053526237
5.192454050521374
5.170873271296431
5.156370177315114
5.152806703819763
5.128622522627654
5.102848765825863
5.086275229919134
5.052240111786665
5.034491594312261
5.03103592053399
5.035646907679465
5.026823375112327
5.039733357635258
5.054879496250484
5.066782070603627
5.081887394916324
5.097769928500487
5.124843895987147
5.147953774667212
5.170507718706181
5.191677460099268
5.234938651681247
5.253436810857897
5.251502972606747
5.262154041000976
5.314702964897739
5.355498109891237
5.332214964758263
5.340318779225039
5.370409973607485
5.3590066556646905
5.348611772834386
5.339306940362882
5.325729445640091
5.2983242925808565
5.284952461944538
5.280781288747529
5.264361536783153
5.24669401046089
5.2228155572026225
5.209652180954354
5.17832407442051
5.166460823949399
5.12204769368348
5.102426463347382
5.074380764096836
5.0539247656383415
5.019935159628642
5.005654915311344
5.012416523921494
5.0051439589204465
4.9915809267918005
5.000046306457932
5.024705403064679
5.041707370082252
5.067073746783767
5.115467918524544
5.122166041937637
5.126639786164163
5.127623270591146
5.124744873223593
5.141310886605937
5.14689329180664
5.151077253576331
5.166840605377806
5.1817434161354265
5.181540439678938
5.188193090857488
5.19894110140663
5.202376427202385
5.220959885756845
5.240597113167749
5.241997192213611
5.251290933101714
5.2423689214166425
5.231722185981267
5.237228368726498
5.255442322671654
5.260645987417564
5.264331824838339
5.265516165238298
5.2490046354477355
5.245558707488723
5.221335359955228
5.2115372922580425
5.216445789364198
5.202781600460936
5.168915464361171
5.158606976841224
5.13096649446676
5.132969634262563
5.123540497235705
5.116519144261082
5.105058612663931
5.106062790796571
5.105022310140926
5.111963524743424
5.1169882443352765
5.124616582994782
5.142022601822385
5.151732238121653
5.175657282440856
5.188094814257275
5.20319484713658
5.213989138299575
5.216566164499399
5.237216632892687
5.250762994073338
5.247023451255907
5.259333152649989
5.251918969683936
5.255325784942718
5.258627819782476
5.269934895390372
5.275716845287345
5.268819485505206
5.270753331698237
5.259907794952211
5.2630660912001055
5.248815489937465
5.227564714228436
5.210419143783052
5.18494901014133
5.160691940599329
5.157735243048451
5.155027762825465
5.13465021036579
5.137154895498298
5.125380038551447
5.120127733078491
5.113286539901964
5.099010461456314
5.0908466751226875
5.078336860760466
5.072001648782466
5.0962288018233055
5.10777575509073
5.1257719285006065
5.150073978031202
5.095325130526563
5.107390620071207
5.113091003240917
5.123749225911331
5.097425427345989
5.123749878301221
5.157308908154297
5.1300313473045325
5.1434201458981414
5.227537595299121
5.238712309624592
5.2509693079994975
5.259098578894345
5.256105396028313
5.261414655694106
5.2468918664357584
5.24924388918954
5.235006389868132
5.235019656794899
5.226582224068126
5.222476484293395
5.22968217438179
5.228836595789263
5.229241479841608
5.209905620725193
5.194533700832346
5.184857876272323
5.164666455472232
5.153094760003425
5.144607221066002
5.145105862093824
5.14871833320802
5.139870984794141
5.13659323590042
5.131010817608642
5.1469045404425495
5.155647969658782
5.1727173329309295
5.175776706098248
5.197096831526964
5.214618015578636
5.214806030671654
5.2270724150098955
5.2423759379408725
5.244405119921762
5.242895675075686
5.250517635493918
5.247709503536954
5.244351787183116
5.236540600411587
5.2327978330509355
5.219577778829905
5.209963658042275
5.196357113113973
5.192873649872484
5.177780353478493
5.172267599583921
5.158256102963796
5.154090627512417
5.146802312637467
5.142690839451926
5.1408265059143705
5.135180735513582
5.133177174992949
5.134325293654951
5.134916235145668
5.138762435752527
5.148836370813193
5.1592692662217265
5.165862857061186
5.179368553860717
5.187032549694983
5.183312222296493
5.185829429575933
5.197617983757927
5.219075776783614
5.229697344731314
5.235314849333786
5.238777823996444
5.234015808655875
5.229796142249727
5.238409034082089
5.2550096719713295
5.26503216927463
5.25937527021804
5.251408728785524
5.247119474565192
5.239876345026733
5.229690715278067
5.219693855944619
5.217867179577739
5.211674971942574
5.201657466839469
5.178386331526326
5.1646302238830115
5.147102784974341
5.141063333205604
5.136566177675391
5.135079247624555
5.137420331159143
5.133140225949717
5.133768362880136
5.138172887661193
5.13946717084074
5.137648417183339
5.146811485653916
5.15406034333049
5.166329422383855
5.169548544851964
5.182234044411642
5.1886331966917
5.201662887181983
5.207495797948189
5.2171896586501605
5.220746521438461
5.23772233963376
5.247967511779005
5.2544793694474485
5.2537546187853446
5.264613770094
5.265941548096001
5.262712907268781
5.262234753635624
5.2541102218652185
5.252682317556251
5.247719549263372
5.2419775177466095
5.2254047839796
5.21584195344006
5.186856275800754
5.181501511698772
5.164110998855457
5.149643070552808
5.125013948011194
5.1237300063337345
5.131598815058388
5.132900539476821
5.126997309355371
5.114792799803391
5.112608208370841
5.122403937733986
5.122478275829569
5.128298555183891
5.137650049143365
5.147000841013135
5.1600707255506215
5.168284258427298
5.188369839506514
5.188531109060528
5.205945224909276
5.212744026096194
5.223829293934967
5.23471765883035
5.258349347446956
5.254125296078966
5.249921697794117
5.263164954107225
5.268906962390028
5.273003695929454
5.273061689387353
5.271801015733114
5.270813736036074
5.26729280730165
5.255747997032074
5.245437214028154
5.223633732593636
5.2128788090764075
5.191468091692269
5.181721053137738
5.164054707278054
5.148084726085272
5.131148489430371
5.1140539246059795
5.105683946643367
5.111887599918855
5.111410485498742
5.114134608424266
5.094248853648644
5.096525250518592
5.107494613423488
5.104566689424442
5.110505564413763
5.124793618363882
5.136072549193777
5.154971955027585
5.17479165761753
5.1806453075302885
5.193808525458684
5.216126774549315
5.23461166004481
5.238193452621697
5.260806160773447
5.269575882881295
5.287746792850785
5.282613298353578
5.286249352163102
5.293928118489666
5.314656898828248
5.312285289940086
5.305135605256411
5.295581638181574
5.279207915115043
5.270430364895935
5.248522944914005
5.238599995264172
5.212069785585937
5.20043474522028
5.171694586191759
5.154577753377455
5.128897532784046
5.119996751827907
5.112604256122665
5.108085512978588
5.108734497289751
5.100885590500161
5.093052576592495
5.095303718460898
5.0945134755994275
5.093669926164615
5.101835531751291
5.109322918369326
5.1192742934945095
5.1346415373575365
5.158922589660354
5.156836630583751
5.182959127191642
5.194962236543903
5.213913581596541
5.22941659045874
5.27672010784787
5.287006765396265
5.286145164408067
5.2862514873981485
5.298345358729012
5.306362270052801
5.309497100977122
5.308928622732301
5.302260176986574
5.294952326619103
5.285138802053148
5.272962630195995
5.2463211201388535
5.237198555100125
5.214719507037989
5.207406471510418
5.179674244568239
5.166582733343514
5.137805410758378
5.124979134698343
5.120966684952102
5.112350614146587
5.198554980470046
5.19394201565054
5.194453810294982
5.191984246781102
5.187340761703087
5.170524541048375
5.161446394485958
5.157892579006229
5.156953789073455
5.150593891859042
5.146445679269034
5.148154192124131
5.153638857449906
5.160922572793689
5.1717364043089304
5.180324591776602
5.198011310323895
5.2089428513709075
5.207060079157833
5.1975289952754915
5.207757786228481
5.2198162598234275
5.224417698208979
5.22475521200983
5.222840366550826
5.22567552545588
5.2313717279078285
5.224895873288435
5.216725540889209
5.210983043869714
5.203805338638135
5.191019852010971
5.17940639391517
5.168101246265981
5.167935708263178
5.146933574351161
5.141927280856536
5.149082011320022
5.149128720129742
5.14872926866964
5.149442871964365
5.153296611136962
5.1466957792310115
5.1486966852209255
5.147125776461072
5.144647042312908
5.141979212332179
5.153490562537098
5.160654885269094
5.175488207964435
5.185867016297425
5.196826658999086
5.208148552021173
5.2390869102508955
5.245554877289398
5.258817100687917
5.262816828333467
5.25603161015476
5.266411702405383
5.266355511876859
5.273080216885629
5.271170866092325
5.267099315757573
5.258557486305394
5.246778662477832
5.232218793653373
5.225485253909486
5.206818602496972
5.198315520895873
5.185406993924167
5.166871108591277
5.143155723109198
5.127161838481222
5.125662754033593
5.130324370429619
5.129063804061998
5.120785912825611
5.121855647056064
5.122635981864801
5.1230117675954885
5.129159587807738
5.128957958224711
5.136362990142782
5.165358888491922
5.1707083978796
5.175145632933343
5.195098422723969
5.218981399176205
5.229480643161805
5.248589832422812
5.258338849191962
5.283338465970101
5.299135431171532
5.288772145249546
5.280683677062551
5.291691111776913
5.285602676952384
5.289446011226679
5.28232187813748
5.274162060149228
5.265641208267152
5.2502595324990216
5.230997812452058
5.204297125719554
5.191597993633847
5.173133976489344
5.1484060803229035
5.1349521046012905
5.108487597808331
5.091496979176319
5.083389410361807
5.066006711129022
5.068494189699203
5.088740663888216
5.083106626401124
5.088765135331457
5.090521857637066
5.102922373974785
5.110125257748625
5.119232372782605
5.132002896414018
5.153589712475949
5.1707114324599015
5.2122232947887035
5.247096559873855
5.2491029555958475
5.254556561681974
5.292356324718423
5.3093237076496695
5.306876244527361
5.317695842676386
5.335961471251502
5.314677370819891
5.306096209389083
5.312693096744027
5.312654661531224
5.304942125082539
5.286025737549321
5.269150824256484
5.248927743219929
5.2269350664349865
5.21024559375868
5.1853692372929725
5.153732853771111
5.137629391673219
5.1173063074529965
5.10145517252806
5.077638153761277
5.058931619908809
5.041162141219182
5.046571297170318
5.056378498907134
5.06788033421161
5.0751309239179845
5.08411193485477
5.103046961571463
5.117040178084245
5.127517410203539
5.144823493745351
5.1870453982763784
5.2067946005241454
5.221642286898984
5.239077629534644
5.268663698914163
5.2803968492190005
5.282170720022077
5.28622959420109
5.33362440484287
5.346631794754582
5.323826926351113
5.327268591293956
5.330367911533712
5.332540568053252
5.322035294142662
5.316216045600952
5.296444130760068
5.275043597375193
5.234433298237944
5.212905663905981
5.1753832438373415
5.152002080843243
5.122982618667262
5.105146258792613
5.085006612093479
5.061305974212351
5.026681199681395
5.011030485121312
5.02062885425161
5.031987713851861
5.030168145180657
5.048144669533068
5.057293676176662
5.058888223695524
5.081673004209021
5.098241459432028
5.134575621927128
5.1560778861031125
5.183456234981154
5.2094596605699275
5.2513132529175754
5.268325285098097
5.2772161419174255
5.287173018381811
5.327608316713856
5.335024415804954
5.339569001886087
5.348312759148783
5.3557439779835265
5.356202662340614
5.333416870990607
5.335074170074136
5.330828465947623
5.321449427762905
5.295608202151259
5.27659001999586
5.249487276084238
5.2322759339351
5.195146769956866
5.166541222063382
5.137723460712068
5.121379717623929
5.080964096838633
5.058477800046948
5.042248513643944
5.026447313510814
4.993054199758958
4.999573673273756
5.035635201807049
5.041051873422921
5.0404755407973605
5.059253916955284
5.082171595738448
5.092744039291671
5.118193279797812
5.134969043632156
5.175564390780123
5.194614712620406
5.237068411908374
5.256446447666089
5.280735550219661
5.293330765546441
5.314250800367713
5.324807784585262
5.357413457662308
5.367703896375216
5.364950903267316
5.365345562049638
5.351718904743247
5.350341693692244
5.3492256175905375
5.330861546348115
5.298036903532809
5.276277911682102
5.248756380815405
5.230564478628663
5.203489765412636
5.165811298244837
5.124146485441533
5.107639472239393
5.096336806620423
5.076798960390145
5.016031720412764
5.058974449509696
5.023191752912471
5.035483832318164
5.029011199425969
5.053340374434767
5.051968755608205
5.070591616328163
5.090188521265439
5.112691040082742
5.130311085321964
5.1685205701645724
5.191741619099037
5.217911052275897
5.2401494194743305
5.279090453127864
5.138772342641606
5.14509408683129
5.1432263206406335
5.148341102368363
5.153365863426823
5.156002770003572
5.159321647783057
5.150225328386733
5.152766025174592
5.166238248287042
5.176292659552014
5.174724471131286
5.181262377807246
5.188154660300402
5.192974010612545
5.195304449500606
5.1907152837084665
5.196879018965228
5.193301910504703
5.197328254186232
5.195908827376886
5.195891556569734
5.1819509041311695
5.1816483507818765
5.186840194741668
5.2025551474298055
5.207987907541719
5.196889126541269
5.189656579325993
5.195052339067622
5.18400862960265
5.1938730507687705
5.195739650214434
5.1898983670786185
5.198652065284354
5.209237213600888
5.20071033038574
5.194037054467657
5.199081878767628
5.206170967433714
5.206275383245369
5.197704147421564
5.203477985331277
5.203202999943755
5.206653873773448
5.1913102773988875
5.189098926088003
5.192294016522394
5.2004376796687595
5.195917012445346
5.193091461158351
5.187106084236435
5.1790171463681896
5.182858963480315
5.176418691359066
5.170924134429137
5.166618391470318
5.172272208094361
5.167871104855397
5.161435742253978
5.153056025875045
5.1508339787100255
5.158169906672915
5.177590872046741
5.195283506136526
5.204071728115844
5.208610012356934
5.227013478258005
5.224542455263512
5.228392391910654
5.2317578102671805
5.2485750499767985
5.257458198576354
5.250815408625549
5.242430023479737
5.26600975309758
5.268642275543538
5.242702496185073
5.239880233296558
5.260266369581141
5.266662934002173
5.254887943210677
5.244853583403108
5.232979539594891
5.244843614398462
5.225609089838331
5.215952031303026
5.206537971733822
5.1973035611706715
5.185459770888623
5.181564730753826
5.170704268390509
5.1616577014098155
5.1471563530808995
5.140893078730778
5.141237106026819
5.138353256295133
5.117148786972861
5.111913626581007
5.122193203148468
5.12757346715592
5.137283744334331
5.146846973368329
5.1618050765542485
5.176792685286498
5.189588693935972
5.2019067269692805
5.223711941216511
5.230987291024454
5.2427247862304895
5.248802775626151
5.280709655724547
5.286678145755792
5.261463834545973
5.270970980419677
5.310025439069932
5.301367657412602
5.271963361695205
5.271930930053593
5.305174521982909
5.282431112264362
5.258356870454048
5.265060436255337
5.251630166105994
5.2469145540737685
5.172660416309963
5.209609337537847
5.198119288937026
5.206793067770977
5.179232630076285
5.158326930367919
5.1207229009785395
5.121444271021395
5.101616884024915
5.087602587951549
