y
-0.15665844990
-0.15108313740
-0.14395614710
-0.12803965390
-0.11423264350
-0.09019413335
-0.07182474378
-0.04148771658
-0.02088868519
0.01059234238
0.03133410512
0.06224485590
0.08037785378
0.10473265290
0.11965281300
0.13764076220
0.14645811060
0.15543192850
0.15720065750
0.15543742810
0.15093304840
0.13914343920
0.12814651230
0.10867963880
0.09240731297
0.06493984130
0.04590106688
0.01698474499
-0.00340522412
-0.03490964316
-0.05453809248
-0.08194181248
-0.09871713706
-0.12132121280
-0.13339538880
-0.14704774980
-0.15320766800
-0.15754751950
-0.15681141940
-0.15068166930
-0.14254701430
-0.12529491300
-0.11133556650
-0.08825562173
-0.07026045895
-0.03965977619
-0.01911262651
0.01084415481
0.03118734685
0.06235365362
0.08081848885
0.10459158730
0.11951585890
0.13850296770
0.14714852010
0.15503120690
0.15762521100
0.15580394530
0.15124108370
0.14043654160
0.12953976380
0.10902649980
0.09355004152
0.06809976957
0.04914269161
0.01980010650
-0.00019536287
-0.03124565898
-0.05155421464
-0.07965293160
-0.09680609639
-0.12041041680
-0.13340725650
-0.14732095800
-0.15345899370
-0.15718712960
-0.15627456780
-0.14948566200
-0.14131051570
-0.12445780740
-0.11058524960
-0.08634660709
-0.06774127477
-0.03784803412
-0.01935691664
0.01477037400
0.03543187103
0.06331818898
0.08133172013
0.10754329160
0.12177921490
0.13797123920
0.14662733870
0.15491018920
0.15715799800
0.15544158210
0.15122957270
0.14004315470
0.12974983010
0.10955540860
0.09417317327
0.06933831018
0.04986876024
0.01824330054
-0.00191003507
-0.03076605841
-0.05054857964
-0.08014287435
-0.09738475373
-0.11929462730
-0.13203006420
-0.14732628610
-0.15349776370
-0.15716171100
-0.15633056700
-0.14958875140
-0.14201610250
-0.12628843670
-0.11255234840
-0.08840076660
-0.07015769453
-0.03991258851
-0.01937114015
0.01142298682
0.03257616574
0.06436204565
0.08210257491
0.10639489690
0.12080511570
0.13858953340
0.14696061150
0.15547296300
0.15798452270
0.15661625210
0.15232108120
0.14075299440
0.12992467260
0.11109123400
0.09588141163
0.06783725140
0.04856915758
0.02007840957
0.00067599989
-0.03151910199
-0.05134222834
-0.07844401273
-0.09537153734
-0.11930282290
-0.13170019370
-0.14517499910
-0.15140265230
-0.15576530990
-0.15455179110
-0.14880774390
-0.14148745340
-0.12397655370
-0.11003326640
-0.08826289893
-0.06973568966
-0.03712956237
-0.01689166287
0.01269930577
0.03376081592
0.06964819011
0.08658071000
0.10928171160
0.12384500810
0.14210533310
0.15033521300
0.15793642520
0.16030031720
0.15801129910
0.15314074810
0.14225366230
0.13190537670
0.11130960090
0.08864840073
0.07079683922
0.04034881465
0.02094755682
-0.01140776785
-0.03186230358
-0.06209491349
-0.08016992538
-0.10532513590
-0.12045471870
-0.13928333710
-0.14785358430
-0.15550446070
-0.15761471880
-0.15550600400
-0.15043289240
-0.13859294350
-0.12745337540
-0.10536889830
-0.08891907531
-0.06264400108
-0.04238012635
-0.00921059156
0.01233128394
0.04151027113
0.06133724803
0.08995005865
0.10676163180
0.12666369660
0.13792760100
0.15017233370
0.15458917420
0.15676259370
0.15518369560
0.14754294450
0.13916482380
0.12341006030
0.10967740780
0.08543241799
0.06777492656
0.03868026851
0.01826406975
-0.01139143928
-0.03141302702
-0.06208450025
-0.08046055400
-0.10529518120
-0.12024640110
-0.13880659640
-0.14766876390
-0.15605373570
-0.15827120630
-0.15611788160
-0.15074178180
-0.13763606940
-0.12596626260
-0.10527782600
-0.08860191689
-0.05951081395
-0.03939412831
-0.01000555822
0.01097616205
0.04306758780
0.06294627459
0.08862761227
0.10492649540
0.12718593970
0.13826647610
0.15043074330
0.15590090830
0.15856951180
0.15671093170
0.14918001360
0.14084531640
0.12455305590
0.11073734730
0.08559796531
0.06765715525
0.03978410211
0.02043490449
-0.01136728169
-0.03190545635
-0.06088643680
-0.07943323764
-0.10655829990
-0.12146960370
-0.13850540130
-0.14726615580
-0.15561231480
-0.15743881100
-0.15475888170
-0.14915015690
-0.13573861030
-0.12401001630
-0.10304347160
-0.08571796488
-0.05603282297
-0.03568486304
-0.00462658517
0.01680008984
0.04738448692
0.06718653072
0.09354042273
0.10861935420
0.12906962480
0.13999200080
0.15177165130
0.15665373360
0.15911433460
0.15706483310
0.14963392980
0.14162258450
0.12371146650
0.10960129370
0.08736459389
0.06949797831
0.03937376455
0.01983208163
-0.00911370956
-0.02979308484
-0.06142866196
-0.07987482602
-0.10374918960
-0.11851248040
-0.13718015100
-0.14577883230
-0.15300178320
-0.15479477180
-0.15180594600
-0.14622003840
-0.13388167480
-0.12196053680
-0.09854919333
-0.08140621858
-0.05518597683
-0.03512394578
-0.00231156781
0.01870575039
0.04846371445
0.06807120475
0.09555186036
0.11114133660
0.13063807580
0.14150628020
0.15395433340
0.15824617710
0.16046089640
0.15886674120
0.15056814220
0.14185479310
0.12546184590
0.11150009200
0.08628680467
0.06882837600
0.04239831972
0.02340418485
-0.00906930047
-0.02928797511
-0.05776640257
-0.07680557828
-0.10378329560
-0.11831617150
-0.13501609940
-0.14344018820
-0.15150532340
-0.15306905680
-0.15009202640
-0.14793719250
-0.13507454730
-0.12370540500
-0.10322855240
-0.08577284420
-0.05589386153
-0.03580367376
-0.00468911785
0.01670144739
0.04903396519
0.06883134255
0.09446700170
0.11054272700
0.13150017880
0.14220643000
0.15305117210
0.15739761100
0.15922771360
0.15660001910
0.14831522290
0.14003318010
0.12228801220
0.10865593160
0.08442084239
0.06682365438
0.03815887070
0.01845263579
-0.01271318334
-0.03304028782
-0.06269022364
-0.08101719101
-0.10548140870
-0.12006177390
-0.13731766220
-0.14609141310
-0.15375890070
-0.15534096160
-0.15215482350
-0.14662781360
-0.13370396360
-0.12213338680
-0.09948216782
-0.08221121238
-0.05527317200
-0.03453444086
-0.00147864839
0.01943079811
0.04777934457
0.06722571475
0.09508443169
0.11127394850
0.13071205920
0.14166274570
0.15357423360
0.15776708590
0.15933529630
0.15693773630
0.14853435170
0.13975773330
0.12139547190
0.10663663110
0.08286071804
0.06492782903
0.03456574900
0.01451146001
-0.01435378836
-0.03433466169
-0.06452027102
-0.08271717679
-0.10610529150
-0.11989983840
-0.13772105940
-0.14593123670
-0.15349821840
-0.15521060920
-0.15228215620
-0.14679140760
-0.13357457840
-0.12135603030
-0.09925392769
-0.08228374879
-0.05324944776
-0.03294951675
-0.00574221971
0.01477862808
0.04757366176
0.06729893622
0.08995616283
0.10647063120
0.12921928890
0.14212011560
0.14972555720
0.15833676380
0.15878019460
0.15421584280
0.14791968800
0.13419944670
0.12224179050
0.09913851765
0.08277762501
0.05623780035
0.03653514707
0.00508664138
-0.01519326895
-0.04428045540
-0.06378120991
-0.09209713148
-0.10760958900
-0.12739133980
-0.13858797550
-0.15071006350
-0.15485421380
-0.15601856350
-0.15352886900
-0.14407456870
-0.13442232170
-0.11669914960
-0.10132043390
-0.07435717766
-0.05512300004
-0.02498538952
-0.00365649304
0.02737472734
0.04803149806
0.07697166708
0.09504810085
0.11885263750
0.13174883180
0.14598040610
0.15307537260
0.15884714580
0.15903263460
0.15473256770
0.14856765800
0.13361943390
0.12145621250
0.10068019920
0.08405855133
0.05461001624
0.03475405906
0.00642873296
-0.01428507961
-0.04576362354
-0.06503890927
-0.09079772867
-0.10676055830
-0.12811289010
-0.13922020850
-0.15021772030
-0.15463425450
-0.15580428720
-0.15292390960
-0.14378983980
-0.13432234120
-0.11447174200
-0.09869075836
-0.07391566747
-0.05499682183
-0.02354630836
-0.00235633742
0.02770638609
0.04791517146
0.07816214947
0.09598694309
0.11808352060
0.13164903600
0.14734302880
0.15394985400
0.15886988770
0.15915084230
0.15406881510
0.14741614900
0.13388751490
0.12139862750
0.09850986927
0.08184296011
0.05510949948
0.03586412515
0.00548419907
-0.01492211618
-0.04527637015
-0.06469653547
-0.09181937334
-0.10816627470
-0.12859527980
-0.13947273040
-0.15093388520
-0.15486421780
-0.15578967230
-0.15286707380
-0.14274915870
-0.13284175560
-0.11531378870
-0.09988467658
-0.07204350819
-0.05269021644
-0.02320452958
-0.00210781587
0.03068263336
0.05089328414
0.07877109523
0.09625207812
0.12034947370
0.13280222330
0.14696260710
0.15381742740
0.15914204340
0.15921532850
0.15443589630
0.14779149840
0.13304502420
0.12054071900
0.09731721079
0.08037315075
0.05369785791
0.03405792120
0.00308716002
-0.01736252724
-0.04659921598
-0.06583409798
-0.09270022766
-0.10828778100
-0.12793594790
-0.13889930640
-0.15057692730
-0.15461348240
-0.15542728890
-0.15233535110
-0.14193957160
-0.13176035570
-0.11211633930
-0.09632492673
-0.07052931779
-0.05126401303
-0.01982506151
0.00080386222
0.02959124186
0.05003008673
0.08012132362
0.09772964691
0.11943868980
0.13253018490
0.14773222860
0.15442130320
0.15961012830
0.15967688770
0.15469124060
0.14810400490
0.13278971260
0.12037347390
0.09894269556
0.08235926245
0.05371948313
0.03446595064
0.00601462717
-0.01452641872
-0.04655718151
-0.06629393978
-0.09178810083
-0.10778670850
-0.12870407980
-0.13930672000
-0.15008990490
-0.15394329870
-0.15439048340
-0.15130663750
-0.14156897500
-0.13196545330
-0.11265230520
-0.09678221455
-0.07055882106
-0.05082397887
-0.02008465256
0.00041282983
0.03321649197
0.05290060886
0.08217018144
0.09912701105
0.12193669210
0.13428986160
0.14930788110
0.15585158970
0.16062157970
0.16056700520
0.15514733710
0.14836539250
0.13462690120
0.12216859870
0.09825578152
0.08141425103
0.05513862763
0.03547692850
0.00348429624
-0.01703452634
-0.04552889461
-0.06472344361
-0.09265608575
-0.10837636180
-0.12772271760
-0.13849275940
-0.15010939110
-0.15382606930
-0.15425565920
-0.15090269910
-0.13990693810
-0.12965520580
-0.11165410550
-0.09574514051
-0.06849565279
-0.04913375817
-0.01889229129
0.00173473028
0.03433459039
0.05367104962
0.08214272572
0.09921882695
0.12256985640
0.13516015130
0.14911101630
0.15558858800
0.16070184710
0.16039419520
0.15544076670
0.14865080710
0.13280003320
0.11997886760
0.09820319912
0.08126383828
0.05289523534
0.03344659957
0.00476904567
-0.01635736347
-0.04807809342
-0.06742224822
-0.09464028774
-0.11046141820
-0.13161101740
-0.14189043270
-0.15246556540
-0.15591620040
-0.15600401470
-0.15236920890
-0.14258076280
-0.13252314270
-0.11245352540
-0.09672345325
-0.07108329364
-0.03992573070
-0.01908111042
0.01170475163
0.03229187391
0.06282388961
0.08184217239
0.10530587070
0.12029792380
0.13938383230
0.14804263670
0.15608907630
0.15840037770
0.15665281080
0.15218579000
0.14148797670
0.13049857160
0.10924362390
0.09319299705
0.06751051942
0.04820146628
0.01795990956
-0.00226382394
-0.03236470621
-0.05211745837
-0.07978949409
-0.09683759084
-0.11900755720
-0.13145110710
-0.14563667830
-0.15188480620
-0.15619945880
-0.15561270110
-0.14913926490
-0.14148561950
-0.12621470990
-0.11299942560
-0.08735229291
-0.06922577768
-0.04092662772
-0.02002042066
0.01329901498
0.03445432256
0.06246707276
0.08196061287
0.10807528930
0.12224583800
0.13913676990
0.14840231330
0.15739726830
0.15970028810
0.15816269930
0.15353922330
0.14166555290
0.13106016590
0.11079049970
0.09500788674
0.06908147730
0.05009862148
0.01910363493
-0.00152754617
-0.03073082340
-0.05083477389
-0.08024508251
-0.09691516762
-0.11876345350
-0.13116081390
-0.14608375480
-0.15215904480
-0.15572504550
-0.15477148600
-0.14805196110
-0.13963602060
-0.12233917210
-0.10836307440
-0.08480348371
-0.06641189078
-0.03595896233
-0.01562490668
0.01389134958
0.03458864150
0.06559124441
0.08384198194
0.10781047190
0.12246543170
0.14080756120
0.14932486480
0.15745487200
0.15966044510
0.15782313420
0.15297122640
0.14083250550
0.12975768130
0.11028831700
0.09450015700
0.06684943224
0.04769143918
0.01897177977
-0.00126759811
-0.03338660344
-0.05334963023
-0.07974007783
-0.09669670842
-0.12029954330
-0.13232213140
-0.14541992920
-0.15156343790
-0.15544495930
-0.15434450100
-0.14772175900
-0.13981418950
-0.12249500240
-0.10830861930
-0.08413407058
-0.06548172108
-0.03683032891
-0.01640925685
0.01519417699
0.03640354185
0.06513830650
0.08388752757
0.10852565200
0.12307236190
0.14096275970
0.14955441510
0.15762544530
0.15971409640
0.15774844310
0.15285171280
0.14193347250
0.13105798700
0.10993607500
0.09398252281
0.06939189052
0.05027193994
0.01884810414
-0.00195383056
-0.03148215167
-0.05207286714
-0.08157581915
-0.09864847877
-0.11995133320
-0.13245148490
-0.14698419110
-0.15280141490
-0.15569129900
-0.15465185700
-0.14742633240
-0.13913429680
-0.12327084520
-0.10917201200
-0.08346194363
-0.06504800715
-0.03590089524
-0.01506081688
0.01627849199
0.03786377963
0.06764093710
0.08518721979
0.11009352320
0.12446597800
0.14108327320
0.14966894240
0.15801755880
0.15992195250
0.15755879000
0.15274377760
0.13982551020
0.12881168330
0.10962959970
0.09455158384
0.06674698097
0.04730489439
0.01893318110
-0.00155142745
-0.03337253203
-0.05363935092
-0.08149235077
-0.09875755511
-0.12147922600
-0.13337745550
-0.14651101690
-0.15228451740
-0.15583975440
-0.15439902210
-0.14738838790
-0.13931889610
-0.12180444330
-0.10737050510
-0.08440519877
-0.06589187965
-0.03515456094
-0.01416543632
0.01595242627
0.03701778920
0.06768778018
0.08648517181
0.10968708790
0.12421927820
0.14250454600
0.15080173010
0.15792143760
0.15994528280
0.15768214550
0.15290423280
0.14129212590
0.13009712870
0.10895602130
0.09316944751
0.06724344433
0.04882498214
0.01786638960
-0.00269311951
-0.03369823240
-0.05395827433
-0.08237362462
-0.09925081999
-0.12123711930
-0.13339704500
-0.14686644920
-0.15230064670
-0.15534264510
-0.15383514700
-0.14633976320
-0.13784380560
-0.12148836930
-0.10720473240
-0.08169583542
-0.06305815272
-0.03465043836
-0.01388765091
0.01920852657
0.04019812611
0.06816554285
0.08677700466
0.11266033080
0.12667722690
0.14263105140
0.15088199850
0.15850367490
0.16005636400
0.15767202180
0.15287218490
0.14058621800
0.12910073130
0.10846224710
0.09253647992
0.06629414489
0.04728456290
0.01757932266
-0.00707395160
-0.03390839442
-0.05445563294
-0.08411525655
-0.10778837770
-0.12197593430
-0.13988153300
-0.14784669160
-0.15453312810
-0.15565870880
-0.15211178900
-0.14615259620
-0.13237915970
-0.12029350510
-0.09826203580
-0.08443189715
-0.05442460858
-0.03366507254
-0.00371020816
0.01760471314
0.04949955226
0.06900206868
0.09383079411
0.10968168170
0.13086818130
0.14143695880
0.15176000060
0.15599122110
0.15714495570
0.15441839580
0.14554033260
0.13648830110
0.11884764140
0.10429890910
0.07854314469
0.05992762671
0.03181111575
0.01146598042
-0.02050912613
-0.04109966560
-0.06855718037
-0.08626971376
-0.11112202780
-0.12499064980
-0.14070669470
-0.14860928060
-0.15646126670
-0.15775916270
-0.15432490960
-0.14881896850
-0.13550555220
-0.12356440930
-0.10043584990
-0.08217282286
-0.05518038930
-0.03516911498
-0.00268168324
0.01840699532
0.04710975037
0.06655151026
0.09377134452
0.10932251580
0.12888042440
0.13990538920
0.15125208410
0.15572147140
0.15733273340
0.15474780960
0.14672189090
0.13777596500
0.11899776570
0.10457936920
0.08010422896
0.06144592337
0.03014347704
0.01012904027
-0.01915810682
-0.04016586518
-0.07140785501
-0.08984406604
-0.11271707990
-0.12675655490
-0.14436837890
-0.15184576020
-0.15787569030
-0.15878923430
-0.15472446370
-0.14845120530
-0.13468279130
-0.12209995440
-0.09951817129
-0.08237481332
-0.05277264995
-0.03194347116
-0.00131379116
0.02001352259
0.05186225289
0.07112982926
0.09629772151
0.11208711590
0.13201582020
0.14187171810
0.15258022530
0.15643831020
0.15718597460
0.15450788160
0.14481849170
0.13542989270
0.11835395800
0.10394866400
0.07716534641
0.05849000056
0.02995733634
0.00905467688
-0.02282083421
-0.04376872895
-0.07250048389
-0.09043271639
-0.11488499020
-0.12863969910
-0.14414791200
-0.15175784790
-0.15819165840
-0.15852077380
-0.15410959020
-0.14757114090
-0.13238413750
-0.11955674100
-0.09715446552
-0.07944784687
-0.05015786423
-0.02942264999
0.00199509715
0.02290632917
0.05426229997
0.07362186107
0.09879920075
0.11418598290
0.13369647750
0.14381566580
0.15186604410
0.15693556600
0.15732792320
0.15474419940
0.14518941120
0.13555191200
0.11550231140
0.10108825660
0.07666571524
0.05753059904
