r
0.1572238349291607
0.1573430757734778
0.157484657154995
0.15679694779322462
0.1560358756202598
0.15590159226089878
0.15519955919345982
0.15508426047665066
0.155109942360824
0.15530063727001855
0.1556647155751732
0.1564544635983436
0.15606655719047072
0.15580636241220167
0.15615829162075254
0.15735243249654945
0.15723069052221525
0.1574257159055628
0.15725308331911958
0.1574579170710713
0.1576497252278455
0.15875291462783717
0.15862011006213933
0.15876187168310107
0.15873844195348882
0.15884889840348854
0.1587283874646433
0.1585954001222595
0.1585550782370038
0.1588400541276951
0.15906626378393734
0.1593464212221533
0.15951773032285915
0.1593335842799207
0.15899362051574625
0.1584056315236227
0.15809522988575106
0.15767700386380645
0.15752229043502372
0.1573889649366425
0.15712813315323843
0.15731883308799957
0.15687570535461223
0.1567494106223169
0.15646979568063632
0.1565344810149773
0.1566038804990522
0.15652212614724903
0.15644745425084633
0.1567209756825742
0.15636828162651045
0.15651113262256708
0.15668444833788572
0.15697678667465748
0.15713397618311636
0.15745719796527383
0.15778369863726874
0.15788616931662738
0.15795117488566143
0.158212451351278
0.1580307704930926
0.15819936901828474
0.15852061871137568
0.1587364166265083
0.15865191213404067
0.15878089335503903
0.15883390324646945
0.15815177368427494
0.15809831340108585
0.15819047418099821
0.15770576143528922
0.15714733551716328
0.15750152296081874
0.15772152924380797
0.15763909225468586
0.1572275442560407
0.15726898686594065
0.15726860863663855
0.15711720296720047
0.15727558309348866
0.15743475404418517
0.15695631009339378
0.1570520536816114
0.15742335955409312
0.1570599452362886
0.15782151168743067
0.15813112002234542
0.15809636442035482
0.15778203375037259
0.15795140847972727
0.15795590322932876
0.15761408558127443
0.15759127876802995
0.15734999700617577
0.15734517081790864
0.15706820587811168
0.1570761342712639
0.15693607166232493
0.15651694288889548
0.1557384297517017
0.1556044250896616
0.15554780994742093
0.15491052980454936
0.15405436021720728
0.15451238828685415
0.15471953015731227
0.15482913196576148
0.15505311328926505
0.15509172123479686
0.1553675270670287
0.15577077244712542
0.15631896520253166
0.15676047100401355
0.15717990767374923
0.1574395290020466
0.15819475267872365
0.15874187652508523
0.158985878173705
0.15929731235361816
0.1600501572148522
0.1602289275232301
0.16021748592492396
0.16027427171209335
0.16092706418578015
0.16102513079867797
0.1610920215254397
0.16082600813771467
0.16098493495158386
0.16073115887608375
0.16017127616664986
0.15950819595298632
0.15868119740664996
0.15834515619221048
0.15777658450443977
0.15731594133034876
0.15686193986674168
0.1560632421872966
0.15538621303763947
0.15483032374900615
0.1543791406004379
0.15423357168054397
0.15851627576958
0.15819870861626947
0.1582406301632534
0.1582011347289377
0.15792409093649107
0.15753975110418064
0.15698270675298565
0.15687745408322595
0.15657104325263554
0.15620540350911294
0.15588895050698243
0.15522506471213868
0.15524925273780216
0.15504841318839765
0.15417885175462256
0.15404757643908476
0.15462076556615445
0.154739101343
0.15570125251272737
0.15579286112261423
0.1558971947906827
0.1566905197635036
0.1581654175226452
0.158301646154351
0.15799829872984147
0.1581202864119633
0.1589635483558194
0.15933606964632488
0.1599534031967891
0.16039828523667574
0.16015802496117731
0.15994095087971333
0.15963192537362275
0.15966848230410877
0.15967728985884388
0.15975971907940612
0.1598380230319859
0.1597336479383443
0.15943415523553722
0.1593900691022871
0.15920749320862182
0.15902058316430562
0.15854223324189348
0.15891635028014617
0.15902924965928045
0.15892377374133201
0.15859241593425466
0.15796084704549734
0.15775654939805817
0.15765540133079314
0.15744565444080438
0.15703104569022017
0.15678562206878022
0.15646894585367052
0.15630424901840964
0.1557119726493462
0.15588332299607904
0.15606855956191837
0.15611598212756445
0.15608753396882272
0.15547927381193286
0.1552856119288118
0.15558741518353966
0.15603437766565248
0.15640191860209518
0.1566873986379301
0.15659072576873356
0.15680822681760748
0.1570519066789539
0.15755268132795122
0.1575537257500547
0.15779911757863985
0.15772485885745513
0.15812119996356036
0.1584603151902104
0.15765803830219796
0.1576486968939744
0.15773060812692882
0.1576296633495492
0.1578841674450054
0.1581016789501699
0.15815377461378613
0.15820283209221822
0.158376057760207
0.15810725136807335
0.15820006505159873
0.15833780698921596
0.15859819044387283
0.15832031775349867
0.1579275690686285
0.15806103939315724
0.1579292485347415
0.1578304804442673
0.1580852441670133
0.15757830673891512
0.15798921213336176
0.15805950632581767
0.15768862709314424
0.15794813387957762
0.1583152383304788
0.1579540399937784
0.1580843859383097
0.15792436301103327
0.15824363932592192
0.15859924562802888
0.15858717436670747
0.15835719212059135
0.15814089962498698
0.1578582103944274
0.15743399823402898
0.1568729927045466
0.1561819397080134
0.1562296454251671
0.15594234786606398
0.15557206431358292
0.1549861244173115
0.1546727389967007
0.15527243648469993
0.15552533785317932
0.15567985447000515
0.15596307745350146
0.15640811216847714
0.15656904194338858
0.15692811094080125
0.15744086017391012
0.15780756489290143
0.15786687459076518
0.15899292117276292
0.15932618256247683
0.15941429556531114
0.15946278281815077
0.16077237388432927
0.1611230830666201
0.16008545449142572
0.1607424779026149
0.16324269031876182
0.1631935941881642
0.1618369696830435
0.16110645450840871
0.16142851115454734
0.16090662829270794
0.16001365264091677
0.15971008789328933
0.15911522258983188
0.1585517671137842
0.15789981543929493
0.15766252339889686
0.15700903313308393
0.15656985061591244
0.15646194001812497
0.15572956853772166
0.1549490292753564
0.15444709536045667
0.15341629234064882
0.15287873119407694
0.15277406519749714
0.15291372338492562
0.1526464742006899
0.1530374934929615
0.15349623187621675
0.15385672334381228
0.15431420645249252
0.1547952167205722
0.1556151375774811
0.156314980610476
0.1569979635974201
0.15763900775493378
0.15894893945555694
0.15950902875512826
0.15945047656492628
0.15977296424871654
0.16136393306500915
0.16259895148830109
0.16189409548400246
0.1621394271611487
0.16305036766818212
0.16270516417587647
0.16239048261484246
0.16210879532834976
0.1616977531074614
0.16086806762834643
0.16046322478239192
0.16033693739498237
0.1598398010036907
0.1593048714251675
0.15858186607586858
0.15818328611971055
0.1572346543535873
0.15687541651914952
0.15553045766816767
0.1549362398939828
0.15408686035180882
0.15346731580750833
0.15243783982898682
0.1520053042718423
0.15221010839938995
0.1519898276943242
0.15157900677543218
0.15183542204840347
0.15258232403705835
0.15309728196390912
0.15386555721284068
0.1553311949580322
0.15553404172230156
0.1556695239395142
0.15569930751113709
0.15561213878839875
0.15611381474012131
0.15628286626203933
0.1564095678628985
0.15688691700086074
0.1573381961339515
0.15733204977832327
0.15753349851740708
0.1578589542273127
0.15796297662337874
0.15852567784843616
0.15912026873682533
0.15916266068070356
0.1594440564836225
0.15917391597461467
0.158851549260545
0.15901826865993318
0.15956975086460348
0.15972730449721426
0.15983890141125912
0.15987475980685353
0.15937483237262642
0.15927049670344254
0.15853704691627776
0.1582403667892706
0.1583889939740201
0.1579752453184303
0.15694974743379542
0.1566375860072081
0.15580055243947633
0.15586121451389026
0.15557566562689665
0.15536303054349054
0.15501595409216853
0.1550463653713742
0.15501485467860568
0.15522506663487312
0.15537723687162874
0.1556082536675218
0.15613536763649988
0.15642940247878762
0.1571539002957642
0.15753052262195
0.15798775846938581
0.1583146077798661
0.15839263886682792
0.15901791331710158
0.15942807166279066
0.15931484622717143
0.1596875553491867
0.1594630720183626
0.15956622238575957
0.15966619970969106
0.1600085455492525
0.16018360401196047
0.15997477441189223
0.1600333252130498
0.1597049540013587
0.15980057858875635
0.15936910544736663
0.15872566594384466
0.15820650957111082
0.15743526486765025
0.15670072325017567
0.1566111879481148
0.15652919912882915
0.15591210808530512
0.15598795823755185
0.15563137402263225
0.15547231355981264
0.1552651333705893
0.1548327863652364
0.154585544079016
0.1542066751726571
0.1540148058246007
0.15474854346876454
0.1550982419491933
0.15564324193886672
0.15637918606050435
0.154721175596375
0.15508657826992778
0.15525921166306128
0.1555819867431462
0.1547847834613254
0.1555820065000466
0.1565982775558247
0.1557722328496595
0.1561776894417097
0.1587248448120657
0.15906320003321558
0.15943431839170857
0.15968045307039444
0.1595898270997258
0.1597505776910416
0.15931086210517004
0.1593820764664719
0.1589509904700947
0.15895139217346407
0.15869591718425638
0.1585715992354007
0.15878978023186985
0.15876417709866442
0.15877643651968715
0.15819096021861834
0.15772549636908437
0.15743250524574154
0.15682107964085856
0.15647066307868865
0.1562136375473189
0.15622873783504695
0.15633813352040346
0.15607021007036845
0.155970949352671
0.1558018947011918
0.156283206902067
0.15654798046991647
0.15706487426497778
0.15715751661245872
0.1578031091087982
0.15833364990438895
0.15833934291414367
0.15871075965169215
0.1591741284223262
0.15923556829640872
0.15918986511968497
0.15942064274552342
0.15933561848792951
0.15923395348236424
0.1589974440916408
0.15888411844265424
0.15848382866277919
0.15819271757501024
0.15778071013800266
0.15767522911777657
0.15721818977779042
0.15705125563585032
0.1566269607617181
0.15650082040322835
0.15628011115915882
0.15615560387768967
0.15609914620920268
0.15592817416683155
0.15586749956171478
0.15590226851051953
0.15592016420989388
0.1560366397177468
0.15634170801731664
0.15665764159438314
0.1568573089655602
0.15726628250689523
0.15749835635668424
0.15738570128416982
0.1574619248011932
0.15781888979197967
0.158468628385592
0.15879023957203767
0.1589603301747304
0.1590651837018723
0.15892099707848456
0.15879323104329462
0.1590540173401894
0.15955665125090596
0.15986010581974178
0.1596888305585256
0.1594476230733688
0.15931775361807682
0.15909844510154939
0.1587900388400676
0.1584873433963593
0.15843203284236404
0.15824453568683683
0.15794120639758294
0.15723653957864886
0.15681998247808415
0.15628921029769835
0.15610631806633807
0.15597012994096884
0.15592510077406735
0.1559959964900559
0.15586638061762945
0.15588540275503357
0.15601878632295224
0.15605798132017157
0.15600290367177888
0.1562803889436879
0.1564999033241988
0.15687143743592463
0.156968918199913
0.1573530529023854
0.15754682527465233
0.15794137052644647
0.15811799120508924
0.15841151791518882
0.1585192173391385
0.15903322532622038
0.15934343044421106
0.15954059496446152
0.15951865123342407
0.15984743790283723
0.15988763915053258
0.15978988516770967
0.1597754080041482
0.15952941805442955
0.15948618444874427
0.15933592265182203
0.15916206497292426
0.15866026548622222
0.15837071014419785
0.15749301862952467
0.1573308709950302
0.1568042593305875
0.15636613704252467
0.15562028740391956
0.155581404699659
0.15581970133765738
0.155859122085449
0.15568035107871336
0.1553107494647557
0.15524459050958753
0.1555412461477559
0.1555434973987047
0.15571975761726778
0.15600295309279216
0.1562861231513368
0.15668191152739513
0.1569306334134089
0.1575388506092165
0.15754373398022223
0.15807103997591976
0.1582769062794428
0.1586125611322776
0.1589422481094284
0.15965776828705341
0.15952987446586725
0.159402599052633
0.15980357187982597
0.15997742294170758
0.16010145895877534
0.16010321480972356
0.16006504572556576
0.16003515406412855
0.1599285512524742
0.15957900593725827
0.15926681811877716
0.15860663971077443
0.15828098745788133
0.15763266794359293
0.1573375189573004
0.1568025547109542
0.15631894617718645
0.15580606389095142
0.15528837312694665
0.1550348921781959
0.15522276729371806
0.15520831814218294
0.1552908165833086
0.15468858027799298
0.1547575214705164
0.15508972767289358
0.15500105630466735
0.15518091306818346
0.15561361497826684
0.1559551812472115
0.15652750913479996
0.15712768793545479
0.1573049441455033
0.1577035376782975
0.1583793343777135
0.1589390386176018
0.15904748987945722
0.15973215411504535
0.15999767577524548
0.16054782610412965
0.1603924038387418
0.16050248955202062
0.16073497091441505
0.161362538430043
0.1612907386171112
0.16107428218947106
0.1607850322907649
0.16028930135665403
0.1600235468032825
0.15936024780052604
0.15905979933651557
0.15825649051477605
0.15790418214956028
0.15703390388012808
0.15651557175872813
0.1557378968483422
0.1554683469157985
0.1552444708180732
0.1551076228533243
0.1551272770906848
0.15488957466789682
0.15465235065970906
0.1547205271270647
0.15469659442598818
0.15467104728964334
0.154918343585294
0.15514509717693695
0.15544646792988942
0.15591184543740394
0.15664714346399794
0.15658397590445938
0.15737500919213662
0.1577384726433901
0.1583123199551939
0.15878173866427428
0.16021397934289253
0.16052542102791598
0.1604993351568361
0.16050255419852888
0.1608687054158899
0.16111141959714123
0.16120632660250503
0.1611891159596135
0.1609872280022756
0.16076597949264673
0.1604688664380172
0.16010021562348553
0.15929358105287256
0.15901736594958982
0.15833672301888554
0.1581152864107508
0.1572755391967492
0.15687910816107264
0.15600765794301635
0.15561923312361353
0.15549772040918064
0.15523678941828054
0.1578472623677101
0.1577075798332415
0.1577230772429358
0.1576482974511042
0.1575076892813486
0.15699847300584202
0.1567235697056942
0.1566159524373232
0.15658752373405657
0.15639493041434802
0.1562693113027161
0.1563210497982994
0.15648713969727596
0.15670770728251812
0.15703517019967367
0.1572952324936145
0.1578307998578871
0.15816180776399164
0.15810479768622301
0.15781619518859327
0.15812592417809201
0.158491049699212
0.15863037747326597
0.15864059707361075
0.15858261728169845
0.15866846327092238
0.15884093783776068
0.15864485616316268
0.15839746469507315
0.1582235843130643
0.15800624419849477
0.15761909494785148
0.15726742835043486
0.1569250914813026
0.15692007869625965
0.15628408612966402
0.15613248102980976
0.15634914667198127
0.1563505611399365
0.15633846467569112
0.15636007449683276
0.1564767756327101
0.1562768850301094
0.1563374779609194
0.15628990654372213
0.1562148434499005
0.15613405367176517
0.15648264896133993
0.1566996011358926
0.15714878048111044
0.15746306296185747
0.15779492817913612
0.15813775651223663
0.15907454232829366
0.15927038073249966
0.1596719306441785
0.1597930316073532
0.15958759304548353
0.15990187403203163
0.15990017274963858
0.16010377576133067
0.16004596682182898
0.1599226929105882
0.15966407019413034
0.15930743451779794
0.15886658589630598
0.1586627020366514
0.15809748579454616
0.15784001145524446
0.15744913305458372
0.1568878406940928
0.15616968193768796
0.15568533363386944
0.15563993572204357
0.1557811066389618
0.1557429321473639
0.15549224590227717
0.15552464173382285
0.1555482733590546
0.15555965362740098
0.15574583282695306
0.15573972675060338
0.1559639767556859
0.15684204784326602
0.1570040404947411
0.15713840681968838
0.15774259642675223
0.15846577069509957
0.15878367810480354
0.1593622730137094
0.1596574504269501
0.1604143591744012
0.16089262521497966
0.16057886963601944
0.16033398207125213
0.16066724387869508
0.1604829107630985
0.16059927154980194
0.16038358072838094
0.16013653038208187
0.15987854574345897
0.15941282795227588
0.15882961614885138
0.1580211355356862
0.15763660145899816
0.15707749087491918
0.15632867765801128
0.15592125045732974
0.15511979983829768
0.1546052388130641
0.15435969623033452
0.15383324035078894
0.15390857748980147
0.15452176249899324
0.15435113189272157
0.15452250362981673
0.1545757068362563
0.1549512584887116
0.15516939566304386
0.15544519839894103
0.15583193833666342
0.15648565146629606
0.15700413238683744
0.15826113872117922
0.15931705980777403
0.15937780929768902
0.15954293216072918
0.16068738371897423
0.16120107713216983
0.16112698020727834
0.16145454122294964
0.16200751614406925
0.16136315821280897
0.16110336458841334
0.16130308487666856
0.16130192125956705
0.16106842454980966
0.1604957193809129
0.15998480632365153
0.15937250423910926
0.15870660088211383
0.15820125452027586
0.15744798974806337
0.1564899861373123
0.15600232751795848
0.15538686915797473
0.15490682443270867
0.1541855141016216
0.15361895867652073
0.1530807682057325
0.15324459878180488
0.15354163230766987
0.15388998595309214
0.15410957983911608
0.15438157844333986
0.15495503160752497
0.15537880964387818
0.15569610166650635
0.15622018690894024
0.15749874542286954
0.15809675901680392
0.15854634042129642
0.15907426132344715
0.15997005767428982
0.16032529797369177
0.16037900422635154
0.16050189135873044
0.16193676454901154
0.16233054265150426
0.16164015591261924
0.16174434933617396
0.16183817807111636
0.16190395273198255
0.1615859155693023
0.16140974102317385
0.16081114475735067
0.16016322035910285
0.1589336380756188
0.15828180061201358
0.15714560201796335
0.15643757400417257
0.15555877088357073
0.1550186084347684
0.154408674401356
0.15369087046513266
0.15264216792887744
0.152168126481139
0.1524588509645606
0.15280289332023986
0.15274778179237206
0.15329225226346113
0.1535693503142125
0.15361764433807454
0.1543077134442697
0.1548094970829516
0.15590984929604682
0.15656099935373083
0.15739006213837387
0.15817745664396882
0.15944473227775954
0.1599598115433775
0.16022899752597117
0.1605304545067622
0.16175463419721015
0.16197914806192232
0.162116728834337
0.1623814305728405
0.16260639456650947
0.1626202801485835
0.16193048172304386
0.16198065430599906
0.16185212084225786
0.16156817886260064
0.16078583653100662
0.1602100407340678
0.15938944570053445
0.1588683160291083
0.1577440604041201
0.1568778511228156
0.15600517623174218
0.15551022869354456
0.15428624355529477
0.15360521385788228
0.1531136719737706
0.1526350838799119
0.15162363226413253
0.15182110613670072
0.15291336883716997
0.15307742844005914
0.15305997260071313
0.1536287200646127
0.15432281371716447
0.1546430065017973
0.1554137303785448
0.15592176342798295
0.15715108740485803
0.1577279494469618
0.15901342541518873
0.15960015329860064
0.1603355526002094
0.1607168856354293
0.16135024392940764
0.16166985060507394
0.16265693405794082
0.16296844934787
0.16288511041799575
0.16289705759798326
0.16248454456456105
0.1624428524261894
0.16240906552471804
0.16185312231407967
0.16085936678757698
0.16020059117380575
0.1593673157480441
0.15881649533816863
0.15799668861945967
0.15685574766755714
0.15559401730135
0.1550941146715419
0.1547518144138399
0.1541600982238131
0.15231960915974593
0.1536202558539256
0.15253647774006351
0.1529087841537405
0.1527127398645826
0.15344961624277967
0.15340807370638118
0.1539721010765691
0.15456561159006052
0.15524709901915437
0.15578070431842714
0.15693778934862657
0.15764095053069427
0.15843336128057703
0.1591067133350406
0.16028574502951254
0.1560369397297752
0.1562283812462899
0.15617181984004205
0.1563267099491183
0.15647887276372516
0.15655872466172455
0.15665922782301522
0.1563837693474166
0.15646070816684943
0.1568686765146116
0.15717314040251865
0.15712565343085616
0.15732362974858075
0.15753233480890907
0.15767826809965432
0.15774883501544418
0.15760987241153301
0.15779651365963457
0.1576881970966995
0.15781011667451478
0.15776713585294494
0.15776661288527793
0.15734447910202687
0.15733531744826026
0.1574925316809649
0.1579683882943566
0.1581328922205125
0.15779681972102244
0.157577814084749
0.15774120099146186
0.15740678921408258
0.1577054915395649
0.15776201309314317
0.157585135595771
0.15785020212614168
0.15817072099547197
0.15791252692815386
0.15771045765931616
0.15786321700691217
0.15807787544893395
0.158081037153966
0.15782149885846986
0.1579963319176908
0.1579880053371254
0.1580924978219311
0.1576278892229036
0.15756092792376253
0.15765767747162945
0.15790427100531607
0.15776738370042723
0.157681824570226
0.15750058304625225
0.15725564145114376
0.15737197612826956
0.1571769568194465
0.15701057335216959
0.15688018795496705
0.15705139518880318
0.15691812238985517
0.1567232471338237
0.15646949011278613
0.1564022008693215
0.1566243505444144
0.15721245203079018
0.15774820084052155
0.1580143104865234
0.15815172945789333
0.15870897510929244
0.15863415500014266
0.1587507271096393
0.1588526279180828
0.15936182543233235
0.15963078657698543
0.15942965865958492
0.1591757660349133
0.15988970419685813
0.15996940904059465
0.15918401601493734
0.15909856283182405
0.15971581068654359
0.15990948057707988
0.15955296559767854
0.15924914691350986
0.15888962027289263
0.1592488450712082
0.158666451666318
0.15837404324450685
0.15808898831662851
0.15780936896077996
0.1574507311908938
0.15733278533952355
0.1570039154470001
0.15672996852031654
0.1562908324885872
0.15610116223864634
0.1561115804389282
0.1560242484616846
0.15538209877720707
0.1552235554967608
0.15553486427130803
0.15569779927871882
0.1559918601985264
0.1562814636106468
0.15673443134597936
0.15718828186686676
0.15757575846469438
0.15794875403388223
0.15860900779774617
0.15882929757318148
0.15918469091698226
0.15936872048489878
0.16033476860987947
0.16051547172887412
0.15975206669251912
0.16003991492271077
0.1612223219906061
0.16096020670460737
0.1600699610358442
0.16006897911080809
0.16107546039865464
0.16038688792824246
0.15965799606431536
0.15986096166184352
0.1594543276981581
0.15931154904098485
0.15706315074121255
0.15818198883044832
0.15783406948673614
0.15809671260516442
0.15726216656642067
0.1566291055743436
0.1554903376498034
0.1555121836283612
0.15491172185496274
0.15448729522586344
