ra
-94.86049858795342
-106.21620917511616
-113.9222818723681
-125.25458962104474
-132.93792362222027
-144.65260949442774
-152.43273692115122
-164.48341732778516
-172.26045106828062
-183.91091792495544
-191.61253807575181
-203.4436197086744
-210.99898690953503
-222.23689908570404
-230.01634013496235
-241.01293882066275
-248.66757625546552
-260.8715163211188
-268.5204735820862
-279.18859523046524
-286.7850393454297
-298.7796164641317
-306.110379083076
-316.8001688152965
-324.3991034443416
-335.86957191119814
-343.1911329023438
-353.8521287303448
-361.2306131986914
-372.6960288678456
-380.051459657725
-390.94646312696756
-398.23201629379867
-409.5903384224048
-417.0345008543059
-428.1711554133038
-435.7160066301006
-447.67784160848964
-455.44534613105566
-466.7872181839285
-474.87844218109683
-487.20857966529366
-494.7890328661123
-505.7339547095631
-513.318194473696
-525.323495137433
-532.9898946082917
-543.9727446399004
-551.4987820259757
-563.4447222533049
-571.1209960991838
-581.9336297862931
-589.7099472506736
-601.9228894161207
-609.4641036473799
-619.9292883734898
-627.4317303536525
-639.3155342025955
-646.760617095807
-657.4211662232948
-664.9439973728433
-676.4354366772627
-683.8327502898914
-694.5951476657798
-701.9557355717054
-712.8365215526399
-720.0704728053528
-731.3947520929041
-739.0316007067495
-750.2335180799453
-757.8676771202606
-770.0162101658981
-777.8892290577398
-789.076387503211
-796.7759858190664
-808.700871646517
-816.446587939144
-828.1007324297979
-835.9212695175831
-847.6894753334784
-855.3785511237877
-866.6239665202463
-874.4480000320325
-886.0885533374187
-892.9205585676473
-905.3701196662003
-912.9479852969371
-923.6096749563228
-931.0287972995126
-942.9111285507413
-950.4410468534542
-961.0892442692268
-968.501631290014
-979.8971282981395
-987.2050414484868
-998.2530136358841
-1005.6815562282685
-1016.8289393348896
-1024.0056270320392
-1035.2949160337373
-1042.756128815383
-1053.5274838771709
-1061.2209364984114
-1073.1990063238486
-1080.708291010464
-1091.4697483903724
-1099.0552506282809
-1111.1227772680147
-1118.8966212872288
-1130.1587198204365
-1137.9507225340772
-1150.470970805326
-1158.2897933709053
-1169.1281549426078
-1176.8044703047703
-1188.9858953021092
-1196.538363338329
-1207.4072793583712
-1215.0446743266984
-1226.472878934432
-1234.03263690614
-1245.574847855439
-1253.058120740932
-1264.0704140996538
-1271.671773138583
-1283.5491684945973
-1290.6975121846183
-1301.3685259707172
-1308.728936783721
-1319.912218023202
-1327.1221548306644
-1338.459028005988
-1346.1323182783613
-1356.9530297111996
-1364.4766730499045
-1376.1939550445427
-1383.6422475913034
-1394.3620264304216
-1401.737325480239
-1413.933131913322
-1421.6448293145409
-1432.7231022509266
-1439.7551683015706
-1451.4892827018543
-1458.9375674876508
-1469.7832157299179
-1477.2562474661602
-1489.4619324113387
-1497.088414442251
-1508.0047438661873
-1515.7552863461256
-1527.7178760095715
-1535.3383814523763
-1546.5626510964998
-1554.141629452494
-1566.4757363194733
-1574.415689521773
-1585.1915472728292
-1593.2135624645205
-1606.2039391546684
-1613.77553421085
-1624.672462118929
-1632.4426194339776
-1646.1262342134291
-1653.1569938349894
-1663.7619617516664
-1671.5575358348024
-1683.3737721874854
-1690.6496669556498
-1700.8914574759765
-1707.9973637211867
-1719.3915628276418
-1726.7675496822103
-1736.9837286406475
-1744.297761154911
-1755.8059224147075
-1766.2971501522156
-1773.7091098539377
-1785.3685444211756
-1792.4502576303346
-1804.1042473149894
-1811.5446008361455
-1822.9845873705647
-1830.3757859044053
-1841.51154296138
-1849.2388121452661
-1861.2130035527307
-1868.794106685402
-1879.882443296779
-1887.570250837462
-1899.4718804283232
-1907.1649347277212
-1918.044454219431
-1925.6182849363718
-1937.6686336513649
-1945.327520080044
-1956.2775266019034
-1964.224378272876
-1976.6166481872058
-1984.5303963894146
-1995.4229493951168
-2003.235064497139
-2015.3982017750327
-2023.3288120040884
-2034.2690198390094
-2041.86988939413
-2053.4195464937393
-2060.8293168299037
-2071.3823047841947
-2078.846275280171
-2090.5334839886764
-2097.958808525669
-2108.54944383595
-2115.943153393659
-2127.296137338378
-2134.677735404647
-2145.79790547788
-2153.347174514844
-2164.141555773614
-2171.4950765535914
-2183.1555145078246
-2190.5916856500576
-2201.741979638859
-2209.471023900363
-2221.215472533519
-2229.0637265507175
-2240.551242080316
-2248.3381190741684
-2260.1463308456377
-2267.7995811502233
-2279.364957791199
-2287.1604617320354
-2298.193744229501
-2305.849132578189
-2317.886187106309
-2325.5226561905893
-2336.368991550428
-2343.9820086080945
-2355.849885060912
-2363.485999277122
-2374.043165072489
-2381.627493931535
-2393.566298135951
-2401.1069811286998
-2411.920610045082
-2419.41592611088
-2430.855134716377
-2438.268847084438
-2449.3804288807714
-2456.8455944303782
-2467.7073958333867
-2475.097338525258
-2486.765586626523
-2494.3379468617895
-2505.2192698498416
-2512.452198490822
-2524.206070762186
-2531.9042741441895
-2543.0868812033177
-2550.713230442557
-2563.193995382546
-2571.1540912455707
-2582.3178593531593
-2590.1496700485914
-2602.5751876653167
-2610.292326901477
-2621.280582774377
-2629.1287890267517
-2641.3791913619025
-2648.891119193586
-2659.730184692155
-2667.483522383119
-2679.603016125266
-2687.2042716262113
-2698.343880020403
-2705.9992565344855
-2716.874132660996
-2724.3115661748384
-2735.309412051035
-2742.3927221483245
-2753.0868320987756
-2760.46097530572
-2771.530401719382
-2778.7728807912013
-2790.191419405587
-2797.8530421639925
-2808.6210658418668
-2816.069179333405
-2828.0079063169287
-2835.5717670559084
-2846.0564376996817
-2853.495154779403
-2865.279272539599
-2872.6224538195784
-2883.405666363241
-2891.237743305032
-2903.7087923662634
-2911.4901678139154
-2922.8178408361136
-2930.7508113690733
-2943.3424071001555
-2951.351363628928
-2962.52209546983
-2970.137372628931
-2982.703342830763
-2990.7040200813085
-3001.486792849622
-3009.315414377859
-3021.6834746144928
-3029.3125259183826
-3039.750977760366
-3047.300563887653
-3059.1791994204227
-3066.6060623817502
-3077.418832745904
-3084.8239365375193
-3095.8755511156514
-3103.08513064754
-3113.5589850405518
-3120.7985031602466
-3132.1966967075846
-3139.6413868592126
-3150.3086580091385
-3157.764989933648
-3169.610825697668
-3177.068752579996
-3187.707005621905
-3195.1802226308846
-3206.716830907033
-3213.9761364015353
-3224.1806847280095
-3231.3118207969824
-3243.374286005969
-3251.00191335239
-3262.2686921780582
-3270.3500888461053
-3282.98777782301
-3291.118691032215
-3302.965230839845
-3310.857918974348
-3323.1883976909617
-3331.100218134027
-3342.71547170225
-3347.749498034721
-3359.7202343771805
-3367.3762030621297
-3378.4709703160315
-3386.550873085476
-3399.020569250177
-3406.75618449529
-3418.2820301342026
-3426.111020411692
-3438.1585099682516
-3445.943900956147
-3456.845761691172
-3464.4480789182194
-3476.3537933155053
-3483.773765964131
-3494.1245132628956
-3501.4592174200266
-3512.98506565993
-3520.3177314063523
-3530.9853753242915
-3538.283886915099
-3549.971787066549
-3557.1361168302456
-3568.1186439060834
-3575.293192712985
-3586.14718991688
-3593.3469297858333
-3604.59952238941
-3612.0519270965465
-3623.3158221390345
-3630.853679256238
-3642.2271247517765
-3650.040090910457
-3661.807859133174
-3669.6058052350536
-3681.235246581342
-3689.0342611547894
-3701.0252520102977
-3708.9675161210366
-3720.3988806130656
-3728.1111577908764
-3740.1886278989123
-3748.10787321158
-3759.2673396695454
-3767.245916816401
-3779.460900671012
-3787.085263412073
-3797.6032733202865
-3805.1274788561936
-3816.891988399563
-3824.4075368129725
-3835.0728909396703
-3842.7728785349445
-3854.094912680522
-3861.636185699292
-3873.0828758510547
-3880.6074405117056
-3891.8301746393327
-3899.251333447667
-3910.6378409707895
-3918.2147790786985
-3928.745778810775
-3936.027047400599
-3947.473499227834
-3954.7544207284323
-3965.205500009972
-3972.5967268498807
-3984.3143123197724
-3991.8818257871417
-4002.6768448054063
-4010.266144757594
-4021.993637626015
-4029.664262097483
-4040.85979893494
-4048.4815240988887
-4060.4142479671714
-4068.2717037223742
-4079.9794242899347
-4088.0056149050474
-4100.104569556782
-4107.958955487478
-4119.993605040236
-4127.83646456266
-4137.873073749739
-4145.468170169184
-4157.843279233474
-4165.6302943468545
-4175.532826415523
-4183.183542593496
-4195.605139940434
-4205.833336395349
-4213.473291103547
-4225.992579655049
-4233.4183346060145
-4244.699762172002
-4252.127473587177
-4262.7644806803555
-4270.074850564018
-4281.516002416362
-4288.71026910669
-4299.279720695798
-4306.711696407566
-4318.163197800017
-4325.498132279594
-4336.192304461645
-4343.68671939666
-4355.453554200802
-4362.863275067154
-4373.869636798058
-4381.678681704862
-4393.952306806798
-4401.757161331754
-4412.863670921015
-4420.66733492372
-4432.845159713039
-4440.537824910348
-4451.5643708976295
-4459.4345838761
-4471.589538033068
-4479.383225162443
-4490.846681126414
-4498.666811937528
-4509.989863165327
-4517.659297666006
-4529.0857725519345
-4536.789455625312
-4548.303872040451
-4555.830858839764
-4566.4943470942535
-4573.780348320944
-4585.512418477167
-4592.881428275751
-4603.300604182579
-4610.760659740282
-4622.52991059072
-4629.845609678157
-4640.349558526915
-4647.784040047066
-4659.67457727329
-4667.215117959535
-4677.647641470601
-4685.237132915305
-4697.027505660498
-4704.613854663965
-4715.567879127174
-4723.21027273472
-4735.278925648163
-4743.252258144728
-4754.45647269739
-4762.3125234242525
-4774.752060175725
-4782.534291003044
-4793.552832588153
-4801.338704453537
-4813.38018097852
-4821.1662292206875
-4832.003390963567
-4839.60558988297
-4851.454975474599
-4859.149739020202
-4870.03777879752
-4877.5314819757905
-4889.460947980662
-4897.191256058922
-4907.937239637148
-4915.597895780023
-4927.175861033998
-4934.592687240849
-4945.121073159901
-4952.622927943806
-4964.4451978719235
-4971.817629537098
-4982.35123786441
-4989.981627564168
-5001.499847494334
-5008.789333387409
-5019.482841821412
-5026.779679605942
-5037.989074357504
-5045.485246876404
-5056.875242351272
-5064.514316024663
-5076.057781746683
-5083.945034170157
-5095.581872670373
-5103.3736614791715
-5115.2769152137525
-5123.073118246592
-5134.541658629182
-5142.369347961573
-5154.498039269257
-5162.189223727414
-5172.87542754506
-5180.654149270446
-5192.86163856804
-5200.534844406937
-5211.576857816734
-5219.238120686764
-5231.123954942427
-5238.626261005046
-5249.586501326802
-5257.113129951883
-5268.842397102367
-5276.160132490403
-5286.885779394111
-5294.3039241982515
-5306.006343015727
-5313.339694706137
-5324.24620856347
-5331.7885812696195
-5343.012377575788
-5350.436070914253
-5361.836004551787
-5369.279249512559
-5379.973695143413
-5387.419634003163
-5398.8633047374915
-5406.407424288696
-5417.401067022178
-5424.985880003403
-5436.544884342016
-5444.205427243698
-5455.496621764622
-5463.2534774244705
-5475.482146464676
-5483.166317296636
-5494.923676012983
-5502.910336391874
-5515.053994936623
-5522.901157091526
-5534.628701408931
-5542.307963657907
-5553.500662032969
-5561.101773008866
-5572.819793490827
-5580.289778894026
-5590.681054777132
-5598.276891943753
-5610.174483126759
-5617.7024658676955
-5628.296466994556
-5635.872253637114
-5647.32868573227
-5654.73990024549
-5665.823295723657
-5673.214709672936
-5684.217384501267
-5691.5790162853
-5703.151586288485
-5710.491266900489
-5721.120919055491
-5728.4356425353535
-5739.965057472615
-5747.262491137402
-5757.787644510332
-5765.367569599019
-5777.475701507208
-5785.282963469504
-5796.255458830391
-5803.955210408445
-5816.306861703336
-5824.179267552687
-5835.411954205667
-5843.302531726879
-5855.785416250826
-5863.511604811597
-5874.803175892432
-5882.53303244841
-5894.196966831988
-5902.0297513882115
-5913.422089969923
-5921.282618926835
-5932.740293729107
-5940.148719313296
-5952.002313867724
-5959.307237437764
-5970.7845507969
-5978.172277744388
-5989.439377591416
-5996.665208784749
-6007.712816076875
-6015.078019473338
-6025.703322695661
-6032.984139625898
-6044.551835129194
-6052.00559686727
-6062.349913576388
-6069.819368056475
-6081.620733193876
-6088.962916749058
-6099.443821179485
-6106.899071821773
-6118.718024762889
-6126.290476487676
-6137.053962548916
-6144.663035999531
-6156.676106444339
-6164.403005360416
-6175.676782700127
-6183.523283716985
-6196.012171282259
-6204.008249392382
-6215.301448061839
-6223.4297815392565
-6235.837605521781
-6243.737268638548
-6254.53888458364
-6262.304714565533
-6274.19953313107
-6281.851028173608
-6293.146241873036
-6300.625983200906
-6312.374732056634
-6319.532779972079
-6330.783454828379
-6338.18305833737
-6349.634179205073
-6357.026614776126
-6367.663832040512
-6374.852191288579
-6386.587925153938
-6393.89735354436
-6404.380856712156
-6411.799974932134
-6423.521255508698
-6431.018154482942
-6441.667984192774
-6449.0724970297115
-6460.347047428173
-6467.690063173327
-6478.248234939245
-6486.033587791821
-6498.010327314085
-6505.741952757673
-6516.839018764229
-6524.4606468195125
-6536.557949711101
-6544.163875185186
-6555.463531347146
-6563.268558904433
-6575.492483672055
-6583.373156068051
-6594.418537702688
-6602.074090267281
-6613.977410285672
-6621.775181390645
-6632.983718410389
-6645.239548400215
-6653.020828706354
-6664.267474063792
-6671.805970306344
-6683.404050442841
-6691.174421011789
-6701.85664099929
-6709.532385793718
-6721.575236626237
-6728.948076292248
-6739.710036657911
-6747.252910598042
-6759.142416055081
-6766.644217894183
-6776.8929059440225
-6784.526128535929
-6796.335185205242
-6803.856772602798
-6814.6393682769685
-6822.1519526575585
-6833.428158518882
-6840.8266122353125
-6851.951811191139
-6859.499752894108
-6870.685742667899
-6878.269556763877
-6889.571637683107
-6897.213565420531
-6908.547943770735
-6916.3840566217705
-6927.592270318338
-6935.335674481225
-6947.310534778211
-6955.017264459449
-6966.23753831728
-6973.852862285017
-6986.230217918404
-6993.91960591693
-7004.967558206705
-7012.726770845691
-7024.795662744583
-7032.493331765474
-7043.0305184856115
-7050.858346814227
-7062.626481380853
-7069.863005720428
-7080.47580943863
-7087.95865024898
-7099.561639210197
-7106.9779265492925
-7117.863555089578
-7125.465336901483
-7136.908987103596
-7144.306934080115
-7155.510919608242
-7162.992092418635
-7173.97557521787
-7181.37773265453
-7192.973629981351
-7200.562181105101
-7211.387775576508
-7219.045676160334
-7231.013538682655
-7238.556036517367
-7249.785362026702
-7257.481310265378
-7269.898476250827
-7277.6797567012545
-7289.213275158204
-7297.089736511495
-7309.273138133523
-7317.204744862522
-7328.872537127709
-7336.609944192855
-7347.645690027421
-7355.27560284534
-7366.959315280175
-7374.383748186758
-7384.967846011338
-7392.414333871796
-7404.108599878568
-7411.528380963514
-7422.145615529593
-7429.738764125566
-7441.25436379804
-7448.5988243501815
-7459.499691014493
-7467.006905753167
-7478.098308143571
-7485.610076839622
-7496.972319153881
-7504.599192445001
-7515.402112002849
-7522.807372389914
-7534.612475600191
-7542.094432957586
-7552.951405854384
-7560.47051685069
-7572.534717128995
-7580.281447892342
-7591.067284354873
-7598.7903320460755
-7611.125670993234
-7618.8742058093
-7629.799201410196
-7637.623736082963
-7650.100493473233
-7657.922728788499
-7669.266236884827
-7677.062244053247
-7689.285039362152
-7697.169589648293
-7708.136948526642
-7715.767947420385
-7726.749737076525
-7734.157529936967
-7745.410997163811
-7753.030658145841
-7763.707626665101
-7771.323391479021
-7782.348618328381
-7789.728350260677
-7800.915795676608
-7808.204469629434
-7819.147820787009
-7826.666414437554
-7838.186563051487
-7845.611466327709
-7856.211422270591
-7863.655058041817
-7875.371118165386
-7882.954928465433
-7893.475849316088
-7901.062886350053
-7912.978428152809
-7920.728746401597
-7931.867969596586
-7939.864829584058
-7952.092958294733
-7959.868851807568
-7971.109834160317
-7979.087044873322
-7991.542778545095
-7999.549564922895
-8010.450029613215
-8018.125531315598
-8030.601933518213
-8038.350655114417
-8048.96714344925
-8056.662392911036
-8068.551310463086
-8076.06342262802
-8087.0647165389455
-8094.615685593717
-8105.769331529737
-8113.4885542234615
-8124.7377882585715
-8131.781286466517
-8142.864680581236
-8150.243052892518
-8160.822801144573
-8168.011787673763
-8179.304741201309
-8186.854711389551
-8197.541724108323
-8205.201064104398
-8217.15398860778
-8224.572754805871
-8235.190880081655
-8242.415052734174
-8254.387987605136
-8262.073754581326
-8272.874888962067
-8280.584168230398
-8292.644159295618
-8300.55070839429
-8312.242867142404
-8320.108988160837
-8332.282641174665
-8340.255110654849
-8351.708684622685
-8359.637612358434
-8371.71814702623
-8379.532842958013
-8390.53583881747
-8398.26389479432
-8410.188201452473
-8417.837603110445
-8428.21194837809
-8435.76605044657
-8447.44758602196
-8454.982947914232
-8465.647092576273
-8473.177475843117
-8484.599171234353
-8492.128696625477
-8502.638580072522
-8510.074290544213
-8521.698072818017
-8528.965235664113
-8539.168780693737
-8546.705594281284
-8558.39365706364
-8565.749215902813
-8576.400885590892
-8583.97419549776
-8595.700194174437
-8603.193028445297
-8614.16152086721
-8621.466432628791
-8633.299056310925
-8641.010988988268
-8652.841174318342
-8660.818386674928
-8672.594827008172
-8680.4188230904
-8692.381161754141
-8700.262608314306
-8712.116584499625
-8720.014978510831
-8731.733003052108
-8739.38406683872
-8751.376676893831
-8759.080944251404
-8770.180710932127
-8777.800957872492
-8789.367446191176
-8796.89885539599
-8807.59896707861
-8815.072144664817
-8826.782014818418
-8834.280074949382
-8844.73919586121
-8852.188789144186
-8863.896697040449
-8871.244684673242
-8881.428502343708
-8888.782856335178
-8900.182404740195
-8907.568570353542
-8918.364620648015
-8925.725503255399
-8937.151266782485
-8944.608322536107
-8955.8064058442
-8963.369848547285
-8974.634564992346
-8982.138101273786
-8993.372682079878
-9002.639306545578
-9012.843980085838
-9020.862806650905
-9033.42239886549
-9044.622690500259
-9052.665425456298
-9065.296990277104
-9073.044256525773
-9084.502911533375
-9092.267676416202
-9104.245798087948
-9112.009261929365
-9123.326740145221
-9130.882317645597
-9142.190149820543
-9147.24131300369
-9159.612613754414
-9167.551363037142
-9178.640032589294
-9186.459759297137
-9198.43160677425
-9206.133212299495
-9216.87014151818
-9224.508688712202
-9236.538146854487
-9244.142292581613
-9254.983488120566
-9262.53780899514
-9274.018925070464
-9281.670865928327
-9292.689622385555
-9300.00425468623
-9311.134252951206
-9318.591361081242
-9330.151611103889
-9337.675694684924
-9348.367471873458
-9355.821047426183
-9367.48998965023
-9375.127188984952
-9385.721236467245
-9393.062392651274
-9404.765720321557
-9412.485527004295
-9423.12689213898
-9430.753598639252
-9442.798058293338
-9450.344420859958
-9461.674961641356
-9469.47517226994
-9481.051457571359
-9488.511202357786
-9500.443637405442
-9508.632070345575
-9519.569501080145
-9527.14554316001
-9539.026390400488
-9546.69030463778
-9557.348659437754
-9564.895567691201
-9576.504831318905
-9583.935075110252
-9594.83232890195
-9602.37655956165
-9613.47649242417
-9620.955908617507
-9632.645424304632
-9640.246193978244
-9651.199746377708
-9658.769152106262
-9670.720891793264
-9678.193322113912
-9689.332769808692
-9696.947182363392
-9708.910874944855
-9716.28836675122
-9727.035977540554
-9734.859351329838
-9747.014274138332
-9754.71822359752
-9765.506881878595
-9773.272335757145
-9785.455950893047
-9793.177759249174
-9803.981439667226
-9811.618742025106
-9823.856060854641
-9831.570483169851
-9842.351759103422
-9849.90793762335
-9861.507101386007
-9869.00648612585
-9880.638954076145
-9888.417549351145
-9899.528690758742
-9907.189725537046
-9918.968437712816
-9926.529435371034
-9937.3056461322
-9944.73661897203
-9956.308208925553
-9963.611576492141
-9974.83008605124
-9982.441872628682
-9993.323147013081
-10000.873811563675
-10012.722307433503
-10020.220248248266
-10030.77611030481
-10038.248149146371
-10050.376654482521
-10057.983250143003
-10068.883890589264
-10076.655859081708
-10088.43717592211
-10096.326663768054
-10107.695398851412
-10115.35584789426
-10127.137763382738
-10134.922922981526
-10146.175187242949
-10153.905203828213
-10165.842628084858
-10173.571798624078
-10184.506744429984
-10192.184456328016
-10204.343186909633
-10211.855499532418
-10222.543581178941
-10230.236226340561
-10241.87386764929
-10249.467422541291
-10260.714147773602
-10268.227435574729
-10279.686597734026
-10287.324318915087
-10298.229851100019
-10305.58447718962
-10316.978119931513
-10324.519560224706
-10335.219600783126
-10342.802570826161
-10354.589775124336
-10361.820392872129
-10372.59680269907
-10380.067876835716
-10392.027267680973
-10399.45581046498
-10410.336884380415
-10418.136479856339
