t	x	y
0.00000000000	-0.01332157441	-0.15665844990
0.00833333333	-0.04394006244	-0.15108313740
0.01666666667	-0.06385957212	-0.14395614710
0.02500000000	-0.09050486101	-0.12803965390
0.03333333333	-0.10629250980	-0.11423264350
0.04166666667	-0.12716259190	-0.09019413335
0.05000000000	-0.13757946560	-0.07182474378
0.05833333333	-0.14943191500	-0.04148771658
0.06666666667	-0.15369696500	-0.02088868519
0.07500000000	-0.15493898870	0.01059234238
0.08333333333	-0.15247844940	0.03133410512
0.09166666667	-0.14353946180	0.06224485590
0.10000000000	-0.13377657080	0.08037785378
0.10833333330	-0.11535464440	0.10473265290
0.11666666670	-0.10034249540	0.11965281300
0.12500000000	-0.07625489226	0.13764076220
0.13333333330	-0.05719713176	0.14645811060
0.14166666670	-0.02497542054	0.15543192850
0.15000000000	-0.00406023336	0.15720065750
0.15833333330	0.02514361935	0.15543742810
0.16666666670	0.04552637439	0.15093304840
0.17500000000	0.07643030309	0.13914343920
0.18333333330	0.09348160622	0.12814651230
0.19166666670	0.11573274390	0.10867963880
0.20000000000	0.12906890200	0.09240731297
0.20833333330	0.14496823630	0.06493984130
0.21666666670	0.15194667830	0.04590106688
0.22500000000	0.15768328820	0.01698474499
0.23333333330	0.15851850770	-0.00340522412
0.24166666670	0.15495637970	-0.03490964316
0.25000000000	0.14942447170	-0.05453809248
0.25833333330	0.13666316740	-0.08194181248
0.26666666670	0.12530296540	-0.09871713706
0.27500000000	0.10328772630	-0.12132121280
0.28333333330	0.08651382324	-0.13339538880
0.29166666670	0.05890079267	-0.14704774980
0.30000000000	0.03900656584	-0.15320766800
0.30833333330	0.00638879072	-0.15754751950
0.31666666670	-0.01494826845	-0.15681141940
0.32500000000	-0.04545680170	-0.15068166930
0.33333333330	-0.06610294201	-0.14254701430
0.34166666670	-0.09513359039	-0.12529491300
0.35000000000	-0.11051867970	-0.11133556650
0.35833333330	-0.12954274570	-0.08825562173
0.36666666670	-0.13980795710	-0.07026045895
0.37500000000	-0.15142703160	-0.03965977619
0.38333333330	-0.15543321040	-0.01911262651
0.39166666670	-0.15614602230	0.01084415481
0.40000000000	-0.15330738840	0.03118734685
0.40833333330	-0.14378277400	0.06235365362
0.41666666670	-0.13386340560	0.08081848885
0.42500000000	-0.11643167310	0.10459158730
0.43333333330	-0.10132115190	0.11951585890
0.44166666670	-0.07388260616	0.13850296770
0.45000000000	-0.05512167907	0.14714852010
0.45833333330	-0.02753350828	0.15503120690
0.46666666670	-0.00707024843	0.15762521100
0.47500000000	0.02555725123	0.15580394530
0.48333333330	0.04554896540	0.15124108370
0.49166666670	0.07286122114	0.14043654160
0.50000000000	0.09051615335	0.12953976380
0.50833333330	0.11463098490	0.10902649980
0.51666666670	0.12797334210	0.09355004152
0.52500000000	0.14338644060	0.06809976957
0.53333333330	0.15084901420	0.04914269161
0.54166666670	0.15754151160	0.01980010650
0.55000000000	0.15883378310	-0.00019536287
0.55833333330	0.15503448750	-0.03124565898
0.56666666670	0.14945648080	-0.05155421464
0.57500000000	0.13667346710	-0.07965293160
0.58333333330	0.12449773850	-0.09680609639
0.59166666670	0.10097829760	-0.12041041680
0.60000000000	0.08372116607	-0.13340725650
0.60833333330	0.05632598087	-0.14732095800
0.61666666670	0.03606134578	-0.15345899370
0.62500000000	0.00356468244	-0.15718712960
0.63333333330	-0.01765768073	-0.15627456780
0.64166666670	-0.04886156075	-0.14948566200
0.65000000000	-0.06868153770	-0.14131051570
0.65833333330	-0.09615541178	-0.12445780740
0.66666666670	-0.11205625530	-0.11058524960
0.67500000000	-0.13107076990	-0.08634660709
0.68333333330	-0.14169145090	-0.06774127477
0.69166666670	-0.15280589140	-0.03784803412
0.70000000000	-0.15586255540	-0.01935691664
0.70833333330	-0.15712881850	0.01477037400
0.71666666670	-0.15411045920	0.03543187103
0.72500000000	-0.14486292620	0.06331818898
0.73333333330	-0.13520473910	0.08133172013
0.74166666670	-0.11568529670	0.10754329160
0.75000000000	-0.10059766490	0.12177921490
0.75833333330	-0.07619801262	0.13797123920
0.76666666670	-0.05775322233	0.14662733870
0.77500000000	-0.02760171806	0.15491018920
0.78333333330	-0.00767244709	0.15715799800
0.79166666670	0.02254630462	0.15544158210
0.80000000000	0.04245619270	0.15122957270
0.80833333330	0.07082969300	0.14004315470
0.81666666670	0.08753590692	0.12974983010
0.82500000000	0.11068907330	0.10955540860
0.83333333330	0.12387150820	0.09417317327
0.84166666670	0.13923835650	0.06933831018
0.85000000000	0.14666417080	0.04986876024
0.85833333330	0.15297034970	0.01824330054
0.86666666670	0.15450058220	-0.00191003507
0.87500000000	0.15162975520	-0.03076605841
0.88333333330	0.14634514410	-0.05054857964
0.89166666670	0.13273502790	-0.08014287435
0.90000000000	0.12070481240	-0.09738475373
0.90833333330	0.09953823569	-0.11929462730
0.91666666670	0.08265951667	-0.13203006420
0.92500000000	0.05225499312	-0.14732628610
0.93333333330	0.03181637642	-0.15349776370
0.94166666670	0.00239164627	-0.15716171100
0.95000000000	-0.01865366221	-0.15633056700
0.95833333330	-0.05146635046	-0.14958875140
0.96666666670	-0.07092538328	-0.14201610250
0.97500000000	-0.09658022683	-0.12628843670
0.98333333330	-0.11272800270	-0.11255234840
0.99166666670	-0.13342172720	-0.08840076660
1.00000000000	-0.14405279280	-0.07015769453
1.00833333300	-0.15516645280	-0.03991258851
1.01666666700	-0.15909934350	-0.01937114015
1.02500000000	-0.16052113680	0.01142298682
1.03333333300	-0.15769554900	0.03257616574
1.04166666700	-0.14767588320	0.06436204565
1.05000000000	-0.13829017350	0.08210257491
1.05833333300	-0.12081504540	0.10639489690
1.06666666700	-0.10602183480	0.12080511570
1.07500000000	-0.08029806312	0.13858953340
1.08333333300	-0.06201163797	0.14696061150
1.09166666700	-0.03174712879	0.15547296300
1.10000000000	-0.01068078072	0.15798452270
1.10833333300	0.01909974335	0.15661625210
1.11666666700	0.03932675449	0.15232108120
1.12500000000	0.06924061486	0.14075299440
1.13333333300	0.08645990407	0.12992467260
1.14166666700	0.10864443350	0.11109123400
1.15000000000	0.12156966750	0.09588141163
1.15833333300	0.13867597620	0.06783725140
1.16666666700	0.14638658260	0.04856915758
1.17500000000	0.15723952160	0.02007840957
1.18333333300	0.15819726430	0.00067599989
1.19166666700	0.15506980120	-0.03151910199
1.20000000000	0.14963814560	-0.05134222834
1.20833333300	0.13706405570	-0.07844401273
1.21666666700	0.12539155890	-0.09537153734
1.22500000000	0.10203140040	-0.11930282290
1.23333333300	0.08523845716	-0.13170019370
1.24166666700	0.05864052542	-0.14517499910
1.25000000000	0.03843650559	-0.15140265230
1.25833333300	0.00620750529	-0.15576530990
1.26666666700	-0.01444176522	-0.15455179110
1.27500000000	-0.04425591295	-0.14880774390
1.28333333300	-0.06341380735	-0.14148745340
1.29166666700	-0.09165660075	-0.12397655370
1.30000000000	-0.10781157680	-0.11003326640
1.30833333300	-0.12695369950	-0.08826289893
1.31666666700	-0.13813443840	-0.06973568966
1.32500000000	-0.15120937680	-0.03712956237
1.33333333300	-0.15487442430	-0.01689166287
1.34166666700	-0.15537909440	0.01269930577
1.35000000000	-0.15301021630	0.03376081592
1.35833333300	-0.14200503130	0.06964819011
1.36666666700	-0.13252619300	0.08658071000
1.37500000000	-0.11410946460	0.10928171160
1.38333333300	-0.09830787834	0.12384500810
1.39166666700	-0.07124243125	0.14210533310
1.40000000000	-0.05279495073	0.15033521300
1.40833333300	-0.02532146894	0.15793642520
1.41666666700	-0.00560519513	0.16030031720
1.42500000000	0.02613469564	0.15801129910
1.43333333300	0.04614129430	0.15314074810
1.44166666700	0.07243098205	0.14225366230
1.45000000000	0.08997219481	0.13190537670
1.45833333300	0.11448584910	0.11130960090
1.46666666700	0.13290834770	0.08864840073
1.47500000000	0.14330387700	0.07079683922
1.48333333300	0.15455358760	0.04034881465
1.49166666700	0.15805204750	0.02094755682
1.50000000000	0.15898131010	-0.01140776785
1.50833333300	0.15598660040	-0.03186230358
1.51666666700	0.14639592750	-0.06209491349
1.52500000000	0.13677873660	-0.08016992538
1.53333333300	0.11900009300	-0.10532513590
1.54166666700	0.10383141620	-0.12045471870
1.55000000000	0.07653050285	-0.13928333710
1.55833333300	0.05736612242	-0.14785358430
1.56666666700	0.02774872793	-0.15550446070
1.57500000000	0.00668799638	-0.15761471880
1.58333333300	-0.02594433057	-0.15550600400
1.59166666700	-0.04646589057	-0.15043289240
1.60000000000	-0.07382916309	-0.13859294350
1.60833333300	-0.09130919114	-0.12745337540
1.61666666700	-0.11567163130	-0.10536889830
1.62500000000	-0.12854733100	-0.08891907531
1.63333333300	-0.14255506850	-0.06264400108
1.64166666700	-0.15001178380	-0.04238012635
1.65000000000	-0.15579653490	-0.00921059156
1.65833333300	-0.15562820860	0.01233128394
1.66666666700	-0.15046665960	0.04151027113
1.67500000000	-0.14286898400	0.06133724803
1.68333333300	-0.12658044170	0.08995005865
1.69166666700	-0.11317860990	0.10676163180
1.70000000000	-0.09112099087	0.12666369660
1.70833333300	-0.07373965707	0.13792760100
1.71666666700	-0.04471253832	0.15017233370
1.72500000000	-0.02495681504	0.15458917420
1.73333333300	0.00378275219	0.15676259370
1.74166666700	0.02415206019	0.15518369560
1.75000000000	0.05526234633	0.14754294450
1.75833333300	0.07386696362	0.13916482380
1.76666666700	0.09833879461	0.12341006030
1.77500000000	0.11334900670	0.10967740780
1.78333333300	0.13305493540	0.08543241799
1.79166666700	0.14323487990	0.06777492656
1.80000000000	0.15283943820	0.03868026851
1.80833333300	0.15658714950	0.01826406975
1.81666666700	0.15731872060	-0.01139143928
1.82500000000	0.15446790120	-0.03141302702
1.83333333300	0.14516516510	-0.06208450025
1.84166666700	0.13609643690	-0.08046055400
1.85000000000	0.11800653050	-0.10529518120
1.85833333300	0.10280534570	-0.12024640110
1.86666666700	0.07626076624	-0.13880659640
1.87500000000	0.05649636363	-0.14766876390
1.88333333300	0.02597098682	-0.15605373570
1.89166666700	0.00459199069	-0.15827120630
1.90000000000	-0.02793909549	-0.15611788160
1.90833333300	-0.04839667585	-0.15074178180
1.91666666700	-0.07744307246	-0.13763606940
1.92500000000	-0.09547666134	-0.12596626260
1.93333333300	-0.11772097050	-0.10527782600
1.94166666700	-0.13061455080	-0.08860191689
1.95000000000	-0.14645616220	-0.05951081395
1.95833333300	-0.15257465520	-0.03939412831
1.96666666700	-0.15767206460	-0.01000555822
1.97500000000	-0.15767793570	0.01097616205
1.98333333300	-0.15169339470	0.04306758780
1.99166666700	-0.14486331320	0.06294627459
2.00000000000	-0.13118254850	0.08862761227
2.00833333300	-0.11806739310	0.10492649540
2.01666666700	-0.09388508838	0.12718593970
2.02500000000	-0.07630521620	0.13826647610
2.03333333300	-0.04910846014	0.15043074330
2.04166666700	-0.02913121187	0.15590090830
2.05000000000	0.00236681244	0.15856951180
2.05833333300	0.02277463901	0.15671093170
2.06666666700	0.05247730630	0.14918001360
2.07500000000	0.07128682513	0.14084531640
2.08333333300	0.09629122528	0.12455305590
2.09166666700	0.11111424640	0.11073734730
2.10000000000	0.13063608470	0.08559796531
2.10833333300	0.14081978360	0.06765715525
2.11666666700	0.15078209800	0.03978410211
2.12500000000	0.15422412870	0.02043490449
2.13333333300	0.15456870210	-0.01136728169
2.14166666700	0.15134628520	-0.03190545635
2.15000000000	0.14283686970	-0.06088643680
2.15833333300	0.13371047630	-0.07943323764
2.16666666700	0.11349689780	-0.10655829990
2.17500000000	0.09782441876	-0.12146960370
2.18333333300	0.07266189760	-0.13850540130
2.19166666700	0.05316525417	-0.14726615580
2.20000000000	0.02027904056	-0.15561231480
2.20833333300	-0.00080327032	-0.15743881100
2.21666666700	-0.03086933871	-0.15475888170
2.22500000000	-0.05173181603	-0.14915015690
2.23333333300	-0.08278755134	-0.13573861030
2.24166666700	-0.10003173650	-0.12401001630
2.25000000000	-0.12163453700	-0.10304347160
2.25833333300	-0.13446490100	-0.08571796488
2.26666666700	-0.15069200030	-0.05603282297
2.27500000000	-0.15712173130	-0.03568486304
2.28333333300	-0.16001858470	-0.00462658517
2.29166666700	-0.15986213180	0.01680008984
2.30000000000	-0.15621423220	0.04738448692
2.30833333300	-0.14872161670	0.06718653072
2.31666666700	-0.13206587020	0.09354042273
2.32500000000	-0.11898371980	0.10861935420
2.33333333300	-0.09695460880	0.12906962480
2.34166666700	-0.07932958301	0.13999200080
2.35000000000	-0.05069255264	0.15177165130
2.35833333300	-0.03109533605	0.15665373360
2.36666666700	0.00053158688	0.15911433460
2.37500000000	0.02166335750	0.15706483310
2.38333333300	0.05041863513	0.14963392980
2.39166666700	0.06928574777	0.14162258450
2.40000000000	0.09668148500	0.12371146650
2.40833333300	0.11181088740	0.10960129370
2.41666666700	0.12979894610	0.08736459389
2.42500000000	0.13936186540	0.06949797831
2.43333333300	0.14986296520	0.03937376455
2.44166666700	0.15316851440	0.01983208163
2.45000000000	0.15314535270	-0.00911370956
2.45833333300	0.14994758600	-0.02979308484
2.46666666700	0.13988007180	-0.06142866196
2.47500000000	0.13039409100	-0.07987482602
2.48333333300	0.11196897670	-0.10374918960
2.49166666700	0.09682595935	-0.11851248040
2.50000000000	0.06886725907	-0.13718015100
2.50833333300	0.04919779844	-0.14577883230
2.51666666700	0.02008304386	-0.15300178320
2.52500000000	-0.00037113738	-0.15479477180
2.53333333300	-0.03422025427	-0.15180594600
2.54166666700	-0.05526367282	-0.14622003840
2.55000000000	-0.08200035199	-0.13388167480
2.55833333300	-0.09987834715	-0.12196053680
2.56666666700	-0.12471095320	-0.09854919333
2.57500000000	-0.13717200090	-0.08140621858
2.58333333300	-0.14959599740	-0.05518597683
2.59166666700	-0.15586439150	-0.03512394578
2.60000000000	-0.16134737540	-0.00231156781
2.60833333300	-0.16151939180	0.01870575039
2.61666666700	-0.15446995350	0.04846371445
2.62500000000	-0.14715809500	0.06807120475
2.63333333300	-0.13211837260	0.09555186036
2.64166666700	-0.11883002040	0.11114133660
2.65000000000	-0.09645912085	0.13063807580
2.65833333300	-0.07909003848	0.14150628020
2.66666666700	-0.04943912001	0.15395433340
2.67500000000	-0.02892546656	0.15824617710
2.68333333300	0.00086442702	0.16046089640
2.69166666700	0.02166314921	0.15886674120
2.70000000000	0.05364696207	0.15056814220
2.70833333300	0.07249317026	0.14185479310
2.71666666700	0.09699244028	0.12546184590
2.72500000000	0.11220374990	0.11150009200
2.73333333300	0.13144323440	0.08628680467
2.74166666700	0.14097003570	0.06882837600
2.75000000000	0.14963992030	0.04239831972
2.75833333300	0.15315835780	0.02340418485
2.76666666700	0.15381972670	-0.00906930047
2.77500000000	0.15064671100	-0.02928797511
2.78333333300	0.14106855690	-0.05776640257
2.79166666700	0.13117360890	-0.07680557828
2.80000000000	0.11134156750	-0.10378329560
2.80833333300	0.09540540490	-0.11831617150
2.81666666700	0.06889737439	-0.13501609940
2.82500000000	0.04978863121	-0.14344018820
2.83333333300	0.01809703263	-0.15150532340
2.84166666700	-0.00293965901	-0.15306905680
2.85000000000	-0.03386728964	-0.15009202640
2.85833333300	-0.04735363980	-0.14793719250
2.86666666700	-0.07710839647	-0.13507454730
2.87500000000	-0.09449853680	-0.12370540500
2.88333333300	-0.11655959990	-0.10322855240
2.89166666700	-0.12983896540	-0.08577284420
2.90000000000	-0.14576487710	-0.05589386153
2.90833333300	-0.15212636600	-0.03580367376
2.91666666700	-0.15633926280	-0.00468911785
2.92500000000	-0.15599540500	0.01670144739
2.93333333300	-0.14950243550	0.04903396519
2.94166666700	-0.14147657110	0.06883134255
2.95000000000	-0.12606660440	0.09446700170
2.95833333300	-0.11269318940	0.11054272700
2.96666666700	-0.08752145428	0.13150017880
2.97500000000	-0.07005513403	0.14220643000
2.98333333300	-0.04352698751	0.15305117210
2.99166666700	-0.02363777922	0.15739761100
3.00000000000	0.00830315420	0.15922771360
3.00833333300	0.02850911336	0.15660001910
3.01666666700	0.05688944857	0.14831522290
3.02500000000	0.07534930815	0.14003318010
3.03333333300	0.10250925550	0.12228801220
3.04166666700	0.11707561800	0.10865593160
3.05000000000	0.13572617940	0.08442084239
3.05833333300	0.14523958840	0.06682365438
3.06666666700	0.15473925740	0.03815887070
3.07500000000	0.15819794990	0.01845263579
3.08333333300	0.15802648580	-0.01271318334
3.09166666700	0.15475255430	-0.03304028782
3.10000000000	0.14545449210	-0.06269022364
3.10833333300	0.13561855660	-0.08101719101
3.11666666700	0.11621917070	-0.10548140870
3.12500000000	0.10060071470	-0.12006177390
3.13333333300	0.07360483536	-0.13731766220
3.14166666700	0.05431406087	-0.14609141310
3.15000000000	0.02370629011	-0.15375890070
3.15833333300	0.00261857000	-0.15534096160
3.16666666700	-0.02964550065	-0.15215482350
3.17500000000	-0.05039503640	-0.14662781360
3.18333333300	-0.07844013825	-0.13370396360
3.19166666700	-0.09580322093	-0.12213338680
3.20000000000	-0.11935402810	-0.09948216782
3.20833333300	-0.13211829990	-0.08221121238
3.21666666700	-0.14602441400	-0.05527317200
3.22500000000	-0.15256975570	-0.03453444086
3.23333333300	-0.15714694390	-0.00147864839
3.24166666700	-0.15632757160	0.01943079811
3.25000000000	-0.15058972760	0.04777934457
3.25833333300	-0.14333254450	0.06722571475
3.26666666700	-0.12667746010	0.09508443169
3.27500000000	-0.11359931840	0.11127394850
3.28333333300	-0.09127796894	0.13071205920
3.29166666700	-0.07288955144	0.14166274570
3.30000000000	-0.04376151400	0.15357423360
3.30833333300	-0.02319521382	0.15776708590
3.31666666700	0.00858153130	0.15933529630
3.32500000000	0.02939119349	0.15693773630
3.33333333300	0.05950026062	0.14853435170
3.34166666700	0.07827236407	0.13975773330
3.35000000000	0.10418765690	0.12139547190
3.35833333300	0.11932851330	0.10663663110
3.36666666700	0.13652755670	0.08286071804
3.37500000000	0.14601575920	0.06492782903
3.38333333300	0.15557545040	0.03456574900
3.39166666700	0.15806092040	0.01451146001
3.40000000000	0.15755401750	-0.01435378836
3.40833333300	0.15364567560	-0.03433466169
3.41666666700	0.14280144010	-0.06452027102
3.42500000000	0.13298470910	-0.08271717679
3.43333333300	0.11507848320	-0.10610529150
3.44166666700	0.09966250147	-0.11989983840
3.45000000000	0.07324720413	-0.13772105940
3.45833333300	0.05408510641	-0.14593123670
3.46666666700	0.02469690733	-0.15349821840
3.47500000000	0.00411441762	-0.15521060920
3.48333333300	-0.02798815172	-0.15228215620
3.49166666700	-0.04846620568	-0.14679140760
3.50000000000	-0.07705537407	-0.13357457840
3.50833333300	-0.09483287575	-0.12135603030
3.51666666700	-0.11872560610	-0.09925392769
3.52500000000	-0.13147185760	-0.08228374879
3.53333333300	-0.14625086350	-0.05324944776
3.54166666700	-0.15286850290	-0.03294951675
3.55000000000	-0.15461458240	-0.00574221971
3.55833333300	-0.15438082430	0.01477862808
3.56666666700	-0.14779096560	0.04757366176
3.57500000000	-0.14027333240	0.06729893622
3.58333333300	-0.12596117640	0.08995616283
3.59166666700	-0.11344498860	0.10647063120
3.60000000000	-0.08846126785	0.12921928890
3.60833333300	-0.06377194735	0.14212011560
3.61666666700	-0.04442666092	0.14972555720
3.62500000000	-0.01109259167	0.15833676380
3.63333333300	0.00948427159	0.15878019460
3.64166666700	0.04045708480	0.15421584280
3.65000000000	0.06014659587	0.14791968800
3.65833333300	0.08636794208	0.13419944670
3.66666666700	0.10284547500	0.12224179050
3.67500000000	0.12470567390	0.09913851765
3.68333333300	0.13620026100	0.08277762501
3.69166666700	0.14866985970	0.05623780035
3.70000000000	0.15469559820	0.03653514707
3.70833333300	0.15861437580	0.00508664138
3.71666666700	0.15784206240	-0.01519326895
3.72500000000	0.15249077210	-0.04428045540
3.73333333300	0.14538920590	-0.06378120991
3.74166666700	0.12933706030	-0.09209713148
3.75000000000	0.11595066300	-0.10760958900
3.75833333300	0.09299881047	-0.12739133980
3.76666666700	0.07468846467	-0.13858797550
3.77500000000	0.04335121428	-0.15071006350
3.78333333300	0.02243303084	-0.15485421380
3.79166666700	-0.00780438333	-0.15601856350
3.80000000000	-0.02891893686	-0.15352886900
3.80833333300	-0.06069703985	-0.14407456870
3.81666666700	-0.07930037768	-0.13442232170
3.82500000000	-0.10348065290	-0.11669914960
3.83333333300	-0.11835708710	-0.10132043390
3.84166666700	-0.13746072490	-0.07435717766
3.85000000000	-0.14652209750	-0.05512300004
3.85833333300	-0.15506484140	-0.02498538952
3.86666666700	-0.15711497410	-0.00365649304
3.87500000000	-0.15541057090	0.02737472734
3.88333333300	-0.15087252860	0.04803149806
3.89166666700	-0.13837163720	0.07697166708
3.90000000000	-0.12710217840	0.09504810085
3.90833333300	-0.10587943010	0.11885263750
3.91666666700	-0.08943272069	0.13174883180
3.92500000000	-0.06349121350	0.14598040610
3.93333333300	-0.04452944685	0.15307537260
3.94166666700	-0.01246689978	0.15884714580
3.95000000000	0.00800456581	0.15903263460
3.95833333300	0.03657895188	0.15473256770
3.96666666700	0.05631886087	0.14856765800
3.97500000000	0.08522306514	0.13361943390
3.98333333300	0.10135740890	0.12145621250
3.99166666700	0.12148353790	0.10068019920
4.00000000000	0.13340029170	0.08405855133
4.00833333300	0.14742898400	0.05461001624
4.01666666700	0.15315760600	0.03475405906
4.02500000000	0.15649497190	0.00642873296
4.03333333300	0.15584750010	-0.01428507961
4.04166666700	0.14942946130	-0.04576362354
4.05000000000	0.14196659080	-0.06503890927
4.05833333300	0.12697525710	-0.09079772867
4.06666666700	0.11364760750	-0.10676055830
4.07500000000	0.08877930395	-0.12811289010
4.08333333300	0.07016588111	-0.13922020850
4.09166666700	0.04178198314	-0.15021772030
4.10000000000	0.02087295546	-0.15463425450
4.10833333300	-0.01295197884	-0.15580428720
4.11666666700	-0.03399844912	-0.15292390960
4.12500000000	-0.06267932152	-0.14378983980
4.13333333300	-0.08179359552	-0.13432234120
4.14166666700	-0.10817556350	-0.11447174200
4.15000000000	-0.12259850400	-0.09869075836
4.15833333300	-0.13903500230	-0.07391566747
4.16666666700	-0.14792616930	-0.05499682183
4.17500000000	-0.15670953240	-0.02354630836
4.18333333300	-0.15877275540	-0.00235633742
4.19166666700	-0.15652713100	0.02770638609
4.20000000000	-0.15167685720	0.04791517146
4.20833333300	-0.13837110140	0.07816214947
4.21666666700	-0.12649820940	0.09598694309
4.22500000000	-0.10655732070	0.11808352060
4.23333333300	-0.09014907808	0.13164903600
4.24166666700	-0.06201036443	0.14734302880
4.25000000000	-0.04242599508	0.15394985400
4.25833333300	-0.01356109457	0.15886988770
4.26666666700	0.00729081704	0.15915084230
4.27500000000	0.03968772414	0.15406881510
4.28333333300	0.05901487481	0.14741614900
4.29166666700	0.08480784970	0.13388751490
4.30000000000	0.10179922530	0.12139862750
4.30833333300	0.12384320220	0.09850986927
4.31666666700	0.13508202900	0.08184296011
4.32500000000	0.14726259690	0.05510949948
4.33333333300	0.15266391660	0.03586412515
4.34166666700	0.15619296020	0.00548419907
4.35000000000	0.15539148300	-0.01492211618
4.35833333300	0.14925391700	-0.04527637015
4.36666666700	0.14186964210	-0.06469653547
4.37500000000	0.12611087820	-0.09181937334
4.38333333300	0.11222471040	-0.10816627470
4.39166666700	0.08811079846	-0.12859527980
4.40000000000	0.06992295160	-0.13947273040
4.40833333300	0.03966176789	-0.15093388520
4.41666666700	0.01881435620	-0.15486421780
4.42500000000	-0.01237489285	-0.15578967230
4.43333333300	-0.03352428207	-0.15286707380
4.44166666700	-0.06504864006	-0.14274915870
4.45000000000	-0.08362002900	-0.13284175560
4.45833333300	-0.10706406210	-0.11531378870
4.46666666700	-0.12183617500	-0.09988467658
4.47500000000	-0.14055322640	-0.07204350819
4.48333333300	-0.14908065010	-0.05269021644
4.49166666700	-0.15670277220	-0.02320452958
4.50000000000	-0.15850520300	-0.00210781587
4.50833333300	-0.15604532280	0.03068263336
4.51666666700	-0.15099735910	0.05089328414
4.52500000000	-0.13873830040	0.07877109523
4.53333333300	-0.12720745870	0.09625207812
4.54166666700	-0.10520079650	0.12034947370
4.55000000000	-0.08903722053	0.13280222330
4.55833333300	-0.06272798033	0.14696260710
4.56666666700	-0.04322476178	0.15381742740
4.57500000000	-0.01111059167	0.15914204340
4.58333333300	0.00929097415	0.15921532850
4.59166666700	0.03921084265	0.15443589630
4.60000000000	0.05907821872	0.14779149840
4.60833333300	0.08644131755	0.13304502420
4.61666666700	0.10271911650	0.12054071900
4.62500000000	0.12382815270	0.09731721079
4.63333333300	0.13525220740	0.08037315075
4.64166666700	0.14732316790	0.05369785791
4.65000000000	0.15261201400	0.03405792120
4.65833333300	0.15558966320	0.00308716002
4.66666666700	0.15460956030	-0.01736252724
4.67500000000	0.14868857520	-0.04659921598
4.68333333300	0.14127256450	-0.06583409798
4.69166666700	0.12507213720	-0.09270022766
4.70000000000	0.11133366690	-0.10828778100
4.70833333300	0.08793904774	-0.12793594790
4.71666666700	0.07000044239	-0.13889930640
4.72500000000	0.03899190362	-0.15057692730
4.73333333300	0.01852873370	-0.15461348240
4.74166666700	-0.01338951974	-0.15542728890
4.75000000000	-0.03491837761	-0.15233535110
4.75833333300	-0.06635042889	-0.14193957160
4.76666666700	-0.08524337141	-0.13176035570
4.77500000000	-0.11067256170	-0.11211633930
4.78333333300	-0.12466569940	-0.09632492673
4.79166666700	-0.14146402020	-0.07052931779
4.80000000000	-0.14974505010	-0.05126401303
4.80833333300	-0.15736871190	-0.01982506151
4.81666666700	-0.15894021530	0.00080386222
4.82500000000	-0.15689155930	0.02959124186
4.83333333300	-0.15148191730	0.05003008673
4.84166666700	-0.13780334570	0.08012132362
4.85000000000	-0.12643614080	0.09772964691
4.85833333300	-0.10642920290	0.11943868980
4.86666666700	-0.08982331129	0.13253018490
4.87500000000	-0.06171084204	0.14773222860
4.88333333300	-0.04212932448	0.15442130320
4.89166666700	-0.01165579171	0.15961012830
4.90000000000	0.00896844692	0.15967688770
4.90833333300	0.03919284651	0.15469124060
4.91666666700	0.05857578925	0.14810400490
4.92500000000	0.08673498941	0.13278971260
4.93333333300	0.10277693210	0.12037347390
4.94166666700	0.12271267660	0.09894269556
4.95000000000	0.13405986260	0.08235926245
4.95833333300	0.14731346950	0.05371948313
4.96666666700	0.15247200130	0.03446595064
4.97500000000	0.15568992840	0.00601462717
4.98333333300	0.15460744480	-0.01452641872
4.99166666700	0.14787916230	-0.04655718151
5.00000000000	0.14035391350	-0.06629393978
5.00833333300	0.12515816620	-0.09178810083
5.01666666700	0.11179115880	-0.10778670850
5.02500000000	0.08581268386	-0.12870407980
5.03333333300	0.06740569868	-0.13930672000
5.04166666700	0.03906205418	-0.15008990490
5.05000000000	0.01807728522	-0.15394329870
5.05833333300	-0.01564271128	-0.15439048340
5.06666666700	-0.03635792369	-0.15130663750
5.07500000000	-0.06542357278	-0.14156897500
5.08333333300	-0.08417826472	-0.13196545330
5.09166666700	-0.10953797720	-0.11265230520
5.10000000000	-0.12400825940	-0.09678221455
5.10833333300	-0.14103850030	-0.07055882106
5.11666666700	-0.15000312240	-0.05082397887
5.12500000000	-0.15766491280	-0.02008465256
5.13333333300	-0.15904695410	0.00041282983
5.14166666700	-0.15624028200	0.03321649197
5.15000000000	-0.15099927760	0.05290060886
5.15833333300	-0.13792630550	0.08217018144
5.16666666700	-0.12609345300	0.09912701105
5.17500000000	-0.10436710340	0.12193669210
5.18333333300	-0.08832872662	0.13428986160
5.19166666700	-0.06119661306	0.14930788110
5.20000000000	-0.04153293093	0.15585158970
5.20833333300	-0.01206782986	0.16062157970
5.21666666700	0.00837039126	0.16056700520
5.22500000000	0.04027361320	0.15514733710
5.23333333300	0.05996036891	0.14836539250
5.24166666700	0.08527183622	0.13462690120
5.25000000000	0.10185702360	0.12216859870
5.25833333300	0.12406013940	0.09825578152
5.26666666700	0.13529763660	0.08141425103
5.27500000000	0.14703529750	0.05513862763
5.28333333300	0.15244183070	0.03547692850
5.29166666700	0.15569891520	0.00348429624
5.30000000000	0.15453230020	-0.01703452634
5.30833333300	0.14841821140	-0.04552889461
5.31666666700	0.14095832900	-0.06472344361
5.32500000000	0.12441592290	-0.09265608575
5.33333333300	0.11065868490	-0.10837636180
5.34166666700	0.08720239087	-0.12772271760
5.35000000000	0.06897968620	-0.13849275940
5.35833333300	0.03739260663	-0.15010939110
5.36666666700	0.01614537932	-0.15382606930
5.37500000000	-0.01431379698	-0.15425565920
5.38333333300	-0.03603299297	-0.15090269910
5.39166666700	-0.06774697826	-0.13990693810
5.40000000000	-0.08659117251	-0.12965520580
5.40833333300	-0.10987123500	-0.11165410550
5.41666666700	-0.12390080540	-0.09574514051
5.42500000000	-0.14168711680	-0.06849565279
5.43333333300	-0.14989095890	-0.04913375817
5.44166666700	-0.15718101660	-0.01889229129
5.45000000000	-0.15877226220	0.00173473028
5.45833333300	-0.15649170930	0.03433459039
5.46666666700	-0.15128724080	0.05367104962
5.47500000000	-0.13788621830	0.08214272572
5.48333333300	-0.12616138190	0.09921882695
5.49166666700	-0.10418911020	0.12256985640
5.50000000000	-0.08768479358	0.13516015130
5.50833333300	-0.06126487211	0.14911101630
5.51666666700	-0.04212033224	0.15558858800
5.52500000000	-0.00958143614	0.16070184710
5.53333333300	0.01092713633	0.16039419520
5.54166666700	0.03985505167	0.15544076670
5.55000000000	0.05945600551	0.14865080710
5.55833333300	0.08796929093	0.13280003320
5.56666666700	0.10436279990	0.11997886760
5.57500000000	0.12420406410	0.09820319912
5.58333333300	0.13563418590	0.08126383828
5.59166666700	0.14811377150	0.05289523534
5.60000000000	0.15327224000	0.03344659957
5.60833333300	0.15593474770	0.00476904567
5.61666666700	0.15475717230	-0.01635736347
5.62500000000	0.14787845680	-0.04807809342
5.63333333300	0.13983097380	-0.06742224822
5.64166666700	0.12632883350	-0.09464028774
5.65000000000	0.11256089830	-0.11046141820
5.65833333300	0.08692013112	-0.13161101740
5.66666666700	0.06870291695	-0.14189043270
5.67500000000	0.03953382792	-0.15246556540
5.68333333300	0.01840268945	-0.15591620040
5.69166666700	-0.01500082327	-0.15600401470
5.70000000000	-0.03622403535	-0.15236920890
5.70833333300	-0.06473313424	-0.14258076280
5.71666666700	-0.08304812405	-0.13252314270
5.72500000000	-0.10850945710	-0.11245352540
5.73333333300	-0.12280408870	-0.09672345325
5.74166666700	-0.13941086850	-0.07108329364
5.75000000000	-0.15153627140	-0.03992573070
5.75833333300	-0.15587160070	-0.01908111042
5.76666666700	-0.15685913730	0.01170475163
5.77500000000	-0.15449205890	0.03229187391
5.78333333300	-0.14514928980	0.06282388961
5.79166666700	-0.13527374420	0.08184217239
5.80000000000	-0.11754414090	0.10530587070
5.80833333300	-0.10262659220	0.12029792380
5.81666666700	-0.07544242923	0.13938383230
5.82500000000	-0.05698222860	0.14804263670
5.83333333300	-0.02833794805	0.15608907630
5.84166666700	-0.00760045054	0.15840037770
5.85000000000	0.02521067443	0.15665281080
5.85833333300	0.04549647080	0.15218579000
5.86666666700	0.07175892165	0.14148797670
5.87500000000	0.08977683238	0.13049857160
5.88333333300	0.11445756100	0.10924362390
5.89166666700	0.12759717280	0.09319299705
5.90000000000	0.14242931180	0.06751051942
5.90833333300	0.14969857270	0.04820146628
5.91666666700	0.15589395750	0.01795990956
5.92500000000	0.15690374820	-0.00226382394
5.93333333300	0.15289617840	-0.03236470621
5.94166666700	0.14717717950	-0.05211745837
5.95000000000	0.13445702770	-0.07978949409
5.95833333300	0.12275169640	-0.09683759084
5.96666666700	0.10138499330	-0.11900755720
5.97500000000	0.08467041596	-0.13145110710
5.98333333300	0.05722708490	-0.14563667830
5.99166666700	0.03678954254	-0.15188480620
6.00000000000	0.00656780677	-0.15619945880
6.00833333300	-0.01453348354	-0.15561270110
6.01666666700	-0.04648179191	-0.14913926490
6.02500000000	-0.06602773804	-0.14148561950
6.03333333300	-0.09250225095	-0.12621470990
6.04166666700	-0.10856286110	-0.11299942560
6.05000000000	-0.13063428390	-0.08735229291
6.05833333300	-0.14142986920	-0.06922577768
6.06666666700	-0.15239504750	-0.04092662772
6.07500000000	-0.15686533330	-0.02002042066
6.08333333300	-0.15851765270	0.01329901498
6.09166666700	-0.15549904770	0.03445432256
6.10000000000	-0.14694553500	0.06246707276
6.10833333300	-0.13717241300	0.08196061287
6.11666666700	-0.11742202390	0.10807528930
6.12500000000	-0.10307552770	0.12224583800
6.13333333300	-0.07879736358	0.13913676990
6.14166666700	-0.06008304603	0.14840231330
6.15000000000	-0.02899674857	0.15739726830
6.15833333300	-0.00843123292	0.15970028810
6.16666666700	0.02184435536	0.15816269930
6.17500000000	0.04248017892	0.15353922330
6.18333333300	0.07189897938	0.14166555290
6.19166666700	0.08942642748	0.13106016590
6.20000000000	0.11278421960	0.11079049970
6.20833333300	0.12604352690	0.09500788674
6.21666666700	0.14148490730	0.06908147730
6.22500000000	0.14867388030	0.05009862148
6.23333333300	0.15499684090	0.01910363493
6.24166666700	0.15567783950	-0.00152754617
6.25000000000	0.15257590270	-0.03073082340
6.25833333300	0.14725345140	-0.05083477389
6.26666666700	0.13347879100	-0.08024508251
6.27500000000	0.12159477300	-0.09691516762
6.28333333300	0.10041492070	-0.11876345350
6.29166666700	0.08361881512	-0.13116081390
6.30000000000	0.05346346809	-0.14608375480
6.30833333300	0.03323235665	-0.15215904480
6.31666666700	0.00213838546	-0.15572504550
6.32500000000	-0.01924965368	-0.15477148600
6.33333333300	-0.05176914898	-0.14805196110
6.34166666700	-0.07177778544	-0.13963602060
6.35000000000	-0.09861848644	-0.12233917210
6.35833333300	-0.11463058420	-0.10836307440
6.36666666700	-0.13386474380	-0.08480348371
6.37500000000	-0.14422800420	-0.06641189078
6.38333333300	-0.15525233360	-0.03595896233
6.39166666700	-0.15889104370	-0.01562490668
6.40000000000	-0.15981175500	0.01389134958
6.40833333300	-0.15713071860	0.03458864150
6.41666666700	-0.14657203700	0.06559124441
6.42500000000	-0.13666567920	0.08384198194
6.43333333300	-0.11912541880	0.10781047190
6.44166666700	-0.10371587480	0.12246543170
6.45000000000	-0.07723572186	0.14080756120
6.45833333300	-0.05852330920	0.14932486480
6.46666666700	-0.02918341389	0.15745487200
6.47500000000	-0.00834815306	0.15966044510
6.48333333300	0.02245680358	0.15782313420
6.49166666700	0.04273933621	0.15297122640
6.50000000000	0.07167206339	0.14083250550
6.50833333300	0.08951112927	0.12975768130
6.51666666700	0.11184733020	0.11028831700
6.52500000000	0.12453262940	0.09450015700
6.53333333300	0.14086372760	0.06684943224
6.54166666700	0.14760650030	0.04769143918
6.55000000000	0.15343679950	0.01897177977
6.55833333300	0.15435449140	-0.00126759811
6.56666666700	0.15016657600	-0.03338660344
6.57500000000	0.14436643370	-0.05334963023
6.58333333300	0.13235745190	-0.07974007783
6.59166666700	0.12030801510	-0.09669670842
6.60000000000	0.09698053418	-0.12029954330
6.60833333300	0.07990308308	-0.13232213140
6.61666666700	0.05350641736	-0.14541992920
6.62500000000	0.03325756519	-0.15156343790
6.63333333300	-0.00027264172	-0.15544495930
6.64166666700	-0.02147947897	-0.15434450100
6.65000000000	-0.05163371992	-0.14772175900
6.65833333300	-0.07143031570	-0.13981418950
6.66666666700	-0.10020759660	-0.12249500240
6.67500000000	-0.11683821520	-0.10830861930
6.68333333300	-0.13536153170	-0.08413407058
6.69166666700	-0.14548570860	-0.06548172108
6.70000000000	-0.15640959740	-0.03683032891
6.70833333300	-0.16036372270	-0.01640925685
6.71666666700	-0.16040897960	0.01519417699
6.72500000000	-0.15729701530	0.03640354185
6.73333333300	-0.14833555310	0.06513830650
6.74166666700	-0.13784393910	0.08388752757
6.75000000000	-0.11906501140	0.10852565200
6.75833333300	-0.10426830260	0.12307236190
6.76666666700	-0.07840797268	0.14096275970
6.77500000000	-0.05980396568	0.14955441510
6.78333333300	-0.03021746074	0.15762544530
6.79166666700	-0.00930299229	0.15971409640
6.80000000000	0.02269413596	0.15774844310
6.80833333300	0.04270994097	0.15285171280
6.81666666700	0.06987507650	0.14193347250
6.82500000000	0.08725636664	0.13105798700
6.83333333300	0.11136954330	0.10993607500
6.84166666700	0.12451510590	0.09398252281
6.85000000000	0.13903181160	0.06939189052
6.85833333300	0.14652254540	0.05027193994
6.86666666700	0.15302915320	0.01884810414
6.87500000000	0.15360653310	-0.00195383056
6.88333333300	0.14980853020	-0.03148215167
6.89166666700	0.14412606830	-0.05207286714
6.90000000000	0.13007850930	-0.08157581915
6.90833333300	0.11811268100	-0.09864847877
6.91666666700	0.09675453613	-0.11995133320
6.92500000000	0.07931125967	-0.13245148490
6.93333333300	0.04905822446	-0.14698419110
6.94166666700	0.02818336550	-0.15280141490
6.95000000000	-0.00122290222	-0.15569129900
6.95833333300	-0.02208053270	-0.15465185700
6.96666666700	-0.05541959333	-0.14742633240
6.97500000000	-0.07507484709	-0.13913429680
6.98333333300	-0.09970577107	-0.12327084520
6.99166666700	-0.11569828180	-0.10917201200
7.00000000000	-0.13647169420	-0.08346194363
7.00833333300	-0.14653654130	-0.06504800715
7.01666666700	-0.15630915110	-0.03590089524
7.02500000000	-0.15979370740	-0.01506081688
7.03333333300	-0.16111649950	0.01627849199
7.04166666700	-0.15785290390	0.03786377963
7.05000000000	-0.14680682420	0.06764093710
7.05833333300	-0.13749317120	0.08518721979
7.06666666700	-0.11862129670	0.11009352320
7.07500000000	-0.10354279420	0.12446597800
7.08333333300	-0.07877511113	0.14108327320
7.09166666700	-0.06043436256	0.14966894240
7.10000000000	-0.02984418518	0.15801755880
7.10833333300	-0.00878784754	0.15992195250
7.11666666700	0.02085974606	0.15755879000
7.12500000000	0.04150261208	0.15274377760
7.13333333300	0.07171866515	0.13982551020
7.14166666700	0.08877085561	0.12881168330
7.15000000000	0.11036250300	0.10962959970
7.15833333300	0.12284448280	0.09455158384
7.16666666700	0.13923677410	0.06674698097
7.17500000000	0.14622971870	0.04730489439
7.18333333300	0.15146341500	0.01893318110
7.19166666700	0.15216021750	-0.00155142745
7.20000000000	0.14876147130	-0.03337253203
7.20833333300	0.14307880430	-0.05363935092
7.21666666700	0.12919319490	-0.08149235077
7.22500000000	0.11724103340	-0.09875755511
7.23333333300	0.09394861897	-0.12147922600
7.24166666700	0.07621571371	-0.13337745550
7.25000000000	0.04842925103	-0.14651101690
7.25833333300	0.02784611548	-0.15228451740
7.26666666700	-0.00467461828	-0.15583975440
7.27500000000	-0.02592852663	-0.15439902210
7.28333333300	-0.05521136452	-0.14738838790
7.29166666700	-0.07490228955	-0.13931889610
7.30000000000	-0.10288974800	-0.12180444330
7.30833333300	-0.11856945620	-0.10737050510
7.31666666700	-0.13619505890	-0.08440519877
7.32500000000	-0.14638403950	-0.06589187965
7.33333333300	-0.15788831030	-0.03515456094
7.34166666700	-0.16135855980	-0.01416543632
7.35000000000	-0.16132995340	0.01595242627
7.35833333300	-0.15810569970	0.03701778920
7.36666666700	-0.14784858460	0.06768778018
7.37500000000	-0.13771590530	0.08648517181
7.38333333300	-0.11912272520	0.10968708790
7.39166666700	-0.10395818050	0.12421927820
7.40000000000	-0.07673697538	0.14250454600
7.40833333300	-0.05799236691	0.15080173010
7.41666666700	-0.03021431408	0.15792143760
7.42500000000	-0.00920671831	0.15994528280
7.43333333300	0.02326663687	0.15768214550
7.44166666700	0.04312119467	0.15290423280
7.45000000000	0.07014074245	0.14129212590
7.45833333300	0.08766639765	0.13009712870
7.46666666700	0.11165214030	0.10895602130
7.47500000000	0.12451058300	0.09316944751
7.48333333300	0.13886167270	0.06724344433
7.49166666700	0.14563887820	0.04882498214
7.50000000000	0.15206771080	0.01786638960
7.50833333300	0.15261132310	-0.00269311951
7.51666666700	0.14783150880	-0.03369823240
7.52500000000	0.14190895990	-0.05395827433
7.53333333300	0.12882967180	-0.08237362462
7.54166666700	0.11654172570	-0.09925081999
7.55000000000	0.09342866860	-0.12123711930
7.55833333300	0.07620375328	-0.13339704500
7.56666666700	0.04738962896	-0.14686644920
7.57500000000	0.02681366209	-0.15230064670
7.58333333300	-0.00470002165	-0.15534264510
7.59166666700	-0.02542329361	-0.15383514700
7.60000000000	-0.05728121838	-0.14633976320
7.60833333300	-0.07666284168	-0.13784380560
7.61666666700	-0.10259554370	-0.12148836930
7.62500000000	-0.11823431940	-0.10720473240
7.63333333300	-0.13796115360	-0.08169583542
7.64166666700	-0.14782958670	-0.06305815272
7.65000000000	-0.15758568570	-0.03465043836
7.65833333300	-0.16107226250	-0.01388765091
7.66666666700	-0.16151876270	0.01920852657
7.67500000000	-0.15793297990	0.04019812611
7.68333333300	-0.14793585760	0.06816554285
7.69166666700	-0.13785935890	0.08677700466
7.70000000000	-0.11708491400	0.11266033080
7.70833333300	-0.10168854650	0.12667722690
7.71666666700	-0.07767295373	0.14263105140
7.72500000000	-0.05857521431	0.15088199850
7.73333333300	-0.02742846927	0.15850367490
7.74166666700	-0.00679630455	0.16005636400
7.75000000000	0.02318350427	0.15767202180
7.75833333300	0.04304386455	0.15287218490
7.76666666700	0.07210040862	0.14058621800
7.77500000000	0.08908830874	0.12910073130
7.78333333300	0.11155912860	0.10846224710
7.79166666700	0.12446358620	0.09253647992
7.80000000000	0.13983279450	0.06629414489
7.80833333300	0.14672936310	0.04728456290
7.81666666700	0.15130178700	0.01757932266
7.82500000000	0.15345729770	-0.00707395160
7.83333333300	0.14871986360	-0.03390839442
7.84166666700	0.14288345010	-0.05445563294
7.85000000000	0.12745903080	-0.08411525655
7.85833333300	0.10921744530	-0.10778837770
7.86666666700	0.09303713522	-0.12197593430
7.87500000000	0.06434721933	-0.13988153300
7.88333333300	0.04507642476	-0.14784669160
7.89166666700	0.01487192232	-0.15453312810
7.90000000000	-0.00616394457	-0.15565870880
7.90833333300	-0.03861959830	-0.15211178900
7.91666666700	-0.05907696597	-0.14615259620
7.92500000000	-0.08704532178	-0.13237915970
7.93333333300	-0.10413653950	-0.12029350510
7.94166666700	-0.12663369370	-0.09826203580
7.95000000000	-0.13122035400	-0.08443189715
7.95833333300	-0.14644203320	-0.05442460858
7.96666666700	-0.15250016460	-0.03366507254
7.97500000000	-0.15628267530	-0.00371020816
7.98333333300	-0.15548540670	0.01760471314
7.99166666700	-0.14852753480	0.04949955226
8.00000000000	-0.14064433220	0.06900206868
8.00833333300	-0.12510661610	0.09383079411
8.01666666700	-0.11157903880	0.10968168170
8.02500000000	-0.08649451309	0.13086818130
8.03333333300	-0.06854912654	0.14143695880
8.04166666700	-0.04071084848	0.15176000060
8.05000000000	-0.02043192152	0.15599122110
8.05833333300	0.01104080651	0.15714495570
8.06666666700	0.03189663414	0.15441839580
8.07500000000	0.06084986882	0.14554033260
8.08333333300	0.07881507181	0.13648830110
8.09166666700	0.10380259080	0.11884764140
8.10000000000	0.11826793760	0.10429890910
8.10833333300	0.13687588300	0.07854314469
8.11666666700	0.14594227870	0.05992762671
8.12500000000	0.15452623420	0.03181111575
8.13333333300	0.15692614950	0.01146598042
8.14166666700	0.15599287760	-0.02050912613
8.15000000000	0.15203524270	-0.04109966560
8.15833333300	0.14231628410	-0.06855718037
8.16666666700	0.13252753710	-0.08626971376
8.17500000000	0.11203450920	-0.11112202780
8.18333333300	0.09595887116	-0.12499064980
8.19166666700	0.07130156069	-0.14070669470
8.20000000000	0.05188621214	-0.14860928060
8.20833333300	0.01977104156	-0.15646126670
8.21666666700	-0.00094834561	-0.15775916270
8.22500000000	-0.03188882622	-0.15432490960
8.23333333300	-0.05262699807	-0.14881896850
8.24166666700	-0.08158567462	-0.13550555220
8.25000000000	-0.09832702027	-0.12356440930
8.25833333300	-0.12159452500	-0.10043584990
8.26666666700	-0.13479029070	-0.08217282286
8.27500000000	-0.14813419370	-0.05518038930
8.28333333300	-0.15411926440	-0.03516911498
8.29166666700	-0.15779871380	-0.00268168324
8.30000000000	-0.15692043660	0.01840699532
8.30833333300	-0.15080079990	0.04710975037
8.31666666700	-0.14340200260	0.06655151026
8.32500000000	-0.12670235360	0.09377134452
8.33333333300	-0.11346379840	0.10932251580
8.34166666700	-0.09080627441	0.12888042440
8.35000000000	-0.07321366590	0.13990538920
8.35833333300	-0.04487041804	0.15125208410
8.36666666700	-0.02478671307	0.15572147140
8.37500000000	0.00726943332	0.15733273340
8.38333333300	0.02797234692	0.15474780960
8.39166666700	0.05690892374	0.14672189090
8.40000000000	0.07564640919	0.13777596500
8.40833333300	0.10242974130	0.11899776570
8.41666666700	0.11693822690	0.10457936920
8.42500000000	0.13508683590	0.08010422896
8.43333333300	0.14438731120	0.06144592337
8.44166666700	0.15379709680	0.03014347704
8.45000000000	0.15614129460	0.01012904027
8.45833333300	0.15522440330	-0.01915810682
8.46666666700	0.15138655970	-0.04016586518
8.47500000000	0.14005953490	-0.07140785501
8.48333333300	0.12966317390	-0.08984406604
8.49166666700	0.11074015630	-0.11271707990
8.50000000000	0.09457666372	-0.12675655490
8.50833333300	0.06592654969	-0.14436837890
8.51666666700	0.04590926096	-0.15184576020
8.52500000000	0.01664511250	-0.15787569030
8.53333333300	-0.00448736748	-0.15878923430
8.54166666700	-0.03816453508	-0.15472446370
8.55000000000	-0.05868754270	-0.14845120530
8.55833333300	-0.08531331542	-0.13468279130
8.56666666700	-0.10212015290	-0.12209995440
8.57500000000	-0.12514332220	-0.09951817129
8.58333333300	-0.13712987260	-0.08237481332
8.59166666700	-0.15018188430	-0.05277264995
8.60000000000	-0.15585880580	-0.03194347116
8.60833333300	-0.15971040710	-0.00131379116
8.61666666700	-0.15865213800	0.02001352259
8.62500000000	-0.15088888480	0.05186225289
8.63333333300	-0.14248100990	0.07112982926
8.64166666700	-0.12638299040	0.09629772151
8.65000000000	-0.11312238110	0.11208711590
8.65833333300	-0.08801628316	0.13201582020
8.66666666700	-0.07039000765	0.14187171810
8.67500000000	-0.04136910773	0.15258022530
8.68333333300	-0.02075697554	0.15643831020
8.69166666700	0.00912700069	0.15718597460
8.70000000000	0.02968029424	0.15450788160
8.70833333300	0.06064514760	0.14481849170
8.71666666700	0.07888616606	0.13542989270
8.72500000000	0.10207431090	0.11835395800
8.73333333300	0.11645706550	0.10394866400
8.74166666700	0.13570679740	0.07716534641
8.75000000000	0.14464607130	0.05849000056
8.75833333300	0.15246689680	0.02995733634
8.76666666700	0.15495923660	0.00905467688
8.77500000000	0.15385156330	-0.02282083421
8.78333333300	0.14941921920	-0.04376872895
8.79166666700	0.13812002130	-0.07250048389
8.80000000000	0.12745909020	-0.09043271639
8.80833333300	0.10661670130	-0.11488499020
8.81666666700	0.09033262850	-0.12863969910
8.82500000000	0.06365138743	-0.14414791200
8.83333333300	0.04378772090	-0.15175784790
8.84166666700	0.01149854631	-0.15819165840
8.85000000000	-0.00989495030	-0.15852077380
8.85833333300	-0.03987480446	-0.15410959020
8.86666666700	-0.06017597064	-0.14757114090
8.87500000000	-0.09045262939	-0.13238413750
8.88333333300	-0.10710463270	-0.11955674100
8.89166666700	-0.12681377150	-0.09715446552
8.90000000000	-0.13892736950	-0.07944784687
8.90833333300	-0.15322149250	-0.05015786423
8.91666666700	-0.15824820950	-0.02942264999
8.92500000000	-0.16005752720	0.00199509715
8.93333333300	-0.15842152050	0.02290632917
8.94166666700	-0.15166049830	0.05426229997
8.95000000000	-0.14249131690	0.07362186107
8.95833333300	-0.12541687940	0.09879920075
8.96666666700	-0.11187979430	0.11418598290
8.97500000000	-0.08689611341	0.13369647750
8.98333333300	-0.06853629643	0.14381566580
8.99166666700	-0.04006916483	0.15186604410
9.00000000000	-0.01981841857	0.15693556600
9.00833333300	0.01263004641	0.15732792320
9.01666666700	0.03238523257	0.15474419940
9.02500000000	0.06042701307	0.14518941120
9.03333333300	0.07847519268	0.13555191200
9.04166666700	0.10409832450	0.11550231140
9.05000000000	0.11817446270	0.10108825660
9.05833333300	0.13461058530	0.07666571524
9.06666666700	0.14337557170	0.05753059904
