t
0.00000000000
0.00833333333
0.01666666667
0.02500000000
0.03333333333
0.04166666667
0.05000000000
0.05833333333
0.06666666667
0.07500000000
0.08333333333
0.09166666667
0.10000000000
0.10833333330
0.11666666670
0.12500000000
0.13333333330
0.14166666670
0.15000000000
0.15833333330
0.16666666670
0.17500000000
0.18333333330
0.19166666670
0.20000000000
0.20833333330
0.21666666670
0.22500000000
0.23333333330
0.24166666670
0.25000000000
0.25833333330
0.26666666670
0.27500000000
0.28333333330
0.29166666670
0.30000000000
0.30833333330
0.31666666670
0.32500000000
0.33333333330
0.34166666670
0.35000000000
0.35833333330
0.36666666670
0.37500000000
0.38333333330
0.39166666670
0.40000000000
0.40833333330
0.41666666670
0.42500000000
0.43333333330
0.44166666670
0.45000000000
0.45833333330
0.46666666670
0.47500000000
0.48333333330
0.49166666670
0.50000000000
0.50833333330
0.51666666670
0.52500000000
0.53333333330
0.54166666670
0.55000000000
0.55833333330
0.56666666670
0.57500000000
0.58333333330
0.59166666670
0.60000000000
0.60833333330
0.61666666670
0.62500000000
0.63333333330
0.64166666670
0.65000000000
0.65833333330
0.66666666670
0.67500000000
0.68333333330
0.69166666670
0.70000000000
0.70833333330
0.71666666670
0.72500000000
0.73333333330
0.74166666670
0.75000000000
0.75833333330
0.76666666670
0.77500000000
0.78333333330
0.79166666670
0.80000000000
0.80833333330
0.81666666670
0.82500000000
0.83333333330
0.84166666670
0.85000000000
0.85833333330
0.86666666670
0.87500000000
0.88333333330
0.89166666670
0.90000000000
0.90833333330
0.91666666670
0.92500000000
0.93333333330
0.94166666670
0.95000000000
0.95833333330
0.96666666670
0.97500000000
0.98333333330
0.99166666670
1.00000000000
1.00833333300
1.01666666700
1.02500000000
1.03333333300
1.04166666700
1.05000000000
1.05833333300
1.06666666700
1.07500000000
1.08333333300
1.09166666700
1.10000000000
1.10833333300
1.11666666700
1.12500000000
1.13333333300
1.14166666700
1.15000000000
1.15833333300
1.16666666700
1.17500000000
1.18333333300
1.19166666700
1.20000000000
1.20833333300
1.21666666700
1.22500000000
1.23333333300
1.24166666700
1.25000000000
1.25833333300
1.26666666700
1.27500000000
1.28333333300
1.29166666700
1.30000000000
1.30833333300
1.31666666700
1.32500000000
1.33333333300
1.34166666700
1.35000000000
1.35833333300
1.36666666700
1.37500000000
1.38333333300
1.39166666700
1.40000000000
1.40833333300
1.41666666700
1.42500000000
1.43333333300
1.44166666700
1.45000000000
1.45833333300
1.46666666700
1.47500000000
1.48333333300
1.49166666700
1.50000000000
1.50833333300
1.51666666700
1.52500000000
1.53333333300
1.54166666700
1.55000000000
1.55833333300
1.56666666700
1.57500000000
1.58333333300
1.59166666700
1.60000000000
1.60833333300
1.61666666700
1.62500000000
1.63333333300
1.64166666700
1.65000000000
1.65833333300
1.66666666700
1.67500000000
1.68333333300
1.69166666700
1.70000000000
1.70833333300
1.71666666700
1.72500000000
1.73333333300
1.74166666700
1.75000000000
1.75833333300
1.76666666700
1.77500000000
1.78333333300
1.79166666700
1.80000000000
1.80833333300
1.81666666700
1.82500000000
1.83333333300
1.84166666700
1.85000000000
1.85833333300
1.86666666700
1.87500000000
1.88333333300
1.89166666700
1.90000000000
1.90833333300
1.91666666700
1.92500000000
1.93333333300
1.94166666700
1.95000000000
1.95833333300
1.96666666700
1.97500000000
1.98333333300
1.99166666700
2.00000000000
2.00833333300
2.01666666700
2.02500000000
2.03333333300
2.04166666700
2.05000000000
2.05833333300
2.06666666700
2.07500000000
2.08333333300
2.09166666700
2.10000000000
2.10833333300
2.11666666700
2.12500000000
2.13333333300
2.14166666700
2.15000000000
2.15833333300
2.16666666700
2.17500000000
2.18333333300
2.19166666700
2.20000000000
2.20833333300
2.21666666700
2.22500000000
2.23333333300
2.24166666700
2.25000000000
2.25833333300
2.26666666700
2.27500000000
2.28333333300
2.29166666700
2.30000000000
2.30833333300
2.31666666700
2.32500000000
2.33333333300
2.34166666700
2.35000000000
2.35833333300
2.36666666700
2.37500000000
2.38333333300
2.39166666700
2.40000000000
2.40833333300
2.41666666700
2.42500000000
2.43333333300
2.44166666700
2.45000000000
2.45833333300
2.46666666700
2.47500000000
2.48333333300
2.49166666700
2.50000000000
2.50833333300
2.51666666700
2.52500000000
2.53333333300
2.54166666700
2.55000000000
2.55833333300
2.56666666700
2.57500000000
2.58333333300
2.59166666700
2.60000000000
2.60833333300
2.61666666700
2.62500000000
2.63333333300
2.64166666700
2.65000000000
2.65833333300
2.66666666700
2.67500000000
2.68333333300
2.69166666700
2.70000000000
2.70833333300
2.71666666700
2.72500000000
2.73333333300
2.74166666700
2.75000000000
2.75833333300
2.76666666700
2.77500000000
2.78333333300
2.79166666700
2.80000000000
2.80833333300
2.81666666700
2.82500000000
2.83333333300
2.84166666700
2.85000000000
2.85833333300
2.86666666700
2.87500000000
2.88333333300
2.89166666700
2.90000000000
2.90833333300
2.91666666700
2.92500000000
2.93333333300
2.94166666700
2.95000000000
2.95833333300
2.96666666700
2.97500000000
2.98333333300
2.99166666700
3.00000000000
3.00833333300
3.01666666700
3.02500000000
3.03333333300
3.04166666700
3.05000000000
3.05833333300
3.06666666700
3.07500000000
3.08333333300
3.09166666700
3.10000000000
3.10833333300
3.11666666700
3.12500000000
3.13333333300
3.14166666700
3.15000000000
3.15833333300
3.16666666700
3.17500000000
3.18333333300
3.19166666700
3.20000000000
3.20833333300
3.21666666700
3.22500000000
3.23333333300
3.24166666700
3.25000000000
3.25833333300
3.26666666700
3.27500000000
3.28333333300
3.29166666700
3.30000000000
3.30833333300
3.31666666700
3.32500000000
3.33333333300
3.34166666700
3.35000000000
3.35833333300
3.36666666700
3.37500000000
3.38333333300
3.39166666700
3.40000000000
3.40833333300
3.41666666700
3.42500000000
3.43333333300
3.44166666700
3.45000000000
3.45833333300
3.46666666700
3.47500000000
3.48333333300
3.49166666700
3.50000000000
3.50833333300
3.51666666700
3.52500000000
3.53333333300
3.54166666700
3.55000000000
3.55833333300
3.56666666700
3.57500000000
3.58333333300
3.59166666700
3.60000000000
3.60833333300
3.61666666700
3.62500000000
3.63333333300
3.64166666700
3.65000000000
3.65833333300
3.66666666700
3.67500000000
3.68333333300
3.69166666700
3.70000000000
3.70833333300
3.71666666700
3.72500000000
3.73333333300
3.74166666700
3.75000000000
3.75833333300
3.76666666700
3.77500000000
3.78333333300
3.79166666700
3.80000000000
3.80833333300
3.81666666700
3.82500000000
3.83333333300
3.84166666700
3.85000000000
3.85833333300
3.86666666700
3.87500000000
3.88333333300
3.89166666700
3.90000000000
3.90833333300
3.91666666700
3.92500000000
3.93333333300
3.94166666700
3.95000000000
3.95833333300
3.96666666700
3.97500000000
3.98333333300
3.99166666700
4.00000000000
4.00833333300
4.01666666700
4.02500000000
4.03333333300
4.04166666700
4.05000000000
4.05833333300
4.06666666700
4.07500000000
4.08333333300
4.09166666700
4.10000000000
4.10833333300
4.11666666700
4.12500000000
4.13333333300
4.14166666700
4.15000000000
4.15833333300
4.16666666700
4.17500000000
4.18333333300
4.19166666700
4.20000000000
4.20833333300
4.21666666700
4.22500000000
4.23333333300
4.24166666700
4.25000000000
4.25833333300
4.26666666700
4.27500000000
4.28333333300
4.29166666700
4.30000000000
4.30833333300
4.31666666700
4.32500000000
4.33333333300
4.34166666700
4.35000000000
4.35833333300
4.36666666700
4.37500000000
4.38333333300
4.39166666700
4.40000000000
4.40833333300
4.41666666700
4.42500000000
4.43333333300
4.44166666700
4.45000000000
4.45833333300
4.46666666700
4.47500000000
4.48333333300
4.49166666700
4.50000000000
4.50833333300
4.51666666700
4.52500000000
4.53333333300
4.54166666700
4.55000000000
4.55833333300
4.56666666700
4.57500000000
4.58333333300
4.59166666700
4.60000000000
4.60833333300
4.61666666700
4.62500000000
4.63333333300
4.64166666700
4.65000000000
4.65833333300
4.66666666700
4.67500000000
4.68333333300
4.69166666700
4.70000000000
4.70833333300
4.71666666700
4.72500000000
4.73333333300
4.74166666700
4.75000000000
4.75833333300
4.76666666700
4.77500000000
4.78333333300
4.79166666700
4.80000000000
4.80833333300
4.81666666700
4.82500000000
4.83333333300
4.84166666700
4.85000000000
4.85833333300
4.86666666700
4.87500000000
4.88333333300
4.89166666700
4.90000000000
4.90833333300
4.91666666700
4.92500000000
4.93333333300
4.94166666700
4.95000000000
4.95833333300
4.96666666700
4.97500000000
4.98333333300
4.99166666700
5.00000000000
5.00833333300
5.01666666700
5.02500000000
5.03333333300
5.04166666700
5.05000000000
5.05833333300
5.06666666700
5.07500000000
5.08333333300
5.09166666700
5.10000000000
5.10833333300
5.11666666700
5.12500000000
5.13333333300
5.14166666700
5.15000000000
5.15833333300
5.16666666700
5.17500000000
5.18333333300
5.19166666700
5.20000000000
5.20833333300
5.21666666700
5.22500000000
5.23333333300
5.24166666700
5.25000000000
5.25833333300
5.26666666700
5.27500000000
5.28333333300
5.29166666700
5.30000000000
5.30833333300
5.31666666700
5.32500000000
5.33333333300
5.34166666700
5.35000000000
5.35833333300
5.36666666700
5.37500000000
5.38333333300
5.39166666700
5.40000000000
5.40833333300
5.41666666700
5.42500000000
5.43333333300
5.44166666700
5.45000000000
5.45833333300
5.46666666700
5.47500000000
5.48333333300
5.49166666700
5.50000000000
5.50833333300
5.51666666700
5.52500000000
5.53333333300
5.54166666700
5.55000000000
5.55833333300
5.56666666700
5.57500000000
5.58333333300
5.59166666700
5.60000000000
5.60833333300
5.61666666700
5.62500000000
5.63333333300
5.64166666700
5.65000000000
5.65833333300
5.66666666700
5.67500000000
5.68333333300
5.69166666700
5.70000000000
5.70833333300
5.71666666700
5.72500000000
5.73333333300
5.74166666700
5.75000000000
5.75833333300
5.76666666700
5.77500000000
5.78333333300
5.79166666700
5.80000000000
5.80833333300
5.81666666700
5.82500000000
5.83333333300
5.84166666700
5.85000000000
5.85833333300
5.86666666700
5.87500000000
5.88333333300
5.89166666700
5.90000000000
5.90833333300
5.91666666700
5.92500000000
5.93333333300
5.94166666700
5.95000000000
5.95833333300
5.96666666700
5.97500000000
5.98333333300
5.99166666700
6.00000000000
6.00833333300
6.01666666700
6.02500000000
6.03333333300
6.04166666700
6.05000000000
6.05833333300
6.06666666700
6.07500000000
6.08333333300
6.09166666700
6.10000000000
6.10833333300
6.11666666700
6.12500000000
6.13333333300
6.14166666700
6.15000000000
6.15833333300
6.16666666700
6.17500000000
6.18333333300
6.19166666700
6.20000000000
6.20833333300
6.21666666700
6.22500000000
6.23333333300
6.24166666700
6.25000000000
6.25833333300
6.26666666700
6.27500000000
6.28333333300
6.29166666700
6.30000000000
6.30833333300
6.31666666700
6.32500000000
6.33333333300
6.34166666700
6.35000000000
6.35833333300
6.36666666700
6.37500000000
6.38333333300
6.39166666700
6.40000000000
6.40833333300
6.41666666700
6.42500000000
6.43333333300
6.44166666700
6.45000000000
6.45833333300
6.46666666700
6.47500000000
6.48333333300
6.49166666700
6.50000000000
6.50833333300
6.51666666700
6.52500000000
6.53333333300
6.54166666700
6.55000000000
6.55833333300
6.56666666700
6.57500000000
6.58333333300
6.59166666700
6.60000000000
6.60833333300
6.61666666700
6.62500000000
6.63333333300
6.64166666700
6.65000000000
6.65833333300
6.66666666700
6.67500000000
6.68333333300
6.69166666700
6.70000000000
6.70833333300
6.71666666700
6.72500000000
6.73333333300
6.74166666700
6.75000000000
6.75833333300
6.76666666700
6.77500000000
6.78333333300
6.79166666700
6.80000000000
6.80833333300
6.81666666700
6.82500000000
6.83333333300
6.84166666700
6.85000000000
6.85833333300
6.86666666700
6.87500000000
6.88333333300
6.89166666700
6.90000000000
6.90833333300
6.91666666700
6.92500000000
6.93333333300
6.94166666700
6.95000000000
6.95833333300
6.96666666700
6.97500000000
6.98333333300
6.99166666700
7.00000000000
7.00833333300
7.01666666700
7.02500000000
7.03333333300
7.04166666700
7.05000000000
7.05833333300
7.06666666700
7.07500000000
7.08333333300
7.09166666700
7.10000000000
7.10833333300
7.11666666700
7.12500000000
7.13333333300
7.14166666700
7.15000000000
7.15833333300
7.16666666700
7.17500000000
7.18333333300
7.19166666700
7.20000000000
7.20833333300
7.21666666700
7.22500000000
7.23333333300
7.24166666700
7.25000000000
7.25833333300
7.26666666700
7.27500000000
7.28333333300
7.29166666700
7.30000000000
7.30833333300
7.31666666700
7.32500000000
7.33333333300
7.34166666700
7.35000000000
7.35833333300
7.36666666700
7.37500000000
7.38333333300
7.39166666700
7.40000000000
7.40833333300
7.41666666700
7.42500000000
7.43333333300
7.44166666700
7.45000000000
7.45833333300
7.46666666700
7.47500000000
7.48333333300
7.49166666700
7.50000000000
7.50833333300
7.51666666700
7.52500000000
7.53333333300
7.54166666700
7.55000000000
7.55833333300
7.56666666700
7.57500000000
7.58333333300
7.59166666700
7.60000000000
7.60833333300
7.61666666700
7.62500000000
7.63333333300
7.64166666700
7.65000000000
7.65833333300
7.66666666700
7.67500000000
7.68333333300
7.69166666700
7.70000000000
7.70833333300
7.71666666700
7.72500000000
7.73333333300
7.74166666700
7.75000000000
7.75833333300
7.76666666700
7.77500000000
7.78333333300
7.79166666700
7.80000000000
7.80833333300
7.81666666700
7.82500000000
7.83333333300
7.84166666700
7.85000000000
7.85833333300
7.86666666700
7.87500000000
7.88333333300
7.89166666700
7.90000000000
7.90833333300
7.91666666700
7.92500000000
7.93333333300
7.94166666700
7.95000000000
7.95833333300
7.96666666700
7.97500000000
7.98333333300
7.99166666700
8.00000000000
8.00833333300
8.01666666700
8.02500000000
8.03333333300
8.04166666700
8.05000000000
8.05833333300
8.06666666700
8.07500000000
8.08333333300
8.09166666700
8.10000000000
8.10833333300
8.11666666700
8.12500000000
8.13333333300
8.14166666700
8.15000000000
8.15833333300
8.16666666700
8.17500000000
8.18333333300
8.19166666700
8.20000000000
8.20833333300
8.21666666700
8.22500000000
8.23333333300
8.24166666700
8.25000000000
8.25833333300
8.26666666700
8.27500000000
8.28333333300
8.29166666700
8.30000000000
8.30833333300
8.31666666700
8.32500000000
8.33333333300
8.34166666700
8.35000000000
8.35833333300
8.36666666700
8.37500000000
8.38333333300
8.39166666700
8.40000000000
8.40833333300
8.41666666700
8.42500000000
8.43333333300
8.44166666700
8.45000000000
8.45833333300
8.46666666700
8.47500000000
8.48333333300
8.49166666700
8.50000000000
8.50833333300
8.51666666700
8.52500000000
8.53333333300
8.54166666700
8.55000000000
8.55833333300
8.56666666700
8.57500000000
8.58333333300
8.59166666700
8.60000000000
8.60833333300
8.61666666700
8.62500000000
8.63333333300
8.64166666700
8.65000000000
8.65833333300
8.66666666700
8.67500000000
8.68333333300
8.69166666700
8.70000000000
8.70833333300
8.71666666700
8.72500000000
8.73333333300
8.74166666700
8.75000000000
8.75833333300
8.76666666700
8.77500000000
8.78333333300
8.79166666700
8.80000000000
8.80833333300
8.81666666700
8.82500000000
8.83333333300
8.84166666700
8.85000000000
8.85833333300
8.86666666700
8.87500000000
8.88333333300
8.89166666700
8.90000000000
8.90833333300
8.91666666700
8.92500000000
8.93333333300
8.94166666700
8.95000000000
8.95833333300
8.96666666700
8.97500000000
8.98333333300
8.99166666700
9.00000000000
9.00833333300
9.01666666700
9.02500000000
9.03333333300
9.04166666700
9.05000000000
9.05833333300
9.06666666700
