th
63.95140397174524
64.04044791805222
64.14654535194875
63.634916594698495
63.07924439514944
62.98230101525841
62.48062317377667
62.3990347621347
62.41718868629191
62.552332558521634
62.8120717628314
63.38353221142536
63.101439744586116
62.913746101884854
63.16790267153335
64.04744714465193
63.956515760167505
64.10232713925048
63.97321917986788
64.12647600029013
64.27075733810764
65.11572193329985
65.0125898537553
65.12269212265873
65.10446346830027
65.19050991487106
65.09664476756353
64.99344477905655
64.96223310154014
65.18360986396321
65.36066104812049
65.5816040416428
65.71763424484429
65.57143934980864
65.30367450199907
64.84686796259074
64.60882027248095
64.29133805121204
64.17481502306329
64.07479180004448
63.880142282748494
64.0223215229817
63.69304003785279
63.59989144868104
63.39473888970531
63.442067602099065
63.49293267392638
63.43302180084509
63.37841032606031
63.578961331452284
63.320620431022384
63.424975127937365
63.552097193158865
63.7678137543859
63.8844879506929
64.12593648682662
64.37198321310541
64.44965897567818
64.49904948394163
64.69847177056614
64.55964717161743
64.68845164287558
64.93558807692433
65.10288832263012
65.0372500795635
65.13750045071617
65.17881218170871
64.65202825164887
64.61117477253266
64.6816409517348
64.3130512051947
63.89442628671855
64.15921118267833
64.32496381631641
64.26273931074161
63.954169669733126
63.98508814326835
63.98480580878018
63.872014921195
63.99001244689693
64.10910306126476
63.75265046205852
63.823620514958186
64.1005608460902
63.82947811753195
64.40062101740305
64.63623777525878
64.60968655281393
64.37072299283366
64.49922712704272
64.50264550922353
64.2438916457907
64.22671322491031
64.04562512521565
64.04201494774149
63.83561098524782
63.84149844174096
63.737671517170526
63.42922765103501
62.864939990568026
62.768901584602965
62.728420551442134
62.27651628652548
61.67985723607656
61.99760075200105
62.14239210279822
62.219284051074496
62.377032294980744
62.404307463716975
62.59988237657652
62.888166421238964
63.284681815447875
63.608036829883694
63.918672270922166
64.11268352934331
64.68491674255657
65.10713483082137
65.29760812558287
65.54273953820922
66.14506463986156
66.29020593816324
66.28089159574162
66.32715356134457
66.86522797543415
66.94708497499632
67.00307720887056
66.78116104783197
66.9134999949693
66.70251819663643
66.2433083045551
65.71004455565799
65.05997889002418
64.8003245085028
64.36659864201756
64.02016012483253
63.68287244804022
63.099040822144815
62.613179244305094
62.220121231625924
61.90482377244964
61.80378841177389
64.93223187834145
64.68794592059452
64.72006731898897
64.689803834134
64.47846056370298
64.18794106181238
63.77219920118248
63.694331960957065
63.468853946730704
63.2020952201665
62.9731911017577
62.498701684675495
62.515856474906755
62.37371353153142
61.76589467760953
61.67517578266797
62.073269944602664
62.15610808133888
62.83826437900876
62.90403965257946
62.97913178367214
63.5565606851782
64.66246450331782
64.7668876444017
64.53490953346987
64.62795875515228
65.28011980355198
65.57340703061236
66.06685707259516
66.42848174434653
66.23254117256161
66.05680916403315
65.80871130326335
65.83793570147091
65.84498161859311
65.911017718932
65.97390701782554
65.89011309167765
65.65118121409574
65.61619555086341
65.471806663713
65.32481152326834
64.95229790892853
65.24319319741642
65.33160911573903
65.24899770838708
64.99113358087718
64.50640591295381
64.35144006065342
64.27503848179622
64.11727732108088
63.80803301244995
63.6265679401476
63.394117611162294
63.27396628807705
62.84595386437061
62.96913671237842
63.10288886892361
63.13722991764071
63.116624312232304
62.67948986331799
62.54166197103224
62.75673330199448
63.07816119360096
63.34515863509567
63.55426605948556
63.483284206006715
63.64323326464722
63.823511412003825
64.19766535130397
64.19845096721691
64.38365718060138
64.32748000502957
64.62865679178496
64.88902342373687
64.27702761690341
64.26998179862808
64.33182526868167
64.25563118400397
64.44813938955997
64.61374485966023
64.65355852320604
64.69110374820076
64.82409714312843
64.61800074690674
64.6889846610884
64.79467383764566
64.99560601214709
64.78123143578925
64.48110373411457
64.58272686091064
64.48238011840158
64.40741791123446
64.60119681022337
64.2169472627509
64.5279911978985
64.581557444344
64.30011201058028
64.49673697167967
64.77732859504846
64.50122841483602
64.60054170679003
64.47866731471915
64.72237448580805
64.99642334660749
64.9870745678883
64.8095812776771
64.64371349283569
64.42844346860537
64.10853636466983
63.691036106888475
63.18506077475949
63.21970510549281
63.011689721973084
62.74575614201242
62.329765769322634
62.109624835145944
62.53230827602394
62.71236789941804
62.822921710860825
63.02664910793592
63.349679129963796
63.46738709226846
63.73178177203399
64.11368178125049
64.39005490328564
64.43501619058553
65.30312648668149
65.5655802428614
65.63541523324628
65.67392465510827
66.73666015805621
67.02912177805412
66.17365606077979
66.71189001854863
68.87802163127442
68.83345961928511
67.63560836712011
67.01517554588895
67.28672232795783
66.84820441372895
66.11552918626656
65.87123658582607
65.39913762313613
64.95967170092531
64.46001975827116
64.28041116956153
63.79170938658665
63.46797979765784
63.388996404071776
62.858579645905024
62.30362385793841
61.95210371335952
61.24258821747315
60.87886302386137
60.80852527700927
60.902413103843074
60.722989923061945
60.98585152560193
61.29703661859682
61.54375844118727
61.859713623414436
62.19546965807538
62.776567495640734
63.28178005849602
63.78350423391832
64.26267560116656
65.26868464059183
65.7107074062573
65.6641453952509
65.92164463273447
67.23202667615809
68.30066542345196
67.68481466177602
67.89731700245896
68.70396870706011
68.39491252824132
68.11680541114998
67.87067835471555
67.51611967115025
66.81611468104806
66.48170631636485
66.37830482667157
65.975336781743
65.5487179726385
64.98296451312494
64.6761383724884
63.95947176799187
63.69282665809242
62.71602440650452
62.29461611438703
61.70229527994575
61.2773304120026
60.583612641061386
60.29655685814007
60.43216080687428
60.28633244455207
60.01608674742398
60.18450068118698
60.68007042454156
61.02623590981972
61.54982897011851
62.57404560703278
62.718584361851846
62.815517452925434
62.83686945738087
62.77442134592844
63.13565951809123
63.258403613297
63.35074169999227
63.70132398352531
64.03679843693534
64.03220225841962
64.18323997222888
64.42900768377551
64.50802588847125
64.93949827692514
65.40310658281189
65.43647298156165
65.65904509231056
65.44533908770603
65.19257838785416
65.32299643150016
65.75908371650233
65.88502930668905
65.97461336045254
66.003465338236
65.60411501423236
65.52154221900084
64.94828749664296
64.71986539586001
64.83405522983487
64.51736058875376
63.74779241148595
63.51766919538688
62.909568758283115
62.95321390421798
62.7483310165945
62.59668355559191
62.35080402909528
62.37226767311998
62.350028373491845
62.49870304793772
62.60679109447667
62.771641105593105
63.15127963894061
63.36522370025507
63.89931127574656
64.18100278612086
64.52688457268695
64.7768441426633
64.83686167418459
65.3227177739148
65.6463506346878
65.55660909729315
65.85319630224576
65.67415451470927
65.75627015337359
65.83610997388111
66.1113998353168
66.25332929898472
66.08411099632706
66.13144177531736
65.8671251106389
65.94381446995344
65.59957583757627
65.09452881881134
64.69392033423442
64.10948607657467
63.564063493905955
63.498293802937305
63.43820004055088
62.98988110405001
63.04461432047052
62.78819018121847
62.67452518534198
62.52712481256677
62.22185119561087
62.04865758902799
61.78515665171375
61.65257092203241
62.16272758358676
62.40891657357762
62.796688603608715
63.328572933663374
62.14354502860619
62.40067270435771
62.52292247925036
62.75285104492612
62.18814747239777
62.75286517354003
63.48882274122023
62.88921562175098
63.18197620286797
65.09389043206139
65.35825512880916
65.65131077845841
65.84751261392879
65.7750980887075
65.90368593658566
65.5534569481524
65.60985783893625
65.270289779706
65.2706041671613
65.07141049074187
64.9750169901003
65.14442169541846
65.12448644379575
65.13403007385034
64.68201306185321
64.32796179872828
64.10741697546209
63.65271335770203
63.39537302772061
63.20807541282822
63.219045617942136
63.298645119310535
63.10408340290837
63.032331828890655
62.91053378537653
63.25865147019887
63.45195469761674
63.8331373674533
63.90200261579379
64.38668005077601
64.79147805363273
64.79585468500396
65.08294234510103
65.44550646751605
65.49395770523581
65.45790781519698
65.64045302241404
65.57304983451353
65.49268311947652
65.30667091313389
65.21800543368066
64.9071702420174
64.68335853551038
64.36972113828716
64.28999860460345
63.94719543461941
63.82302822360204
63.509868999445295
63.41742918712128
63.25639902026637
63.1659531958584
63.12503353826478
63.001465767691684
62.9577395931368
62.98278841498429
62.995689506254536
63.07979694516957
63.301249736698466
63.5323981973906
63.679452749673025
63.98306949976567
64.15683269531272
64.07234785325096
64.129483015881
64.39863435477942
64.89543783501048
65.14477948609155
65.2776003364183
65.35981285009538
65.24682644650434
65.14710973019314
65.35104541114673
65.7486397992713
65.99167067111826
65.85421693781021
65.6618783730324
65.55890960143951
65.38594589477252
65.14462313072737
64.90988383636834
64.8672123991106
64.72306177620436
64.4914697457753
63.96087777487534
63.65190397955715
63.26302001735669
63.130228392575475
63.03174024425115
62.99924930103598
63.05042072213404
62.95693382124381
62.970635027369724
63.06688916877843
63.09523416961625
63.05541102374411
63.256601127981654
63.41675821299257
63.68988723864364
63.76198603813209
64.0479112966928
64.19326083163064
64.49159452740521
64.62620508715473
64.85140258940784
64.93450505918467
65.33472803013808
65.5792354953964
65.73584437951436
65.7183674396211
65.98147893893282
66.01383613975254
65.93522710790552
65.92360579773036
65.72694112602449
65.692531136768
65.57329064996544
65.43600380971611
65.04373128673001
64.81998171091324
64.15282390383057
64.03132086348732
63.640307531736596
63.31905666427563
62.78025344744057
62.75243481527604
62.92333898167786
62.95170735977933
62.823277694899076
62.55951611784952
62.51254913082843
62.723730883640286
62.725339261260096
62.85153923333034
63.055446732525525
63.26077348205905
63.55023242908399
63.73364789229648
64.18726396367896
64.19093605536806
64.59035649130819
64.74789384442349
65.00673954415271
65.26344862238896
65.82936724477486
65.72730463214192
65.62613421273079
65.94621875174357
66.0862500871659
66.18663061442494
66.18805445864369
66.15712066120047
66.13292158881903
66.04680771307544
65.76646504940794
65.51863570334757
65.00215142624654
64.75102621014842
64.25789604539925
64.0362920144174
63.63905059141657
63.28466795965251
62.913531451969476
62.543622611785544
62.364168329735136
62.497072807563676
62.486830350337634
62.54535774170342
62.120714320925096
62.16902305025026
62.4028984735275
62.3402950817912
62.4674135794953
62.77547779431991
63.02094995204645
63.43696268455527
63.879811186100255
64.0119419819796
64.31137156661667
64.82661908167866
65.26093754443126
65.34592162976877
65.88891581533815
66.10261329025059
66.55121661491806
66.42366693576218
66.51394297655384
66.70567405491441
67.23084683578026
67.17018325679759
66.98821558731585
66.74715571533748
66.33941210354507
66.12353104735324
65.59255680322354
65.35558486855133
64.7322298859194
64.46333599967556
63.81015322451465
63.42822406653215
62.86455744771981
62.67169619039038
62.51246422754198
62.41554862834754
62.42944842859291
62.261771975371175
62.09535820702006
62.1430906540602
62.12632606819981
62.10844081698159
62.28201601421904
62.44205667162537
62.65609703792939
62.98969175643177
63.52468732862776
63.47833471479183
64.06434271055828
64.33777033420854
64.77508647870756
65.13815871369223
66.27803765773137
66.53278920572053
66.51135165358949
66.51399608622096
66.8166450990145
67.01933888588374
67.09905819191205
67.08458224549031
66.91541467342677
66.73136002900812
66.48633559184762
66.18562242484383
65.53978897540306
65.32228853756939
64.79384049242293
64.62413861640296
63.98997967365164
63.695554012340814
63.0588463871754
62.779498816251724
62.69265166596318
62.507015925121166
64.42014046917372
64.31442474580855
64.3261336105161
64.26968055631367
64.16384339049254
63.78388177405719
63.58087007711119
63.501789824717974
63.48093613456303
63.34005902333064
63.24854246417494
63.286200027044025
63.40742142872995
63.56920011889297
63.81109263435735
64.00468652176137
64.40766000709363
64.65970298732101
64.61612668596324
64.39659274968882
64.63226680819037
64.91274563155238
65.02054900424181
65.02847344989986
64.9835461115095
65.0500933240452
65.18429922845897
65.0317767126352
64.8405778491799
64.70700174030789
64.54096047716001
64.2476662029837
63.98392478616295
63.72954814377142
63.725840353590556
63.25929122466332
63.14918712855323
63.306670792637576
63.30770172752027
63.298886411294795
63.31463649590765
63.39984219565559
63.25405188887954
63.29816746039492
63.26352670401362
63.2089513359243
63.1503271229989
63.404137110863346
63.56323828622698
63.895501441650374
64.1303370416154
64.38048481751368
64.64131061217827
65.3671631717363
65.52145058333709
65.84069409384323
65.93775356000438
65.77331554080507
66.02530336814235
66.02393259039232
66.18850935908793
66.14167248951445
66.04208378298787
65.83440680295006
65.55074542212259
65.20431458580231
65.045622056681
64.61054281155755
64.41464274998593
64.11988645622259
63.70200658052289
63.176165759977145
62.82684957856122
62.79432082894224
62.8955916465729
62.86817221879382
62.68874494816883
62.71187077471425
62.7287516754004
62.7368844438377
62.87025477834054
62.86587105760527
63.02729825779964
63.66818606209931
63.78800836137073
63.88778362004474
64.34088816074892
64.89323268545299
65.13966906515097
65.59416146876822
65.82911308209425
66.44164541266173
66.8365463592661
66.5767714636363
66.37589017923733
66.64966510794532
66.49786343547136
66.59358053291919
66.41644563144234
66.21508573554866
66.00651344078416
65.634250520547
65.17546876273735
64.55230472672223
64.26086140791294
63.84250595023513
63.2917560806586
62.996472770477524
62.4241596316602
62.06241757737474
61.89130867595466
61.52762697705163
61.57940897281848
62.004138414053834
61.88535779966502
62.0046553453842
62.041787000025444
62.305194200774416
62.45925714826541
62.65519214722503
62.932142159243234
63.40633296332896
63.788076476271435
64.73579541606509
65.55836059815512
65.60647484642698
65.73770652098871
66.66630710521724
67.09464192219623
67.03239143572958
67.30880429666207
67.7828179633323
67.2313711556089
67.01258493760132
67.18060372851401
67.17962142189121
66.98331017994673
66.50838163989924
66.09221424266292
65.60226963358534
65.07971068552095
64.68989557346622
64.11902889186139
63.40950337889601
63.0549947313652
62.61364624536049
62.27390861254349
61.770505879401
61.38081268620099
61.01507648378339
61.12596181359888
61.3280018646652
61.56662229127923
61.71799047700184
61.90651865244697
62.30785231631033
62.60791030430878
62.83457042528522
63.21283294636631
64.15712491820578
64.6099878556393
64.95547427975926
65.36694243888863
66.08030195884747
66.36879618266623
66.41270079902752
66.51345154244669
67.72163567388102
68.06421245899688
67.46686010623861
67.55604574277677
67.63664816954022
67.69331579108086
67.42056460802154
67.27081175672615
66.76882068393485
66.236762092525
65.25671274723716
64.75165036153564
63.89313649556317
63.371192162030596
62.73625352170672
62.35267679709944
61.92536310841099
61.43000574834119
60.72010702811037
60.404317905716056
60.597621783884534
60.82788294456403
60.79088654678104
61.15828820144685
61.346921912571865
61.37991430041848
61.8552065428215
62.20549466411308
62.988252742170104
63.46149305517638
64.07561347449553
64.67167663280314
65.65958191594687
66.07202958400056
66.29026293639878
66.53692788075516
67.56486742330203
67.7582675396368
67.87757472022429
68.10885520228611
68.30725728767706
68.31955996933996
67.71621032214657
67.75957043292009
67.64864906459728
67.40544538891966
66.74782269211003
66.27483248732415
65.6157011726292
65.20566530021851
64.3419951000323
63.69462529347842
63.057053090137416
62.70157976499608
61.84030807162742
61.37141900811087
61.037315593719995
60.71536507345682
60.04533507336636
60.17507522107657
60.90217440259067
61.01282006274176
61.001029112814905
61.38748566630678
61.865689323741506
62.08882192447692
62.63277133455048
62.99684266731791
63.89721804072204
64.32981576896309
65.31919864365635
65.78333894644182
66.3771733510488
66.6907054444303
67.22044837483071
67.49224350410006
68.35206744869225
68.6302428903357
68.5554865005632
68.56618805962431
68.1995811123515
68.16285468323944
68.13313498390156
67.64951129199589
66.80887974492835
66.2671442648746
65.59815747955841
65.16523873287045
64.5336835028185
63.67829989899762
62.76145562644552
62.40599916111075
62.16502105203349
61.752918529202674
60.504895490477075
61.381699367262044
60.64943212255723
60.899087899848965
60.76738508814525
61.26527431637249
61.23699568782203
61.62313837195283
62.03473782809183
62.51432860005616
62.895302539873896
63.73894250947643
64.26414041679581
64.8682364793658
65.3924461755978
66.33651093643364
63.08001389895813
63.218786511870185
63.177716960745116
63.29032271949943
63.40137566449374
63.459826260227864
63.533563462373834
63.33191613828331
63.38809602555631
63.68784787624577
63.913633141101016
63.8782982286868
64.02590707949474
64.18236511069598
64.29229224228573
64.34560557784971
64.24071742180911
64.38168535695044
64.29978737194243
64.39198783329215
64.35944874188134
64.35905306069543
64.0414975555078
64.03464569253242
64.15245821983208
64.51214299316902
64.63759232518875
64.3819171153003
64.21657643712166
64.33983308878582
64.08814308096444
64.31284734325735
64.35557306931808
64.22208792222243
64.42236973937291
64.66652224436267
64.46967445113832
64.31659867337322
64.4322413288105
64.59557263139894
64.59798566240752
64.40061129629282
64.53341189702931
64.52707250158362
64.60673430287751
64.25429393545463
64.2038690600836
64.2767554246937
64.46340348419608
64.35963626709895
64.29497669100952
64.15850517643388
63.97512799749567
64.06207228187566
63.91647485771147
63.792851243597944
63.69635180470492
63.82313179572107
63.724393470733055
63.58063271387091
63.39451549827102
63.34536463786669
63.50795311500345
63.942918514064445
64.34512599855293
64.54710480525084
64.65199442915615
65.08155558074841
65.02347788639183
65.11401993102528
65.19342011432914
65.59380682181717
65.8078014576276
65.64761068147605
65.44679671871938
66.01549936428468
66.07977819440484
65.45329772583
65.38603844010744
65.87582045886606
66.03143310748652
65.74570210351023
65.50467787890295
65.2223031741477
65.50443952977926
65.04853204177225
64.82254673308006
64.60405498036829
64.39142143910459
64.12108522087033
64.03275226328151
63.78791567015438
63.58557902877243
63.2642005656764
63.12649373267464
63.13404072454131
63.070837617519665
62.610251040466906
62.49763163605413
62.719171909025015
62.83578782463603
63.04743274287252
63.25738303684426
63.58886372805513
63.92490922064601
64.21502920533021
64.49720854789409
65.00398620566652
65.17522032898108
65.45382962197797
65.59927074370408
66.37653279794988
66.5246106231834
65.90488003608593
66.13677423922016
67.11251974899119
66.89286164134158
66.16110211063341
66.16030669169827
66.98920238337534
66.41915217597202
65.82954937826693
65.99235936942426
65.66720533142156
65.55400040934714
63.831857790654915
64.67514539516202
64.41013830730687
64.60995241683466
63.979997474125355
63.51144337575495
62.6873833022159
62.702975391918294
62.27735524598455
61.980107518939306
