x
-0.01332157441
-0.04394006244
-0.06385957212
-0.09050486101
-0.10629250980
-0.12716259190
-0.13757946560
-0.14943191500
-0.15369696500
-0.15493898870
-0.15247844940
-0.14353946180
-0.13377657080
-0.11535464440
-0.10034249540
-0.07625489226
-0.05719713176
-0.02497542054
-0.00406023336
0.02514361935
0.04552637439
0.07643030309
0.09348160622
0.11573274390
0.12906890200
0.14496823630
0.15194667830
0.15768328820
0.15851850770
0.15495637970
0.14942447170
0.13666316740
0.12530296540
0.10328772630
0.08651382324
0.05890079267
0.03900656584
0.00638879072
-0.01494826845
-0.04545680170
-0.06610294201
-0.09513359039
-0.11051867970
-0.12954274570
-0.13980795710
-0.15142703160
-0.15543321040
-0.15614602230
-0.15330738840
-0.14378277400
-0.13386340560
-0.11643167310
-0.10132115190
-0.07388260616
-0.05512167907
-0.02753350828
-0.00707024843
0.02555725123
0.04554896540
0.07286122114
0.09051615335
0.11463098490
0.12797334210
0.14338644060
0.15084901420
0.15754151160
0.15883378310
0.15503448750
0.14945648080
0.13667346710
0.12449773850
0.10097829760
0.08372116607
0.05632598087
0.03606134578
0.00356468244
-0.01765768073
-0.04886156075
-0.06868153770
-0.09615541178
-0.11205625530
-0.13107076990
-0.14169145090
-0.15280589140
-0.15586255540
-0.15712881850
-0.15411045920
-0.14486292620
-0.13520473910
-0.11568529670
-0.10059766490
-0.07619801262
-0.05775322233
-0.02760171806
-0.00767244709
0.02254630462
0.04245619270
0.07082969300
0.08753590692
0.11068907330
0.12387150820
0.13923835650
0.14666417080
0.15297034970
0.15450058220
0.15162975520
0.14634514410
0.13273502790
0.12070481240
0.09953823569
0.08265951667
0.05225499312
0.03181637642
0.00239164627
-0.01865366221
-0.05146635046
-0.07092538328
-0.09658022683
-0.11272800270
-0.13342172720
-0.14405279280
-0.15516645280
-0.15909934350
-0.16052113680
-0.15769554900
-0.14767588320
-0.13829017350
-0.12081504540
-0.10602183480
-0.08029806312
-0.06201163797
-0.03174712879
-0.01068078072
0.01909974335
0.03932675449
0.06924061486
0.08645990407
0.10864443350
0.12156966750
0.13867597620
0.14638658260
0.15723952160
0.15819726430
0.15506980120
0.14963814560
0.13706405570
0.12539155890
0.10203140040
0.08523845716
0.05864052542
0.03843650559
0.00620750529
-0.01444176522
-0.04425591295
-0.06341380735
-0.09165660075
-0.10781157680
-0.12695369950
-0.13813443840
-0.15120937680
-0.15487442430
-0.15537909440
-0.15301021630
-0.14200503130
-0.13252619300
-0.11410946460
-0.09830787834
-0.07124243125
-0.05279495073
-0.02532146894
-0.00560519513
0.02613469564
0.04614129430
0.07243098205
0.08997219481
0.11448584910
0.13290834770
0.14330387700
0.15455358760
0.15805204750
0.15898131010
0.15598660040
0.14639592750
0.13677873660
0.11900009300
0.10383141620
0.07653050285
0.05736612242
0.02774872793
0.00668799638
-0.02594433057
-0.04646589057
-0.07382916309
-0.09130919114
-0.11567163130
-0.12854733100
-0.14255506850
-0.15001178380
-0.15579653490
-0.15562820860
-0.15046665960
-0.14286898400
-0.12658044170
-0.11317860990
-0.09112099087
-0.07373965707
-0.04471253832
-0.02495681504
0.00378275219
0.02415206019
0.05526234633
0.07386696362
0.09833879461
0.11334900670
0.13305493540
0.14323487990
0.15283943820
0.15658714950
0.15731872060
0.15446790120
0.14516516510
0.13609643690
0.11800653050
0.10280534570
0.07626076624
0.05649636363
0.02597098682
0.00459199069
-0.02793909549
-0.04839667585
-0.07744307246
-0.09547666134
-0.11772097050
-0.13061455080
-0.14645616220
-0.15257465520
-0.15767206460
-0.15767793570
-0.15169339470
-0.14486331320
-0.13118254850
-0.11806739310
-0.09388508838
-0.07630521620
-0.04910846014
-0.02913121187
0.00236681244
0.02277463901
0.05247730630
0.07128682513
0.09629122528
0.11111424640
0.13063608470
0.14081978360
0.15078209800
0.15422412870
0.15456870210
0.15134628520
0.14283686970
0.13371047630
0.11349689780
0.09782441876
0.07266189760
0.05316525417
0.02027904056
-0.00080327032
-0.03086933871
-0.05173181603
-0.08278755134
-0.10003173650
-0.12163453700
-0.13446490100
-0.15069200030
-0.15712173130
-0.16001858470
-0.15986213180
-0.15621423220
-0.14872161670
-0.13206587020
-0.11898371980
-0.09695460880
-0.07932958301
-0.05069255264
-0.03109533605
0.00053158688
0.02166335750
0.05041863513
0.06928574777
0.09668148500
0.11181088740
0.12979894610
0.13936186540
0.14986296520
0.15316851440
0.15314535270
0.14994758600
0.13988007180
0.13039409100
0.11196897670
0.09682595935
0.06886725907
0.04919779844
0.02008304386
-0.00037113738
-0.03422025427
-0.05526367282
-0.08200035199
-0.09987834715
-0.12471095320
-0.13717200090
-0.14959599740
-0.15586439150
-0.16134737540
-0.16151939180
-0.15446995350
-0.14715809500
-0.13211837260
-0.11883002040
-0.09645912085
-0.07909003848
-0.04943912001
-0.02892546656
0.00086442702
0.02166314921
0.05364696207
0.07249317026
0.09699244028
0.11220374990
0.13144323440
0.14097003570
0.14963992030
0.15315835780
0.15381972670
0.15064671100
0.14106855690
0.13117360890
0.11134156750
0.09540540490
0.06889737439
0.04978863121
0.01809703263
-0.00293965901
-0.03386728964
-0.04735363980
-0.07710839647
-0.09449853680
-0.11655959990
-0.12983896540
-0.14576487710
-0.15212636600
-0.15633926280
-0.15599540500
-0.14950243550
-0.14147657110
-0.12606660440
-0.11269318940
-0.08752145428
-0.07005513403
-0.04352698751
-0.02363777922
0.00830315420
0.02850911336
0.05688944857
0.07534930815
0.10250925550
0.11707561800
0.13572617940
0.14523958840
0.15473925740
0.15819794990
0.15802648580
0.15475255430
0.14545449210
0.13561855660
0.11621917070
0.10060071470
0.07360483536
0.05431406087
0.02370629011
0.00261857000
-0.02964550065
-0.05039503640
-0.07844013825
-0.09580322093
-0.11935402810
-0.13211829990
-0.14602441400
-0.15256975570
-0.15714694390
-0.15632757160
-0.15058972760
-0.14333254450
-0.12667746010
-0.11359931840
-0.09127796894
-0.07288955144
-0.04376151400
-0.02319521382
0.00858153130
0.02939119349
0.05950026062
0.07827236407
0.10418765690
0.11932851330
0.13652755670
0.14601575920
0.15557545040
0.15806092040
0.15755401750
0.15364567560
0.14280144010
0.13298470910
0.11507848320
0.09966250147
0.07324720413
0.05408510641
0.02469690733
0.00411441762
-0.02798815172
-0.04846620568
-0.07705537407
-0.09483287575
-0.11872560610
-0.13147185760
-0.14625086350
-0.15286850290
-0.15461458240
-0.15438082430
-0.14779096560
-0.14027333240
-0.12596117640
-0.11344498860
-0.08846126785
-0.06377194735
-0.04442666092
-0.01109259167
0.00948427159
0.04045708480
0.06014659587
0.08636794208
0.10284547500
0.12470567390
0.13620026100
0.14866985970
0.15469559820
0.15861437580
0.15784206240
0.15249077210
0.14538920590
0.12933706030
0.11595066300
0.09299881047
0.07468846467
0.04335121428
0.02243303084
-0.00780438333
-0.02891893686
-0.06069703985
-0.07930037768
-0.10348065290
-0.11835708710
-0.13746072490
-0.14652209750
-0.15506484140
-0.15711497410
-0.15541057090
-0.15087252860
-0.13837163720
-0.12710217840
-0.10587943010
-0.08943272069
-0.06349121350
-0.04452944685
-0.01246689978
0.00800456581
0.03657895188
0.05631886087
0.08522306514
0.10135740890
0.12148353790
0.13340029170
0.14742898400
0.15315760600
0.15649497190
0.15584750010
0.14942946130
0.14196659080
0.12697525710
0.11364760750
0.08877930395
0.07016588111
0.04178198314
0.02087295546
-0.01295197884
-0.03399844912
-0.06267932152
-0.08179359552
-0.10817556350
-0.12259850400
-0.13903500230
-0.14792616930
-0.15670953240
-0.15877275540
-0.15652713100
-0.15167685720
-0.13837110140
-0.12649820940
-0.10655732070
-0.09014907808
-0.06201036443
-0.04242599508
-0.01356109457
0.00729081704
0.03968772414
0.05901487481
0.08480784970
0.10179922530
0.12384320220
0.13508202900
0.14726259690
0.15266391660
0.15619296020
0.15539148300
0.14925391700
0.14186964210
0.12611087820
0.11222471040
0.08811079846
0.06992295160
0.03966176789
0.01881435620
-0.01237489285
-0.03352428207
-0.06504864006
-0.08362002900
-0.10706406210
-0.12183617500
-0.14055322640
-0.14908065010
-0.15670277220
-0.15850520300
-0.15604532280
-0.15099735910
-0.13873830040
-0.12720745870
-0.10520079650
-0.08903722053
-0.06272798033
-0.04322476178
-0.01111059167
0.00929097415
0.03921084265
0.05907821872
0.08644131755
0.10271911650
0.12382815270
0.13525220740
0.14732316790
0.15261201400
0.15558966320
0.15460956030
0.14868857520
0.14127256450
0.12507213720
0.11133366690
0.08793904774
0.07000044239
0.03899190362
0.01852873370
-0.01338951974
-0.03491837761
-0.06635042889
-0.08524337141
-0.11067256170
-0.12466569940
-0.14146402020
-0.14974505010
-0.15736871190
-0.15894021530
-0.15689155930
-0.15148191730
-0.13780334570
-0.12643614080
-0.10642920290
-0.08982331129
-0.06171084204
-0.04212932448
-0.01165579171
0.00896844692
0.03919284651
0.05857578925
0.08673498941
0.10277693210
0.12271267660
0.13405986260
0.14731346950
0.15247200130
0.15568992840
0.15460744480
0.14787916230
0.14035391350
0.12515816620
0.11179115880
0.08581268386
0.06740569868
0.03906205418
0.01807728522
-0.01564271128
-0.03635792369
-0.06542357278
-0.08417826472
-0.10953797720
-0.12400825940
-0.14103850030
-0.15000312240
-0.15766491280
-0.15904695410
-0.15624028200
-0.15099927760
-0.13792630550
-0.12609345300
-0.10436710340
-0.08832872662
-0.06119661306
-0.04153293093
-0.01206782986
0.00837039126
0.04027361320
0.05996036891
0.08527183622
0.10185702360
0.12406013940
0.13529763660
0.14703529750
0.15244183070
0.15569891520
0.15453230020
0.14841821140
0.14095832900
0.12441592290
0.11065868490
0.08720239087
0.06897968620
0.03739260663
0.01614537932
-0.01431379698
-0.03603299297
-0.06774697826
-0.08659117251
-0.10987123500
-0.12390080540
-0.14168711680
-0.14989095890
-0.15718101660
-0.15877226220
-0.15649170930
-0.15128724080
-0.13788621830
-0.12616138190
-0.10418911020
-0.08768479358
-0.06126487211
-0.04212033224
-0.00958143614
0.01092713633
0.03985505167
0.05945600551
0.08796929093
0.10436279990
0.12420406410
0.13563418590
0.14811377150
0.15327224000
0.15593474770
0.15475717230
0.14787845680
0.13983097380
0.12632883350
0.11256089830
0.08692013112
0.06870291695
0.03953382792
0.01840268945
-0.01500082327
-0.03622403535
-0.06473313424
-0.08304812405
-0.10850945710
-0.12280408870
-0.13941086850
-0.15153627140
-0.15587160070
-0.15685913730
-0.15449205890
-0.14514928980
-0.13527374420
-0.11754414090
-0.10262659220
-0.07544242923
-0.05698222860
-0.02833794805
-0.00760045054
0.02521067443
0.04549647080
0.07175892165
0.08977683238
0.11445756100
0.12759717280
0.14242931180
0.14969857270
0.15589395750
0.15690374820
0.15289617840
0.14717717950
0.13445702770
0.12275169640
0.10138499330
0.08467041596
0.05722708490
0.03678954254
0.00656780677
-0.01453348354
-0.04648179191
-0.06602773804
-0.09250225095
-0.10856286110
-0.13063428390
-0.14142986920
-0.15239504750
-0.15686533330
-0.15851765270
-0.15549904770
-0.14694553500
-0.13717241300
-0.11742202390
-0.10307552770
-0.07879736358
-0.06008304603
-0.02899674857
-0.00843123292
0.02184435536
0.04248017892
0.07189897938
0.08942642748
0.11278421960
0.12604352690
0.14148490730
0.14867388030
0.15499684090
0.15567783950
0.15257590270
0.14725345140
0.13347879100
0.12159477300
0.10041492070
0.08361881512
0.05346346809
0.03323235665
0.00213838546
-0.01924965368
-0.05176914898
-0.07177778544
-0.09861848644
-0.11463058420
-0.13386474380
-0.14422800420
-0.15525233360
-0.15889104370
-0.15981175500
-0.15713071860
-0.14657203700
-0.13666567920
-0.11912541880
-0.10371587480
-0.07723572186
-0.05852330920
-0.02918341389
-0.00834815306
0.02245680358
0.04273933621
0.07167206339
0.08951112927
0.11184733020
0.12453262940
0.14086372760
0.14760650030
0.15343679950
0.15435449140
0.15016657600
0.14436643370
0.13235745190
0.12030801510
0.09698053418
0.07990308308
0.05350641736
0.03325756519
-0.00027264172
-0.02147947897
-0.05163371992
-0.07143031570
-0.10020759660
-0.11683821520
-0.13536153170
-0.14548570860
-0.15640959740
-0.16036372270
-0.16040897960
-0.15729701530
-0.14833555310
-0.13784393910
-0.11906501140
-0.10426830260
-0.07840797268
-0.05980396568
-0.03021746074
-0.00930299229
0.02269413596
0.04270994097
0.06987507650
0.08725636664
0.11136954330
0.12451510590
0.13903181160
0.14652254540
0.15302915320
0.15360653310
0.14980853020
0.14412606830
0.13007850930
0.11811268100
0.09675453613
0.07931125967
0.04905822446
0.02818336550
-0.00122290222
-0.02208053270
-0.05541959333
-0.07507484709
-0.09970577107
-0.11569828180
-0.13647169420
-0.14653654130
-0.15630915110
-0.15979370740
-0.16111649950
-0.15785290390
-0.14680682420
-0.13749317120
-0.11862129670
-0.10354279420
-0.07877511113
-0.06043436256
-0.02984418518
-0.00878784754
0.02085974606
0.04150261208
0.07171866515
0.08877085561
0.11036250300
0.12284448280
0.13923677410
0.14622971870
0.15146341500
0.15216021750
0.14876147130
0.14307880430
0.12919319490
0.11724103340
0.09394861897
0.07621571371
0.04842925103
0.02784611548
-0.00467461828
-0.02592852663
-0.05521136452
-0.07490228955
-0.10288974800
-0.11856945620
-0.13619505890
-0.14638403950
-0.15788831030
-0.16135855980
-0.16132995340
-0.15810569970
-0.14784858460
-0.13771590530
-0.11912272520
-0.10395818050
-0.07673697538
-0.05799236691
-0.03021431408
-0.00920671831
0.02326663687
0.04312119467
0.07014074245
0.08766639765
0.11165214030
0.12451058300
0.13886167270
0.14563887820
0.15206771080
0.15261132310
0.14783150880
0.14190895990
0.12882967180
0.11654172570
0.09342866860
0.07620375328
0.04738962896
0.02681366209
-0.00470002165
-0.02542329361
-0.05728121838
-0.07666284168
-0.10259554370
-0.11823431940
-0.13796115360
-0.14782958670
-0.15758568570
-0.16107226250
-0.16151876270
-0.15793297990
-0.14793585760
-0.13785935890
-0.11708491400
-0.10168854650
-0.07767295373
-0.05857521431
-0.02742846927
-0.00679630455
0.02318350427
0.04304386455
0.07210040862
0.08908830874
0.11155912860
0.12446358620
0.13983279450
0.14672936310
0.15130178700
0.15345729770
0.14871986360
0.14288345010
0.12745903080
0.10921744530
0.09303713522
0.06434721933
0.04507642476
0.01487192232
-0.00616394457
-0.03861959830
-0.05907696597
-0.08704532178
-0.10413653950
-0.12663369370
-0.13122035400
-0.14644203320
-0.15250016460
-0.15628267530
-0.15548540670
-0.14852753480
-0.14064433220
-0.12510661610
-0.11157903880
-0.08649451309
-0.06854912654
-0.04071084848
-0.02043192152
0.01104080651
0.03189663414
0.06084986882
0.07881507181
0.10380259080
0.11826793760
0.13687588300
0.14594227870
0.15452623420
0.15692614950
0.15599287760
0.15203524270
0.14231628410
0.13252753710
0.11203450920
0.09595887116
0.07130156069
0.05188621214
0.01977104156
-0.00094834561
-0.03188882622
-0.05262699807
-0.08158567462
-0.09832702027
-0.12159452500
-0.13479029070
-0.14813419370
-0.15411926440
-0.15779871380
-0.15692043660
-0.15080079990
-0.14340200260
-0.12670235360
-0.11346379840
-0.09080627441
-0.07321366590
-0.04487041804
-0.02478671307
0.00726943332
0.02797234692
0.05690892374
0.07564640919
0.10242974130
0.11693822690
0.13508683590
0.14438731120
0.15379709680
0.15614129460
0.15522440330
0.15138655970
0.14005953490
0.12966317390
0.11074015630
0.09457666372
0.06592654969
0.04590926096
0.01664511250
-0.00448736748
-0.03816453508
-0.05868754270
-0.08531331542
-0.10212015290
-0.12514332220
-0.13712987260
-0.15018188430
-0.15585880580
-0.15971040710
-0.15865213800
-0.15088888480
-0.14248100990
-0.12638299040
-0.11312238110
-0.08801628316
-0.07039000765
-0.04136910773
-0.02075697554
0.00912700069
0.02968029424
0.06064514760
0.07888616606
0.10207431090
0.11645706550
0.13570679740
0.14464607130
0.15246689680
0.15495923660
0.15385156330
0.14941921920
0.13812002130
0.12745909020
0.10661670130
0.09033262850
0.06365138743
0.04378772090
0.01149854631
-0.00989495030
-0.03987480446
-0.06017597064
-0.09045262939
-0.10710463270
-0.12681377150
-0.13892736950
-0.15322149250
-0.15824820950
-0.16005752720
-0.15842152050
-0.15166049830
-0.14249131690
-0.12541687940
-0.11187979430
-0.08689611341
-0.06853629643
-0.04006916483
-0.01981841857
0.01263004641
0.03238523257
0.06042701307
0.07847519268
0.10409832450
0.11817446270
0.13461058530
0.14337557170
