a
-179.29429204077366
169.66623639901368
162.26008002385282
155.6275193137267
148.83137419157157
141.74001236453213
134.63625379283195
127.74426109933378
120.62092648267141
113.68592774329633
106.77138518959471
99.53308359101612
92.65185099492572
85.33686814447577
78.4198551249923
71.65417899276527
64.72830402809215
57.43072371335609
50.304240332649314
42.82591833574001
35.25368591394893
28.155109379224047
21.1486088036602
13.817403131824216
6.189127858186328
-1.4299301988612165
-9.254815979671715
-16.996541351436697
-24.14383674886628
-31.533371879464163
-39.05986219149825
-46.39106297500192
-57.64698074301053
-65.22234367204639
-72.82653950530626
-80.62013747568675
-88.42316714186886
-96.37509806008775
-103.70991627334197
-111.31818383641857
-118.70199435129976
-125.95911048688045
-133.42463781475973
-140.83368115870218
-148.23405219991528
-155.34331099863533
-162.6457073040757
-170.00410553046362
-177.06578589527894
175.54129277662764
168.05755546417723
160.70571885426617
153.69284664897793
146.60445534326126
139.73204253507149
132.7840912951704
125.65336079820872
118.53147185191256
111.48230243474606
104.23522828853268
97.16742033611634
89.85279541087188
82.79361252049468
75.57589025375503
68.22431892193308
60.89609303152923
53.58783922605742
46.36927165147907
39.11508029482412
31.936112844431147
24.67337024711323
17.243997801017922
10.091241657191155
2.818411983309748
-4.44293566112028
-11.824726467152173
-19.2093560896619
-26.681481967788976
-33.93202479253062
-41.1850798063647
-48.495752714630726
-55.830844135199925
-63.4406836329409
-70.94889063933564
-78.41182540124497
-85.80536152165352
-93.311720037928
-100.69825391564576
-108.42177303239967
-116.01628246441199
-123.75223832043145
-131.2225227517298
-138.7465176825695
-146.03704375770383
-153.73158830284655
-161.36787435875456
-169.01344329077958
-176.34953198770737
176.28962422481243
169.11716998322711
161.90839588123103
154.70503961127028
147.56171310254442
140.60306406570194
133.51021836310017
126.23704331188138
119.18454391084322
111.8575413522352
104.76767540947213
97.72005712375073
90.75338033277923
83.83735174236968
76.79648590250892
69.67010000141407
62.26154913781768
55.00551244538134
47.670076928573515
40.53887391794832
33.45784751541323
26.294931780413947
18.993353108903552
11.454621224604923
3.8681660291601316
-3.4332110312018997
-10.588032014932141
-18.127907035769542
-25.5297605220657
-32.70192217080399
-40.13926422587131
-47.366073984535454
-54.8006509827423
-62.23117577815884
-69.74928337866106
-77.38443015717519
-84.88717925124627
-92.35766424952865
-99.87426528674101
-107.68739164813958
-115.03376103662964
-122.60973763875286
-130.16449953733772
-137.523431732756
-144.82221921130375
-152.36264679301092
-159.91419102969454
-167.12486292782776
-174.47704351053375
178.28410440470276
171.1245056979813
163.93506404455542
156.4197142600215
149.11939679131487
142.00204634493778
134.90129510344985
127.86079426828258
120.62130800255407
113.71696443677216
106.24824450086805
99.03563751266465
91.75480397291496
84.63600140672322
77.4092315249445
70.45363901811349
63.457876407265914
56.35523932407328
49.277057659739626
42.18100907084137
34.96262850907485
27.58210009730134
20.190851442715076
12.764160785227268
5.293826690818831
-2.132185257793106
-9.528483944157372
-16.92035474212837
-24.14969750032896
-31.347715204475882
-38.7726824568734
-46.07683200125139
-53.437844643697645
-60.80068424554824
-68.23527715223605
-75.96681031252012
-83.62362867795045
-91.21503737070968
-98.68173855298322
-106.38044189421413
-113.81552581856185
-121.25133935593976
-128.55372226627915
-136.05942954060424
-143.4496646795805
-150.70091808082088
-158.09741711099505
-165.4869237948654
-172.49872706816836
-179.94996705659264
172.7836147955859
165.33253952580455
158.08857360415004
150.82929968201105
143.58096739473777
136.61996726410885
129.49192662590443
122.48498167463389
115.26931682474032
108.05800537865129
100.7732158855697
93.52719772476856
86.42984173124748
79.27246895001896
71.96533200639212
64.5645437464014
57.182911446460174
49.88556837465569
42.760669360846414
35.63045520051693
28.428134819423715
21.076614013313502
13.774191613831809
6.454192787409331
-0.9471420266951612
-8.383486325843768
-15.745067738946492
-23.088884477731522
-30.33554113813522
-37.45541681017706
-44.84473954573037
-52.31090264639662
-59.680210981026256
-66.99405315106989
-74.48886579550924
-81.9939241745492
-89.54267264699854
-97.05010630876039
-104.80619975213872
-112.30860036757616
-120.07835872912649
-127.63847420221276
-135.0994769103888
-142.6016749134435
-149.8329676819317
-157.22178636073167
-164.44469646344874
-171.49181158077624
-178.23057231823756
174.1842134268885
167.0155594986846
159.62715433639843
152.25382520402528
144.9597640448726
137.8090789683173
130.74826845815136
123.50619326922468
116.42558677479938
109.41819763655899
102.26401266193106
95.2756392181114
88.31246011689177
81.29327458467218
74.00694020954215
66.69619184939957
59.2829384657228
51.86773108274431
44.49318235377455
37.13541242003059
29.7923131997334
22.419319432619048
14.981096365505266
7.5601733328347
0.2718577893015468
-7.0913771927333675
-14.21609981956751
-21.653525572434535
-28.908232339790345
-36.37950616333764
-43.884988765536335
-51.31386415891669
-58.79970408839459
-66.27593056958563
-73.82332672772097
-81.28334904645746
-88.47687981614834
-95.86389429126227
-102.77042131388932
-110.40983065169598
-117.69535942802912
-125.12787018860112
-132.47680426103506
-139.73006968887728
-147.2295520945329
-154.7808559146596
-162.4448378423606
-169.94443977880502
-177.14662417142782
175.31303037385288
168.0150065756668
160.79789208873007
153.72658965085154
146.65948355143718
139.54806557293367
132.25933494545612
125.13916443849998
117.77413903251988
110.34134130048656
102.89581030218396
95.49411516564521
88.32335056939878
81.22455888247202
73.97030600499426
66.94099649831267
59.781666216708345
52.66145790311155
45.5063884525371
38.49268926352388
31.411280307183514
23.98940612373481
16.669871429519993
8.940245062794226
1.4616926331505515
-5.930213923774332
-13.233093675371409
-20.619859648610323
-27.913607371678438
-34.91301363566501
-42.084011064208184
-49.09838548774122
-56.37451047872837
-63.90735141598903
-71.45682412300604
-78.8411168732855
-86.58543151521523
-94.15890619892649
-101.69597744429905
-109.49366894122707
-117.06716958919012
-124.75667836688041
-132.04647691354674
-139.30029418956573
-146.4733914277605
-153.84815037966834
-161.08716063626002
-168.31581507098522
-175.80231615438214
176.70455374600223
169.3514933644696
161.9996539728012
154.61830991475483
147.38936181132348
140.1861557883704
133.15090377854924
126.13137422351005
118.98841920939842
111.87847266387364
104.83384467358177
97.61799691944893
90.53802996470664
83.31848319181682
76.1566843393561
68.710366939167
61.3205382260583
53.66388450569372
46.36441911689624
39.14280714201916
31.869629686785288
24.72369519472367
17.46630845282819
10.21957892254262
2.9101562444427604
-4.3675437214733455
-11.661696506222025
-19.054327547899106
-26.468334956526526
-33.879522354854835
-41.40629443957334
-48.96126316458991
-56.3925035522031
-63.66604671165156
-71.02235429071506
-78.35050049970393
-85.61714005741075
-92.84846872261707
-100.06657805975532
-107.6019585397615
-115.04597556980193
-122.63283770288174
-130.1458302572781
-137.72051195903708
-145.23758754219216
-152.72454550632054
-160.288437147427
-167.59337884610042
-174.76403624403167
178.1139081361533
170.90752116388057
163.5844174829926
156.32217321080705
149.11204792893946
141.8252450289119
134.73812614452353
127.43567966648867
120.04328789597801
112.72541074657369
105.31449972809983
98.07091173950076
90.9307772966987
83.81034951918123
76.90351527086345
69.77382476839122
62.511078589349424
55.38655383180094
48.234828868047536
40.99031519843581
33.653148493779646
26.269293328013198
18.729151358420612
11.295841373207924
3.833053612294014
-3.5227786441914564
-10.659771594427943
-17.878713636115798
-24.973326432368292
-32.20751314729228
-39.5264778168102
-47.01887112305557
-54.419508055130215
-61.939025026334484
-69.60815011247635
-77.18483172199072
-84.81316865154481
-92.38489548969406
-99.84561658719528
-107.3447953098626
-114.62641389362527
-122.12027153538095
-129.1795639656562
-136.47183218218265
-143.65714083862747
-150.99629326632143
-158.42857973669467
-165.96318158512366
-173.2164632015341
179.18969287410184
171.76529037377807
164.33573930708675
157.09933844591635
150.05174949479454
142.98257219512436
136.0019778962319
128.96296870050105
121.8218158151872
114.68383079878392
107.26631089101019
99.80586833502107
92.54277205220464
85.23731436263203
77.87012704025466
70.48567914125105
63.13749900579673
55.926688439279744
48.71277427797431
41.64167913541451
34.61386027842764
27.53283853954974
20.19604301854451
12.799592113724653
5.365992537826655
-2.134893587024248
-9.698276087101325
-17.333284392810075
-24.79082363273109
-32.08033382142834
-39.448965334006594
-46.51696573033282
-53.73504793508018
-60.96687283973389
-68.13201403331713
-75.54543552122053
-82.94714805194721
-90.45106535936108
-97.87524179227465
-105.49517739572667
-113.05626440949342
-120.54343139133452
-128.01159285764223
-135.3804616928563
-142.7977288996453
-150.2422545313746
-157.65217557293875
-164.88010387439707
-171.92102170419392
-178.971343343174
173.7809318118467
166.08027353633184
158.7552486643366
151.51131333281404
144.28170934737378
137.12567954708484
130.06541579739394
122.89200545395877
115.76314985619243
108.64862705524276
101.51732658773945
94.33133719024227
87.22460823647074
80.02936554488285
72.61272099800945
65.19882063422848
57.638250744856904
50.14504680681003
42.86774885576772
35.48583772340962
28.241237292840296
20.918945663964184
13.53475711793776
6.245506509341924
-1.0982819829885302
-8.4028047721489
-15.761598637204804
-23.44135636674357
-30.818948127066452
-38.266478779798646
-45.800309459536656
-53.369280362653704
-60.884928828050185
-68.42575600555313
-75.84997368659
-83.09313769705703
-90.38651029051114
-97.57732939489237
-104.75241395820676
-112.03877134915024
-119.38362505340285
-126.72412975198506
-134.12269292736227
-141.40628142731083
-149.03408837119204
-156.483783462793
-163.8034180744421
-170.7860795626887
-177.75493651826403
174.9548289136261
167.56340301699953
160.3367606470967
153.30356160633775
146.13532532964362
139.054664735038
131.84971809705885
124.47801097307048
117.17857803520621
109.46993285845423
102.19701974710875
94.95223180628017
87.7317330622688
80.66556463927104
73.48268862397411
66.33201408509127
58.99185520301075
51.75773984209477
44.57513480033751
37.23821447653004
29.79164135335201
22.348177115683427
14.602976988750472
6.9648665251006925
-0.4862769150110932
-7.793632673363445
-15.058247640710086
-22.28547589758917
-29.378369799629766
-36.596346063426196
-43.8925396701297
-51.183580265831445
-58.68137209942963
-66.29233539285529
-73.9547443944052
-81.70913244493893
-89.34386878238514
-96.80111024470995
-104.05259971766992
-111.64072080268132
-118.98444445893468
-126.27121334215636
-133.3204619450049
-140.46316418201366
-147.67494416085182
-154.88824725276615
-162.15258629430798
-169.5479426218389
-176.50575500852116
175.79919199102522
168.2748777341994
160.78496494037137
153.63435351464395
146.49042653087503
139.60794200562688
132.56341919013397
125.73774262339171
118.62051112018183
111.4018536219327
104.12369409730006
96.9308655825253
89.60166735691308
82.27671916847142
74.95966442907867
67.29569051906306
59.754019001074504
52.262183589850196
45.18660323170087
37.86938478521839
30.721500895351454
23.398270930158457
16.108191908021837
8.667721820585824
1.0555361198165623
-6.3042294208564735
-13.721394883040395
-21.16570862044657
-28.63701792892572
-36.036713230466866
-43.51834544078926
-50.97841922570456
-58.102477437066646
-65.48288765327779
-72.79854076242036
-80.27800884889078
-87.59150283892224
-95.00933479300515
-102.17016501941018
-109.8522391138379
-117.50267540900043
-124.92511335880174
-132.30993881769498
-139.5740009426157
-146.81795231250112
-154.08589822443366
-161.19143747517387
-168.35700601416772
-175.57389842997017
177.0691356911337
169.6790291039146
162.39379204996803
154.94159739667845
147.5426497828253
140.30526535580478
133.18996518995942
126.03515158495742
118.86990778494501
111.64370739785448
104.45996458741791
97.29429874895902
90.19894269374032
83.05894798857706
75.99268106833111
68.65968080175453
61.193910147890854
53.68936493795651
46.311354164544184
39.08633977530203
31.758869691354068
24.4080831398216
17.056711840106615
9.724393150387762
2.3954646449386203
-4.7523871298938944
-11.913829735936611
-19.273072269326963
-26.597504865295377
-34.018254889970486
-41.65109524329908
-53.290728278283424
-60.74954651565415
-68.3395049328492
-75.94564221294661
-83.42639202355855
-90.61282860970303
-97.90913473887154
-105.38826828118638
-112.62487747780837
-120.0926427390207
-127.35585459386033
-134.65046858973716
-142.07431776920768
-149.5709952497818
-157.06406725309296
-164.52308834366346
-171.66977646006967
-179.0540677281445
173.71702861164465
166.47233909103048
159.41777579549938
152.19193157610744
145.0953813075933
138.00779945109144
130.85519492769126
123.68700139513763
116.37478091968877
108.81583682996926
101.43688531165128
94.34021252841532
86.88193567211533
80.01440226249815
72.73007250899629
65.51726365429441
58.173201582673656
51.04061009456943
43.90726841864283
36.628142973336786
29.310360170878266
21.910623658752208
14.445748220118634
6.828180208079516
-0.6332354463876012
-7.85547766986078
-15.19836749050805
-22.385365199186122
-29.53220169883518
-36.808065982497226
-44.214511300299556
-51.60250538519986
-58.942465896770315
-66.42838304110853
-74.00474826279108
-81.73371249264271
-89.28254055439264
-96.7699140432688
-104.35556691666272
-111.85799896359232
-119.28867689549853
-126.63204370621627
-133.9525620156686
-141.24120671546842
-148.4470698583493
-155.9371137600171
-163.16060881290488
-170.37074005511457
-177.6676320591337
174.70310410064442
167.19594000291283
159.86091460126767
152.60911190367304
145.4576586914997
138.46345039164223
131.5696084885855
124.47599165091898
117.50313518947371
110.26563756391091
103.09997853931216
95.92806699300259
88.8119622599641
81.61666737361007
74.29036242585248
67.06485247865479
59.6142619919877
52.32720407711093
44.995002702533206
37.8492462901823
30.71704016678941
23.385965009970338
16.190047040414754
8.68021541874332
1.1815811326533543
-6.119764497835139
-13.503875415981275
-21.095406435265343
-28.63058071100266
-36.13950271894749
-43.606946812632636
-51.10344164097799
-58.55161390538382
-65.84654747600672
-73.35781745628677
-80.68229595504691
-88.09470877167784
-95.49978770464821
-102.43893598250051
-110.35172890833002
-117.77992256255547
-125.35388139898052
-132.740028997762
-140.05984347469675
-147.42840371986242
-154.90296396280598
-162.2719282789284
-169.42250334596645
-176.47514798828936
176.18426811527914
168.92180450812617
161.62105896311206
154.31908358181954
147.2178684248666
139.926210535395
132.8090770218157
125.55328850032092
118.22870921185311
110.9799302441907
103.70593346972473
96.44376589394905
89.37476867175967
82.31354707866952
75.23705581793618
67.93898190553067
60.721905220685436
53.47814779297061
46.324155297041806
39.16938707277869
31.748418572044923
24.45625715213285
17.13869598350928
9.789793638370558
2.3894512229083262
-4.896176679423898
-12.2675897807834
-19.568007980451213
-26.878946617454183
-34.10019272741665
-41.57738694977816
-49.01498988819258
-56.46093746374605
-63.95568015861717
-71.50941708750604
-79.10927737062559
-86.76353970844238
-94.40565910776473
-101.83285842639107
-109.48337911433619
-117.01153033544931
-124.69732806566164
-132.0657073029978
-139.49274925021925
-146.817278484657
-154.21968724774143
-161.40577821538722
-168.67645265774402
-175.63195637565397
177.04790242273947
169.72074339879393
162.33548139700014
155.1508503482349
147.98236499627728
141.094991633267
133.96115952958175
126.68514627150019
119.5917130174156
112.34892896378923
105.23488491535616
98.28127831260242
91.09839454608523
84.1129509679
76.92671383204032
69.64305171764369
62.279540553041954
54.86433975497363
47.6141129729275
40.42685692856201
33.031857779583895
25.52985936666659
18.1143511563478
10.721265438634951
3.134911133654733
-4.216744745470346
-11.342921845087572
-18.754379047464983
-25.921232488498887
-33.35436498257447
-40.86622030601857
-48.36186335198054
-55.80234113082282
-63.28898709636739
-70.97303395865282
-78.51921971635441
-85.94888464451589
-93.46300634176438
-100.84057079468083
-108.37671415065022
-115.72871816530169
-123.12156198831535
-130.35860730310807
-137.74645811738952
-145.06679914850375
-152.44440127108203
-160.06187943891993
-167.36352386588365
-174.49015240065432
177.97210247373093
170.6041617958322
163.20589354173617
156.00589542626219
148.81490015237864
141.69808834330712
134.64407686029813
127.55113117603105
120.36763646282873
113.13803179174585
105.90341813036352
98.6101196873864
91.42591896220529
84.39110518154084
77.39083304740406
70.10005003083332
63.00097276438495
55.75716728643934
48.62910862452977
41.51739596488018
34.40010925502771
27.121129076069725
19.806010537147042
12.154144463484322
4.707495543139297
-2.5855534180980277
-10.195227970502806
-17.5109625781097
-24.749822595327093
-31.879955085663394
-39.45247575020546
-46.7037620852254
-54.204802740882506
-61.63371656989447
-69.31576953599468
-77.05860690222273
-84.71846378179545
-92.39530442722676
-99.95792031396812
-107.84523483594471
-115.30883105645768
-122.877462818464
-130.20365320215524
-137.4897849963218
-144.75093018227062
-152.06404521757
-159.19129684019452
-166.3718071695179
-173.47936972634054
179.17426644442463
171.79653957167645
164.43583969370877
157.09123643892778
149.68031103990631
142.53210661798488
135.5518829485293
128.4092868521446
121.27659940618301
114.0742766120132
106.95278436669895
99.92684317372809
92.75335049954747
85.74857920509645
78.64268699134784
71.32933673788126
64.00159588873545
56.68600422112504
49.450428923058446
42.29926845855228
35.1492021648385
27.91230082943812
20.57268188347828
13.177040693708703
5.881447760460523
-1.526676727959496
-8.775230286340244
-16.044671467303765
-23.249928328963897
-30.679942269037433
-37.96119670006217
-45.4279869263175
-52.9704671809674
-60.578554149361764
-68.26979346923682
-76.02575252223224
-83.4602552541188
-91.13526841888245
-98.67860991381384
-106.30183232399239
-113.87730899931016
-121.50297855034842
-128.72570712441646
-136.2044823648499
-143.49829530953645
-150.9811391734815
-158.41545900003797
-165.6943406489685
-172.87470812026424
179.87951480014527
172.6323513417283
165.31570042788434
158.01444537882242
150.7305803998257
143.63875353333904
136.5118432177198
129.47281903258306
122.4016673782899
115.10517647751784
107.92697289292745
100.78979519134928
93.63319460851065
86.5328441913568
79.45134130961941
72.2458063175599
65.0656415968554
57.66936117454279
50.513331525813044
43.067577007437414
35.95784792737572
28.59883632226344
21.237311104042973
13.943316188992254
6.570103326884869
-0.8176464881673255
-7.944159997915938
-15.289291069165476
-22.524367342741602
-29.808813430178287
-37.07174881873791
-44.55126182726781
-51.98824779771121
-59.3246200477466
-67.0078125749262
-74.56153119607957
-82.18602264927499
-89.66799094709553
-97.13001974231697
-104.93145055716728
-112.24879440810501
-119.71727730218558
-126.89342166830595
-134.2372565351654
-141.4422253605822
-148.97906943443897
-156.16832060328778
-163.54507909597726
-170.86718285900145
-178.3668096420281
173.8795712644951
166.51876304426753
159.34335274685876
152.1399228323738
145.0279138552518
137.8364047687158
130.69967206780169
123.58120434172129
116.33247618585224
108.97089204668252
101.51077231437311
94.34098162147168
87.11015466024284
80.1249174852985
72.94486945612397
65.76655033700146
58.54346494246127
51.40101336838866
44.20856176965705
37.082721395463956
29.79182877180739
22.389787575970978
14.820287440041202
7.288133212449184
-0.33265684448036037
-7.606861733062089
-14.912857214163425
-22.40168548387522
-29.7254255647925
-37.08838889548815
-44.40045388160508
-51.825325128211546
-59.31881932537883
-66.82437030568096
-74.45063951116232
-81.92988645406848
-89.45537746409467
-96.9503277065658
-104.46464143561266
-112.20979819469115
-119.62159282341185
-126.91368792140996
-133.92185434680718
-141.10569024597282
-148.282468881281
-155.4592918873805
-162.87438997567995
-170.0890834242464
-177.0040047194255
175.26599098437572
167.89526813078862
160.54986603830773
153.17300251967055
145.98872273685652
138.8936679870732
131.98408259733003
124.85263420014313
117.92153428096687
110.64054886999507
103.37694713969154
96.14334294668919
88.93160552362306
81.59739961602882
74.25617274894347
66.66535115329467
59.193479663190914
51.75244991087122
44.430271593147516
37.232177093311975
30.035482175737243
22.83491588879452
15.564072709511503
8.28014253359328
0.8996671914998849
-6.5328784890707805
-13.936257456840748
-21.536393093436953
-29.14737705273063
-36.64212722890588
-44.1218852291575
-51.53763109769963
-58.84841788044285
-66.0337332744085
-73.31027023257708
-80.66639333712712
-87.88893930703563
-95.21192140635117
-102.54241936283225
-110.26029678476274
-117.89471704559098
-125.61550784895113
-133.27272002758738
-140.72480608733878
-148.2385443684139
-155.7963030594201
-163.05778905767232
-170.2658740228273
-177.13904577384992
175.55937259962494
168.62587958324346
161.5270782283371
154.27414428081997
146.85844859439644
139.53043167807274
132.1560814312983
124.89284352833785
117.75749771127556
110.70169974515716
103.38602214000633
96.16612086174635
89.14038979556791
82.05301117065518
75.06084603021998
67.91793230184352
60.8528481655355
53.759550205460194
46.357064808800246
39.18205950589226
31.69044595151459
24.070802703192477
16.32458739979255
8.72145712179631
1.1865266299091988
-6.071402517289398
-13.365243159456751
-20.648770363010463
-27.883468141309955
-35.18287672399835
-42.48261839134751
-50.00831126134302
-57.66246684665154
-65.11692148658192
-72.66455342036815
-80.39115032087435
-87.98934987560204
-95.45697420302538
-102.5024817290997
-110.35107731686057
-117.74049329105341
-124.96899010699528
-132.1187077368889
-139.35310566972043
-146.7072484276742
-154.2313518957128
-161.8208553959066
-169.19861452146287
-176.61554610979894
175.89362991258034
168.70374608017823
161.72188690583732
154.68651814103114
147.60443899054528
140.49016006568678
133.4811856236811
126.41065972887488
119.37187237514301
112.19648272197576
104.90044404516397
97.36647776753831
89.73825130687788
82.32099127443355
74.87368303331367
67.69540597268366
60.62080755043526
53.65616092877127
46.666378752236334
39.780998254055845
32.61397419951523
25.291888062304086
17.86566924765036
10.24051771033955
2.6938751034042645
-5.089515898201793
-12.610705405291174
-20.293892311730716
-27.814695489958027
-35.15926857424671
-42.222045657231845
-49.42169749420878
-56.57722339194293
-63.66510880881132
-70.83583239489164
-78.17699993573804
-85.48336449283372
-93.05613087350984
-100.60467868006218
-108.5510051271296
-116.33540389303053
-123.99205401518331
-131.4854962673085
-138.78463546233107
-145.97702461386461
-153.1917511634761
-160.40611892418804
-167.54436667792868
-174.81782350873095
177.6446542145352
170.35558346253336
162.87712477471698
155.52859532761383
148.07998567119992
140.9604610807419
133.5894651507307
126.59974639496863
119.5516732450012
112.53436827914544
105.56996854011562
98.62951676567381
91.37870094923244
84.46394900806274
77.13431621041903
69.91015217643871
62.29532625546174
54.74579203742559
47.33495352125874
39.87996336722041
32.53430342634828
25.317373198585408
18.019477596435276
10.872968362510047
3.5966115090860504
-3.7522400750780482
-11.014448234292027
-18.530284236509825
-26.048568479641286
-33.65976854930302
-41.423966548289876
-49.01709003118219
-56.501376661710765
-63.982009107521684
-71.37874145699114
-78.76301420752095
-85.89589821734664
-93.09497557983543
-100.17196413851981
-107.83597319026056
-115.21644628450677
-122.86634519487059
-130.5258254794441
-138.08749881739942
-145.85577055111324
-153.38841329331697
-160.94052621353893
-168.28131568626546
-175.3865534897751
177.2678947076475
170.43676511864615
163.59213448143439
156.76400417144927
149.75765755992532
142.44085917687516
134.93320151284345
127.46434302414605
120.09231113028423
112.87738838231749
105.64036034647924
98.31540351835771
90.9175995175472
83.88735037708865
76.7741189562628
69.77950385640206
62.86623848379471
55.89771981269623
48.77662287822565
41.67434242398099
34.325043951989166
26.733707868007695
19.05723105660674
11.442866022156792
3.738249263086512
-3.536610914896345
-14.365110391465876
-21.49082265728288
-28.693755734979558
-35.743098346304784
-42.94696996874377
-50.13456299154168
-57.464172499060794
-64.99262570817615
-72.73076890321232
-80.39494440551289
-88.18312961908264
-95.80819013080668
-103.34344320408994
-110.78277004620173
-118.52798112745674
-126.4568315413513
-133.27503439083156
-140.8708700737341
