ra
-179.29429204077366
-190.33376360098632
-197.73991997614718
-204.3724806862733
-211.16862580842843
-218.25998763546787
-225.36374620716805
-232.25573890066622
-239.3790735173286
-246.31407225670367
-253.2286148104053
-260.4669164089839
-267.3481490050743
-274.6631318555242
-281.5801448750077
-288.34582100723475
-295.27169597190783
-302.5692762866439
-309.69575966735067
-317.17408166426
-324.7463140860511
-331.84489062077597
-338.8513911963398
-346.1825968681758
-353.81087214181366
-361.4299301988612
-369.2548159796717
-376.9965413514367
-384.1438367488663
-391.53337187946414
-399.05986219149827
-406.39106297500194
-417.64698074301054
-425.2223436720464
-432.82653950530624
-440.62013747568676
-448.4231671418689
-456.37509806008774
-463.70991627334195
-471.3181838364186
-478.70199435129973
-485.95911048688043
-493.42463781475976
-500.8336811587022
-508.23405219991525
-515.3433109986354
-522.6457073040757
-530.0041055304637
-537.065785895279
-544.4587072233724
-551.9424445358228
-559.2942811457339
-566.3071533510221
-573.3955446567387
-580.2679574649285
-587.2159087048296
-594.3466392017913
-601.4685281480874
-608.5176975652539
-615.7647717114673
-622.8325796638836
-630.1472045891281
-637.2063874795053
-644.424109746245
-651.7756810780669
-659.1039069684707
-666.4121607739426
-673.630728348521
-680.8849197051759
-688.0638871555689
-695.3266297528868
-702.7560021989821
-709.9087583428088
-717.1815880166903
-724.4429356611203
-731.8247264671521
-739.2093560896619
-746.681481967789
-753.9320247925306
-761.1850798063647
-768.4957527146307
-775.8308441351999
-783.4406836329409
-790.9488906393357
-798.411825401245
-805.8053615216535
-813.311720037928
-820.6982539156458
-828.4217730323996
-836.016282464412
-843.7522383204314
-851.2225227517298
-858.7465176825694
-866.0370437577038
-873.7315883028466
-881.3678743587545
-889.0134432907796
-896.3495319877073
-903.7103757751876
-910.8828300167729
-918.0916041187689
-925.2949603887297
-932.4382868974556
-939.3969359342981
-946.4897816368998
-953.7629566881186
-960.8154560891568
-968.1424586477648
-975.2323245905279
-982.2799428762493
-989.2466196672208
-996.1626482576303
-1003.203514097491
-1010.3298999985859
-1017.7384508621823
-1024.9944875546187
-1032.3299230714265
-1039.4611260820516
-1046.5421524845867
-1053.705068219586
-1061.0066468910964
-1068.545378775395
-1076.1318339708398
-1083.4332110312018
-1090.5880320149322
-1098.1279070357696
-1105.5297605220658
-1112.701922170804
-1120.1392642258713
-1127.3660739845354
-1134.8006509827424
-1142.2311757781588
-1149.749283378661
-1157.3844301571753
-1164.8871792512464
-1172.3576642495286
-1179.874265286741
-1187.6873916481395
-1195.0337610366296
-1202.609737638753
-1210.1644995373376
-1217.523431732756
-1224.8222192113037
-1232.362646793011
-1239.9141910296946
-1247.1248629278277
-1254.4770435105338
-1261.7158955952973
-1268.8754943020188
-1276.0649359554445
-1283.5802857399785
-1290.8806032086852
-1297.9979536550622
-1305.09870489655
-1312.1392057317175
-1319.378691997446
-1326.283035563228
-1333.7517554991318
-1340.9643624873354
-1348.245196027085
-1355.3639985932768
-1362.5907684750555
-1369.5463609818864
-1376.542123592734
-1383.6447606759268
-1390.7229423402605
-1397.8189909291586
-1405.0373714909251
-1412.4178999026988
-1419.809148557285
-1427.2358392147728
-1434.7061733091812
-1442.132185257793
-1449.5284839441574
-1456.9203547421284
-1464.149697500329
-1471.347715204476
-1478.7726824568733
-1486.0768320012514
-1493.4378446436976
-1500.8006842455482
-1508.235277152236
-1515.96681031252
-1523.6236286779504
-1531.2150373707098
-1538.6817385529832
-1546.380441894214
-1553.8155258185618
-1561.2513393559398
-1568.5537222662792
-1576.0594295406042
-1583.4496646795806
-1590.7009180808209
-1598.0974171109951
-1605.4869237948653
-1612.4987270681684
-1619.9499670565926
-1627.216385204414
-1634.6674604741954
-1641.91142639585
-1649.170700317989
-1656.4190326052621
-1663.380032735891
-1670.5080733740956
-1677.515018325366
-1684.7306831752596
-1691.9419946213486
-1699.2267841144303
-1706.4728022752315
-1713.5701582687525
-1720.727531049981
-1728.0346679936079
-1735.4354562535987
-1742.8170885535399
-1750.1144316253444
-1757.2393306391536
-1764.369544799483
-1771.5718651805762
-1778.9233859866865
-1786.2258083861682
-1793.5458072125907
-1800.9471420266952
-1808.3834863258437
-1815.7450677389465
-1823.0888844777314
-1830.335541138135
-1837.455416810177
-1844.8447395457304
-1852.3109026463967
-1859.6802109810262
-1866.99405315107
-1874.4888657955094
-1881.9939241745492
-1889.5426726469987
-1897.0501063087604
-1904.8061997521388
-1912.3086003675762
-1920.0783587291264
-1927.6384742022128
-1935.0994769103888
-1942.6016749134435
-1949.8329676819317
-1957.2217863607316
-1964.4446964634487
-1971.4918115807764
-1978.2305723182376
-1985.8157865731114
-1992.9844405013155
-2000.3728456636015
-2007.7461747959746
-2015.0402359551274
-2022.1909210316826
-2029.2517315418486
-2036.4938067307753
-2043.5744132252007
-2050.581802363441
-2057.7359873380688
-2064.7243607818887
-2071.687539883108
-2078.706725415328
-2085.9930597904577
-2093.3038081506006
-2100.717061534277
-2108.1322689172557
-2115.5068176462255
-2122.8645875799693
-2130.2076868002664
-2137.580680567381
-2145.0189036344946
-2152.439826667165
-2159.7281422106985
-2167.0913771927335
-2174.2160998195677
-2181.6535255724343
-2188.90823233979
-2196.3795061633377
-2203.8849887655365
-2211.3138641589167
-2218.7997040883947
-2226.2759305695854
-2233.823326727721
-2241.2833490464573
-2248.4768798161485
-2255.863894291262
-2262.7704213138895
-2270.409830651696
-2277.695359428029
-2285.1278701886013
-2292.476804261035
-2299.7300696888774
-2307.2295520945327
-2314.7808559146597
-2322.444837842361
-2329.944439778805
-2337.146624171428
-2344.686969626147
-2351.984993424333
-2359.20210791127
-2366.2734103491484
-2373.340516448563
-2380.451934427066
-2387.740665054544
-2394.8608355615
-2402.22586096748
-2409.6586586995136
-2417.104189697816
-2424.5058848343547
-2431.676649430601
-2438.775441117528
-2446.029693995006
-2453.059003501687
-2460.2183337832917
-2467.3385420968884
-2474.493611547463
-2481.507310736476
-2488.5887196928165
-2496.0105938762654
-2503.33012857048
-2511.059754937206
-2518.5383073668495
-2525.9302139237743
-2533.2330936753715
-2540.61985964861
-2547.9136073716786
-2554.913013635665
-2562.084011064208
-2569.0983854877413
-2576.3745104787286
-2583.907351415989
-2591.456824123006
-2598.8411168732855
-2606.585431515215
-2614.1589061989266
-2621.695977444299
-2629.493668941227
-2637.06716958919
-2644.7566783668804
-2652.046476913547
-2659.3002941895656
-2666.4733914277604
-2673.8481503796684
-2681.08716063626
-2688.315815070985
-2695.802316154382
-2703.295446253998
-2710.6485066355303
-2718.0003460271987
-2725.3816900852453
-2732.6106381886766
-2739.8138442116297
-2746.849096221451
-2753.86862577649
-2761.011580790602
-2768.1215273361263
-2775.1661553264184
-2782.382003080551
-2789.4619700352932
-2796.681516808183
-2803.843315660644
-2811.289633060833
-2818.6794617739415
-2826.3361154943063
-2833.6355808831036
-2840.857192857981
-2848.130370313215
-2855.276304805276
-2862.5336915471717
-2869.7804210774575
-2877.089843755557
-2884.3675437214733
-2891.661696506222
-2899.054327547899
-2906.4683349565266
-2913.879522354855
-2921.4062944395732
-2928.96126316459
-2936.392503552203
-2943.6660467116517
-2951.022354290715
-2958.350500499704
-2965.617140057411
-2972.848468722617
-2980.066578059755
-2987.6019585397617
-2995.045975569802
-3002.6328377028817
-3010.1458302572782
-3017.720511959037
-3025.237587542192
-3032.7245455063207
-3040.288437147427
-3047.5933788461
-3054.7640362440316
-3061.8860918638466
-3069.0924788361194
-3076.4155825170074
-3083.6778267891927
-3090.8879520710607
-3098.174754971088
-3105.2618738554766
-3112.564320333511
-3119.956712104022
-3127.2745892534263
-3134.6855002719003
-3141.929088260499
-3149.0692227033014
-3156.1896504808187
-3163.0964847291366
-3170.226175231609
-3177.4889214106506
-3184.613446168199
-3191.7651711319527
-3199.009684801564
-3206.3468515062204
-3213.730706671987
-3221.2708486415795
-3228.704158626792
-3236.166946387706
-3243.5227786441915
-3250.659771594428
-3257.8787136361157
-3264.973326432368
-3272.2075131472925
-3279.5264778168103
-3287.0188711230558
-3294.4195080551303
-3301.9390250263345
-3309.6081501124763
-3317.1848317219906
-3324.813168651545
-3332.384895489694
-3339.8456165871953
-3347.3447953098625
-3354.6264138936253
-3362.120271535381
-3369.179563965656
-3376.471832182183
-3383.6571408386276
-3390.9962932663216
-3398.4285797366947
-3405.9631815851235
-3413.216463201534
-3420.8103071258984
-3428.234709626222
-3435.664260692913
-3442.900661554084
-3449.9482505052056
-3457.0174278048758
-3463.998022103768
-3471.037031299499
-3478.178184184813
-3485.316169201216
-3492.73368910899
-3500.194131664979
-3507.457227947795
-3514.762685637368
-3522.129872959745
-3529.5143208587488
-3536.8625009942034
-3544.0733115607204
-3551.2872257220256
-3558.3583208645855
-3565.3861397215724
-3572.4671614604504
-3579.8039569814555
-3587.2004078862756
-3594.6340074621735
-3602.134893587024
-3609.6982760871015
-3617.33328439281
-3624.790823632731
-3632.080333821428
-3639.4489653340065
-3646.5169657303327
-3653.7350479350803
-3660.9668728397337
-3668.1320140333173
-3675.5454355212205
-3682.9471480519474
-3690.451065359361
-3697.8752417922747
-3705.495177395727
-3713.0562644094935
-3720.5434313913347
-3728.0115928576424
-3735.3804616928564
-3742.7977288996453
-3750.242254531375
-3757.6521755729386
-3764.8801038743973
-3771.921021704194
-3778.971343343174
-3786.2190681881534
-3793.919726463668
-3801.2447513356633
-3808.488686667186
-3815.7182906526264
-3822.874320452915
-3829.934584202606
-3837.107994546041
-3844.2368501438077
-3851.3513729447573
-3858.4826734122607
-3865.6686628097577
-3872.775391763529
-3879.9706344551173
-3887.3872790019905
-3894.8011793657715
-3902.361749255143
-3909.85495319319
-3917.132251144232
-3924.5141622765905
-3931.75876270716
-3939.081054336036
-3946.4652428820623
-3953.754493490658
-3961.0982819829887
-3968.402804772149
-3975.7615986372048
-3983.4413563667435
-3990.8189481270665
-3998.2664787797985
-4005.8003094595365
-4013.3692803626536
-4020.8849288280503
-4028.425756005553
-4035.84997368659
-4043.093137697057
-4050.386510290511
-4057.5773293948923
-4064.752413958207
-4072.03877134915
-4079.3836250534027
-4086.724129751985
-4094.122692927362
-4101.406281427311
-4109.034088371192
-4116.483783462793
-4123.803418074442
-4130.786079562688
-4137.754936518264
-4145.045171086374
-4152.4365969830005
-4159.6632393529035
-4166.696438393662
-4173.864674670356
-4180.945335264962
-4188.150281902941
-4195.521989026929
-4202.821421964793
-4210.530067141546
-4217.802980252891
-4225.04776819372
-4232.268266937731
-4239.334435360729
-4246.517311376026
-4253.667985914909
-4261.00814479699
-4268.242260157906
-4275.424865199662
-4282.76178552347
-4290.208358646648
-4297.651822884317
-4305.397023011249
-4313.035133474899
-4320.486276915011
-4327.793632673363
-4335.05824764071
-4342.285475897589
-4349.37836979963
-4356.596346063427
-4363.89253967013
-4371.183580265832
-4378.68137209943
-4386.292335392855
-4393.954744394405
-4401.709132444939
-4409.3438687823855
-4416.80111024471
-4424.05259971767
-4431.640720802681
-4438.984444458934
-4446.271213342156
-4453.320461945005
-4460.463164182013
-4467.674944160852
-4474.888247252766
-4482.152586294308
-4489.547942621839
-4496.505755008521
-4504.2008080089745
-4511.725122265801
-4519.2150350596285
-4526.365646485356
-4533.509573469125
-4540.392057994373
-4547.436580809866
-4554.262257376608
-4561.379488879818
-4568.598146378067
-4575.8763059027
-4583.069134417475
-4590.398332643087
-4597.723280831528
-4605.040335570921
-4612.704309480937
-4620.245980998926
-4627.73781641015
-4634.813396768299
-4642.130615214782
-4649.278499104648
-4656.601729069842
-4663.891808091978
-4671.332278179414
-4678.944463880183
-4686.304229420856
-4693.72139488304
-4701.165708620447
-4708.637017928926
-4716.036713230467
-4723.518345440789
-4730.978419225705
-4738.102477437066
-4745.482887653277
-4752.79854076242
-4760.278008848891
-4767.591502838923
-4775.009334793005
-4782.17016501941
-4789.852239113838
-4797.502675409
-4804.925113358801
-4812.309938817695
-4819.574000942615
-4826.817952312501
-4834.085898224434
-4841.191437475174
-4848.357006014167
-4855.5738984299705
-4862.930864308866
-4870.320970896086
-4877.606207950032
-4885.058402603321
-4892.457350217174
-4899.694734644195
-4906.810034810041
-4913.964848415043
-4921.130092215055
-4928.356292602146
-4935.540035412582
-4942.705701251041
-4949.801057306259
-4956.941052011423
-4964.007318931669
-4971.340319198245
-4978.806089852109
-4986.310635062044
-4993.688645835456
-5000.913660224698
-5008.241130308646
-5015.591916860179
-5022.943288159893
-5030.275606849612
-5037.604535355062
-5044.752387129894
-5051.913829735937
-5059.273072269327
-5066.597504865295
-5074.01825488997
-5081.651095243299
-5093.2907282782835
-5100.749546515654
-5108.339504932849
-5115.945642212947
-5123.426392023559
-5130.612828609703
-5137.909134738871
-5145.388268281186
-5152.624877477809
-5160.09264273902
-5167.35585459386
-5174.650468589737
-5182.0743177692075
-5189.570995249782
-5197.064067253093
-5204.523088343663
-5211.669776460069
-5219.054067728144
-5226.282971388356
-5233.52766090897
-5240.582224204501
-5247.808068423892
-5254.904618692407
-5261.992200548909
-5269.144805072308
-5276.3129986048625
-5283.625219080312
-5291.184163170031
-5298.563114688349
-5305.659787471584
-5313.118064327885
-5319.985597737502
-5327.269927491004
-5334.482736345705
-5341.826798417326
-5348.959389905431
-5356.092731581357
-5363.371857026663
-5370.689639829122
-5378.089376341248
-5385.554251779881
-5393.171819791921
-5400.6332354463875
-5407.855477669861
-5415.198367490508
-5422.385365199186
-5429.532201698835
-5436.808065982497
-5444.2145113003
-5451.6025053852
-5458.94246589677
-5466.428383041109
-5474.0047482627915
-5481.733712492643
-5489.282540554393
-5496.769914043269
-5504.355566916663
-5511.857998963593
-5519.288676895499
-5526.632043706216
-5533.952562015668
-5541.241206715468
-5548.447069858349
-5555.937113760017
-5563.160608812905
-5570.370740055115
-5577.667632059134
-5585.296895899355
-5592.804059997087
-5600.139085398732
-5607.390888096327
-5614.5423413085
-5621.536549608358
-5628.430391511414
-5635.524008349081
-5642.496864810526
-5649.734362436089
-5656.900021460688
-5664.071933006998
-5671.188037740036
-5678.38333262639
-5685.709637574148
-5692.935147521345
-5700.385738008013
-5707.672795922889
-5715.004997297467
-5722.150753709818
-5729.282959833211
-5736.61403499003
-5743.809952959586
-5751.3197845812565
-5758.818418867347
-5766.119764497835
-5773.503875415981
-5781.095406435265
-5788.630580711003
-5796.139502718947
-5803.6069468126325
-5811.103441640978
-5818.551613905383
-5825.846547476007
-5833.357817456287
-5840.682295955047
-5848.094708771678
-5855.499787704648
-5862.438935982501
-5870.35172890833
-5877.779922562556
-5885.353881398981
-5892.740028997762
-5900.059843474697
-5907.428403719862
-5914.902963962806
-5922.2719282789285
-5929.422503345966
-5936.47514798829
-5943.815731884721
-5951.078195491874
-5958.378941036888
-5965.6809164181805
-5972.7821315751335
-5980.073789464605
-5987.190922978184
-5994.446711499679
-6001.771290788147
-6009.020069755809
-6016.294066530275
-6023.556234106051
-6030.62523132824
-6037.686452921331
-6044.762944182064
-6052.06101809447
-6059.278094779314
-6066.521852207029
-6073.675844702958
-6080.830612927221
-6088.251581427955
-6095.543742847867
-6102.861304016491
-6110.210206361629
-6117.610548777092
-6124.896176679424
-6132.267589780783
-6139.5680079804515
-6146.878946617454
-6154.1001927274165
-6161.577386949778
-6169.014989888193
-6176.460937463746
-6183.955680158617
-6191.509417087506
-6199.109277370626
-6206.763539708442
-6214.405659107765
-6221.832858426391
-6229.4833791143365
-6237.01153033545
-6244.697328065662
-6252.065707302998
-6259.492749250219
-6266.817278484657
-6274.219687247742
-6281.405778215387
-6288.676452657744
-6295.631956375654
-6302.95209757726
-6310.279256601206
-6317.664518603
-6324.849149651765
-6332.017635003723
-6338.9050083667335
-6346.038840470418
-6353.3148537285
-6360.408286982584
-6367.651071036211
-6374.765115084644
-6381.718721687397
-6388.901605453915
-6395.8870490321
-6403.07328616796
-6410.356948282356
-6417.720459446958
-6425.135660245026
-6432.385887027072
-6439.573143071438
-6446.968142220416
-6454.470140633333
-6461.885648843652
-6469.278734561365
-6476.865088866345
-6484.21674474547
-6491.342921845087
-6498.754379047465
-6505.921232488499
-6513.354364982574
-6520.8662203060185
-6528.361863351981
-6535.802341130823
-6543.288987096367
-6550.973033958653
-6558.519219716354
-6565.948884644516
-6573.463006341764
-6580.84057079468
-6588.3767141506505
-6595.728718165302
-6603.121561988315
-6610.358607303108
-6617.74645811739
-6625.066799148503
-6632.444401271082
-6640.06187943892
-6647.3635238658835
-6654.490152400655
-6662.027897526269
-6669.395838204167
-6676.794106458264
-6683.994104573738
-6691.185099847621
-6698.301911656693
-6705.355923139702
-6712.448868823969
-6719.632363537171
-6726.861968208254
-6734.096581869637
-6741.389880312614
-6748.574081037795
-6755.608894818459
-6762.609166952596
-6769.899949969166
-6776.999027235615
-6784.24283271356
-6791.37089137547
-6798.48260403512
-6805.599890744972
-6812.878870923931
-6820.193989462853
-6827.845855536516
-6835.292504456861
-6842.585553418098
-6850.195227970503
-6857.51096257811
-6864.749822595327
-6871.879955085664
-6879.452475750206
-6886.703762085225
-6894.204802740883
-6901.633716569894
-6909.315769535995
-6917.058606902223
-6924.718463781795
-6932.395304427227
-6939.957920313968
-6947.845234835945
-6955.308831056458
-6962.877462818464
-6970.203653202156
-6977.489784996322
-6984.75093018227
-6992.06404521757
-6999.191296840195
-7006.3718071695175
-7013.47936972634
-7020.825733555575
-7028.2034604283235
-7035.564160306291
-7042.908763561072
-7050.319688960094
-7057.467893382015
-7064.448117051471
-7071.590713147855
-7078.723400593817
-7085.925723387987
-7093.047215633301
-7100.073156826272
-7107.246649500453
-7114.251420794903
-7121.357313008652
-7128.670663262119
-7135.998404111265
-7143.313995778875
-7150.549571076942
-7157.700731541448
-7164.850797835162
-7172.087699170562
-7179.427318116522
-7186.8229593062915
-7194.11855223954
-7201.526676727959
-7208.77523028634
-7216.0446714673035
-7223.2499283289635
-7230.679942269037
-7237.961196700062
-7245.427986926317
-7252.970467180968
-7260.5785541493615
-7268.269793469237
-7276.025752522232
-7283.460255254119
-7291.135268418882
-7298.6786099138135
-7306.301832323992
-7313.87730899931
-7321.502978550348
-7328.725707124417
-7336.20448236485
-7343.498295309537
-7350.981139173481
-7358.415459000038
-7365.694340648968
-7372.874708120265
-7380.120485199855
-7387.367648658272
-7394.684299572115
-7401.9855546211775
-7409.269419600174
-7416.361246466661
-7423.48815678228
-7430.527180967417
-7437.59833262171
-7444.8948235224825
-7452.073027107072
-7459.210204808651
-7466.366805391489
-7473.467155808643
-7480.548658690381
-7487.75419368244
-7494.934358403145
-7502.330638825457
-7509.486668474187
-7516.932422992562
-7524.042152072624
-7531.401163677737
-7538.762688895957
-7546.056683811008
-7553.429896673115
-7560.817646488167
-7567.944159997916
-7575.289291069165
-7582.524367342741
-7589.808813430178
-7597.071748818738
-7604.551261827268
-7611.988247797712
-7619.324620047747
-7627.007812574926
-7634.561531196079
-7642.186022649275
-7649.667990947096
-7657.130019742317
-7664.931450557167
-7672.248794408105
-7679.717277302186
-7686.893421668306
-7694.237256535165
-7701.442225360583
-7708.979069434439
-7716.168320603288
-7723.545079095978
-7730.867182859001
-7738.366809642028
-7746.120428735505
-7753.481236955732
-7760.656647253141
-7767.8600771676265
-7774.972086144749
-7782.1635952312845
-7789.300327932198
-7796.418795658279
-7803.667523814148
-7811.029107953317
-7818.489227685627
-7825.659018378528
-7832.889845339757
-7839.875082514702
-7847.055130543876
-7854.233449662998
-7861.4565350575385
-7868.598986631611
-7875.791438230343
-7882.9172786045365
-7890.208171228192
-7897.610212424029
-7905.179712559959
-7912.711866787551
-7920.33265684448
-7927.606861733062
-7934.9128572141635
-7942.401685483876
-7949.725425564792
-7957.088388895489
-7964.400453881605
-7971.825325128211
-7979.318819325379
-7986.8243703056805
-7994.450639511162
-8001.929886454069
-8009.455377464094
-8016.950327706566
-8024.464641435613
-8032.209798194691
-8039.621592823411
-8046.91368792141
-8053.921854346807
-8061.105690245973
-8068.282468881281
-8075.4592918873805
-8082.87438997568
-8090.089083424246
-8097.004004719425
-8104.734009015624
-8112.104731869212
-8119.450133961693
-8126.82699748033
-8134.011277263144
-8141.106332012927
-8148.01591740267
-8155.147365799857
-8162.078465719033
-8169.359451130005
-8176.623052860308
-8183.856657053311
-8191.068394476377
-8198.402600383972
-8205.743827251057
-8213.334648846705
-8220.80652033681
-8228.247550089129
-8235.569728406852
-8242.767822906688
-8249.964517824263
-8257.165084111206
-8264.435927290488
-8271.719857466407
-8279.1003328085
-8286.532878489072
-8293.93625745684
-8301.536393093436
-8309.14737705273
-8316.642127228906
-8324.121885229157
-8331.537631097699
-8338.848417880443
-8346.03373327441
-8353.310270232578
-8360.666393337127
-8367.888939307035
-8375.211921406351
-8382.542419362831
-8390.260296784763
-8397.89471704559
-8405.615507848952
-8413.272720027588
-8420.724806087339
-8428.238544368414
-8435.79630305942
-8443.057789057671
-8450.265874022827
-8457.13904577385
-8464.440627400376
-8471.374120416756
-8478.472921771663
-8485.72585571918
-8493.141551405604
-8500.469568321927
-8507.843918568702
-8515.107156471662
-8522.242502288724
-8529.298300254843
-8536.613977859994
-8543.833879138254
-8550.859610204432
-8557.946988829344
-8564.93915396978
-8572.082067698157
-8579.147151834464
-8586.240449794539
-8593.6429351912
-8600.817940494107
-8608.309554048485
-8615.929197296808
-8623.675412600207
-8631.278542878204
-8638.81347337009
-8646.07140251729
-8653.365243159456
-8660.64877036301
-8667.88346814131
-8675.182876723999
-8682.482618391348
-8690.008311261343
-8697.662466846652
-8705.116921486582
-8712.664553420369
-8720.391150320875
-8727.989349875603
-8735.456974203025
-8742.5024817291
-8750.35107731686
-8757.740493291054
-8764.968990106996
-8772.118707736889
-8779.353105669721
-8786.707248427674
-8794.231351895713
-8801.820855395907
-8809.198614521463
-8816.615546109799
-8824.10637008742
-8831.296253919822
-8838.278113094162
-8845.31348185897
-8852.395561009454
-8859.509839934313
-8866.518814376319
-8873.589340271124
-8880.628127624857
-8887.803517278024
-8895.099555954836
-8902.633522232461
-8910.261748693121
-8917.679008725567
-8925.126316966687
-8932.304594027317
-8939.379192449565
-8946.343839071229
-8953.333621247764
-8960.219001745943
-8967.386025800484
-8974.708111937696
-8982.13433075235
-8989.75948228966
-8997.306124896595
-9005.089515898202
-9012.610705405292
-9020.29389231173
-9027.814695489958
-9035.159268574247
-9042.222045657232
-9049.421697494208
-9056.577223391943
-9063.665108808811
-9070.835832394892
-9078.176999935738
-9085.483364492833
-9093.05613087351
-9100.604678680062
-9108.55100512713
-9116.33540389303
-9123.992054015183
-9131.485496267309
-9138.78463546233
-9145.977024613865
-9153.191751163477
-9160.406118924187
-9167.544366677928
-9174.81782350873
-9182.355345785465
-9189.644416537467
-9197.122875225283
-9204.471404672386
-9211.9200143288
-9219.039538919258
-9226.410534849269
-9233.400253605032
-9240.448326754999
-9247.465631720854
-9254.430031459884
-9261.370483234326
-9268.621299050768
-9275.536050991937
-9282.865683789581
-9290.089847823561
-9297.704673744538
-9305.254207962575
-9312.665046478742
-9320.12003663278
-9327.465696573652
-9334.682626801414
-9341.980522403564
-9349.12703163749
-9356.403388490913
-9363.752240075079
-9371.014448234291
-9378.530284236509
-9386.04856847964
-9393.659768549303
-9401.42396654829
-9409.017090031182
-9416.50137666171
-9423.982009107522
-9431.37874145699
-9438.763014207521
-9445.895898217346
-9453.094975579836
-9460.17196413852
-9467.83597319026
-9475.216446284507
-9482.86634519487
-9490.525825479444
-9498.0874988174
-9505.855770551114
-9513.388413293316
-9520.940526213539
-9528.281315686265
-9535.386553489776
-9542.732105292353
-9549.563234881354
-9556.407865518566
-9563.23599582855
-9570.242342440075
-9577.559140823125
-9585.066798487156
-9592.535656975853
-9599.907688869716
-9607.122611617682
-9614.359639653521
-9621.684596481642
-9629.082400482454
-9636.112649622912
-9643.225881043738
-9650.220496143598
-9657.133761516205
-9664.102280187304
-9671.223377121774
-9678.325657576019
-9685.674956048011
-9693.266292131992
-9700.942768943392
-9708.557133977843
-9716.261750736914
-9723.536610914896
-9734.365110391465
-9741.490822657282
-9748.69375573498
-9755.743098346305
-9762.946969968743
-9770.134562991541
-9777.464172499062
-9784.992625708177
-9792.730768903213
-9800.394944405512
-9808.183129619083
-9815.808190130807
-9823.34344320409
-9830.782770046202
-9838.527981127456
-9846.45683154135
-9853.275034390832
-9860.870870073733
