th
54.27527650843815
53.8591010701088
55.192323785978544
53.99595860500972
53.813223358892834
54.32409170182015
54.0389671180553
54.07168478314007
54.77889643458501
54.45089141553464
53.695003403742334
53.71764610164117
52.98116836433371
52.98328831625509
53.05925938486063
52.69734245921587
52.59280425111684
52.10965949947348
51.88309081995455
51.71839687158791
51.58151055105926
51.19936941891413
50.70869175133677
50.34918500338864
50.04299178980744
50.35025424849831
50.666819519773306
50.868341031778726
50.59157118061957
50.399662247419165
49.89913290492806
49.90194556330523
50.514309972096584
50.705216978606884
50.70548272897312
50.58227633002964
50.31110215338474
50.14587934628444
50.298692446638164
50.87808853530318
50.88361391180218
51.1430071028281
51.29938762928998
51.14488005017665
51.37790368427338
51.53113268271316
51.39330625328809
51.44552934734783
51.31897107918364
51.34373628758113
51.48552219305083
51.805316735144224
51.905849203208724
52.28712132030504
52.37890620592757
52.177322098762254
52.46800662085854
52.577478789787975
52.67239545672284
52.91668266281062
53.235904656084465
52.87116772633399
52.680334322086054
52.52831145193742
52.341390555800686
52.55243552114262
52.7426812520268
52.806848844241614
52.70660398340647
52.297610769463155
52.11617819453404
51.99256997353419
51.64652609035042
51.46174631215738
51.48275391836076
51.19310472725547
50.97157168721911
50.87522158285779
50.77444809056977
50.7828799593474
50.877913804898554
51.075258298074125
50.7941483722708
50.82635911983962
50.80647561039457
50.662820128376325
50.69141103164791
50.686045720316024
50.72396895357139
50.56233231799071
50.6349556388427
50.73646888568856
50.800345262691735
51.13090219277311
51.297171952355946
51.51598121669245
51.738367449557785
51.776113935141076
51.77109165070149
51.795040035959616
51.59879706318175
51.614554666209486
51.844006822982905
51.84675433890054
51.97615035293414
52.12835251325539
52.12145829667903
52.22842404083979
52.43930825676518
52.491292877639246
52.64454888154523
52.79542014099546
52.77565152555446
52.643365972165476
52.65989513245595
52.630248726396125
52.73546299649351
52.50872722945832
52.34484892312785
52.23682707328457
52.160401081066944
52.125996343024354
52.09164842220212
51.927095714963365
51.78171899716525
51.511844147584135
51.289170363483734
51.33340719138967
51.206675943955254
51.36872174608138
51.24611695549406
51.15863827304632
50.91278052292933
50.79456474639456
50.76392754499047
50.76343051023166
50.810068768153165
50.86969491231772
50.696011322214886
50.831319575980544
50.8061578598701
50.84543235638744
50.94799182248286
51.10250557724054
51.30523200006807
51.516738416159434
51.65453433218782
51.77894712921293
51.8205726167952
52.00136414668895
51.86230310925561
52.02785473543879
52.05306133040374
51.97050557412445
51.96332057246813
51.932811454683275
51.76109085674279
51.80799401912106
51.98516746348924
51.95809465934769
52.30811348745156
52.106890618636434
52.308970657057905
52.19301316099042
52.14186057855166
52.25687121421333
52.168202706405275
52.172108590637876
51.94257314800724
51.82454291753733
51.63559253992728
51.5291640669465
51.53353169635007
51.565507244406376
51.503038936360376
51.568750311900715
51.68363781505392
51.67606420427074
51.80636157560503
51.58998694909733
51.61461745165841
51.54907002801043
51.38690642952911
51.290105837253414
51.12429728591719
51.15867911899348
51.29068125713547
51.198560739290585
51.26158770399766
51.215321719833014
51.271988088259974
51.22662847108983
51.13214540227827
51.27924987412248
51.21691116141323
51.18209680161616
51.250585604351855
51.08900875939755
51.28816218454724
51.41917189358662
51.55548818030719
51.89999602990387
51.96003780944534
52.15582174659765
52.15245429994516
52.18603300940498
52.22578326527795
52.02501669838575
52.274814272810794
52.07584277634889
52.07370553846289
51.96021465809368
51.918822044961296
52.100174189716
52.06799479414168
52.07428123615494
52.16778791276631
51.82019252043805
51.838109858375695
51.427603793607624
51.301553762532954
51.11371885828041
51.06312268980336
51.007714655144504
50.99182436744751
51.18313218109098
51.22685150603974
51.489782977548856
51.66719268602152
51.69618674934313
51.80217966226799
51.72371014484509
51.48714580330286
51.47043701436239
51.351769582116376
51.45581790966662
51.408179364916165
51.433811473764
51.54733087660117
51.83580331483395
52.10700939707674
52.187475611790966
52.336889847651435
52.2352616796993
52.18584464887734
51.877678232014944
51.53859097570823
51.28654281442621
51.12098398255561
51.01113951344849
51.150740488720395
51.19842007080404
51.31520736533267
51.431226069827524
51.72012588224114
51.83007497879069
52.03727592606883
52.022402811452686
52.06007232323401
51.8775586045635
51.761278794819745
51.711035092154255
51.60816854849327
51.72055590489968
51.637939752593816
51.73343891360383
51.763559426298144
51.746806073263684
51.97166842083053
52.0375315591803
52.05425983068418
51.92845882462018
51.724381383422134
51.60597797702856
51.270728938846936
51.02065879964439
51.113951509638134
50.976213291052005
51.215705988949814
51.145677150451085
51.35102842703896
51.52191458883636
51.54167210115763
51.76433580120936
51.51804166232548
51.726265943893075
51.47905945027517
51.221742091715974
51.189739181768005
50.99895869542142
51.08543483990867
51.176998971204966
51.25191481593356
51.48315933816822
51.51515128691128
51.683130037872225
51.73929629748504
51.736662650923634
51.742416584056556
51.79146502962931
51.64004718840318
51.57025383870091
51.45792980580695
51.15485079877747
51.182626933430626
51.15014320195591
51.48020009640001
51.60722987298961
51.74036305610586
51.87415857375214
51.99213000273277
52.106208913590955
52.12463849471528
51.97669743717232
51.726347870667944
51.529566810467095
51.30302068745294
50.986887252488366
50.94849172617226
50.946500419610906
51.05470280752334
51.163385511881685
51.26082133633925
51.64414194648008
51.83367845080045
52.076831468943205
52.16384369985961
52.05147339686951
51.9528939990352
51.72727320760263
51.566836247981335
51.38632648426852
51.32344480611209
51.397175182722485
51.4174292881361
51.599764826781396
51.833358298546614
52.03939742015605
52.20280033219761
52.186632801753234
52.24890084805638
52.017963712604626
51.78169742189854
51.500504061140674
51.13901365404976
50.89991987625033
50.70023232000507
50.77001241419173
50.94667890792429
51.110335805949084
51.400273915457696
51.64933372364187
51.735587959558195
51.906695673300625
51.82475428242864
51.91011686034574
51.747081528823884
51.64246422904218
51.535357062580616
51.495634570633655
51.63776692902148
51.92743387932125
52.19753001750955
52.25318265360111
52.56299710303728
52.64383864027625
52.613548014508176
52.35021389869416
52.229228021991155
51.88822107252368
51.61392074536789
51.19110191917251
51.098454377862396
51.031402265599496
51.01024207025007
51.36024358360762
51.472679837187926
51.65104358879785
51.84465635087095
51.8051563295618
51.75987762668375
51.66637036165654
51.43924511678225
51.34517529930474
51.05298906660916
50.8343524437611
50.66737244957197
50.81363747224475
50.94719921881631
51.12268723519482
51.45110121603527
51.60668003608022
51.77888734716357
51.89229499836483
51.80676410239678
51.80712750269368
51.75891678991089
51.59782604701163
51.58847282826005
51.42277850868944
51.40082241459376
51.42335389346426
51.371180343216125
51.54523756145544
51.734771275288296
51.74346717672835
52.00860986043157
51.854075680816344
51.84619494317666
51.83460975016742
51.75807050750063
51.77635693810204
51.58543878686382
51.59441937574026
51.37675300029122
51.44628384542949
51.66723101730782
51.70692940483596
51.82991276338401
51.952589846799754
51.81218511759406
51.894834435258495
51.81113677325891
51.71640700046753
51.647821646703385
51.481544768803374
51.56211454161832
51.552430287818495
51.47241664642386
51.58021141734997
51.6343961751871
51.82273807235519
52.06045250545353
52.10295180479089
52.0369431637599
51.911588999390936
51.691298521923514
51.36377292534729
51.04420300491334
50.87334628263493
50.534437329857134
50.48616832921329
50.47035604106137
50.54529301881605
50.70165635681356
50.899993055413404
51.20583333430945
51.349493085949206
51.43688698596312
51.434706869017866
51.36236398389008
51.28474012416847
51.26607397515997
51.15148257048535
51.220136333683996
51.27583177308794
51.45217657897274
51.62857786245262
51.88072145689412
52.27380934865771
52.405046261450764
52.59534291492657
52.53729163426913
52.07566969432865
52.009036097351625
51.57016910049046
51.386200306334494
51.14837873496895
51.160061570209365
51.26028969972965
51.19980054020662
51.42856640034581
51.650253848574366
52.069010808450706
52.186291534832584
52.21864963996785
52.350499969901136
52.10399575979621
52.01904621794427
51.998088594099706
51.93429393547313
52.098050561360296
51.95401484752239
52.01365451919051
52.154901321796565
52.25346330717168
52.37530647550245
52.55319720275758
52.64034301558526
52.545274205601906
52.17474757362717
51.78203991599859
51.465345465388715
51.26413711575099
51.03382250929849
51.01657231849131
51.1300765999001
51.285687270075236
51.2550199564735
51.380908965968175
51.4650394202383
51.44179413580199
51.37120343669003
51.29917047442833
51.236035142108186
51.105495721328694
50.82967722232727
50.76401890543472
50.79118046030049
50.799148094664226
51.10178843331358
51.36936247820085
51.49841267179418
51.77892826847221
51.69897023556801
51.637381918464605
51.5848171470146
51.54930239154813
51.12109933641558
50.90807064992926
50.99543157480344
50.853777303076434
51.11694863719907
51.24730204391924
51.72804954179369
51.996836095432265
52.20239449443544
52.394286041576194
52.344589471621994
52.4603354443821
52.35373915416864
52.18910333286842
52.08493238926295
51.856707215690065
51.790641833944555
51.90118083284941
51.90301075748813
52.00931405442103
52.1916450610555
52.40205086994526
52.50503162351346
52.46714944277815
52.45177011862246
52.38576323521753
52.14649941059771
52.055037799994295
51.692555803549425
51.451021202906524
51.182142542190725
50.818105046928494
50.95425751069299
50.97535835675584
51.05082735395785
51.17123165018239
51.27748252270683
51.24682004960423
51.187034964298824
51.13606471446938
51.0279123084304
50.78954120107912
50.82575763485935
50.51415427421237
50.450206633743285
50.49070621233751
50.64651213069049
50.93499153010668
51.2051439263705
51.287985916897604
51.49387995748016
51.502608390081974
51.71550536256313
51.829805815720206
51.66645810493625
51.84977824071486
51.5704182403297
51.6199161930433
51.64524443521688
51.76394556128899
52.13800020511252
52.34641773362386
52.66006298744918
52.883432679660295
52.806514273444705
52.780721744171615
52.62790271529172
52.418058803949435
52.02881090129681
51.797082295698075
51.465585391946476
51.2290241712765
51.082402169016
51.03491198211496
51.106719076983794
51.26751403575306
51.580673915178416
51.57521188948388
51.81005220689676
51.84610554623329
51.63257206181828
51.401234921779185
51.24934835972252
51.054325049970444
50.91253694319314
50.88052709906344
50.734333567032124
51.0246470151966
51.23277589216704
51.36653465323911
51.56950316120001
51.825722289453786
51.82297441385198
51.76018329841267
51.59256714699325
51.52445354934321
51.43288711726375
51.29118126629578
51.05283361718237
51.06410995643049
51.06607556446151
51.243202894015354
51.505633959382706
51.65909416690684
51.953471991046605
51.87832123948156
51.82326453251903
51.71954773838076
51.53733681484844
51.61469196489276
51.41892731351758
51.46394947113661
51.595114840437525
51.49646836430112
51.77728349613174
51.855696459377185
52.090882045233414
52.03738886333703
52.156268225220245
52.03808879281967
51.878900480518105
51.76353605200258
51.491785507963606
51.384381112525936
51.18742253174131
51.179982891809715
51.29563682954804
51.40726943463014
51.4576207806653
51.52505280853323
51.639496948764446
51.600521950860276
51.80999514603544
51.57881701526406
51.56242830710642
51.20603533563965
51.020336725373795
51.091290016243484
51.12799580029188
51.30999808725746
51.341459546508815
51.50483724978058
51.7915151291918
51.78452574079093
51.97687505275938
51.996843247001436
51.939395142848156
51.71382116107797
51.45145872129391
51.21158098702879
51.210987929539556
51.175012179771535
51.40990252005675
51.64290533097755
51.75053683691624
51.892746961834696
52.03943801532852
52.100423867760384
52.241562136897414
52.159845626459095
51.92033809766803
51.696843636457146
51.38219527291951
51.25920357964813
50.970040963816196
50.96407402544065
50.97253106509545
51.027837106359655
51.230535988193424
51.2586466879915
51.49651688336406
51.43011070293236
51.50236368512204
51.616368782547895
51.53630268548809
51.55831656983452
51.353797222334634
51.20824122451015
51.154126488032034
51.10583718566079
51.313034172707425
51.45120851509411
51.69114576963258
51.77599274285874
51.874155192921194
51.73829642119345
51.876371433559065
51.83900754506611
51.71007967988556
51.587086818964714
51.45949462544964
51.22353269340575
51.153001003591974
51.18308072566718
51.209185830361456
51.26879155953106
51.2110518102415
51.20401743304569
51.20108261020781
51.19105370233903
51.33744320322123
51.34429316157107
51.2998756185115
51.1549910958303
51.174007135111616
51.059307495538995
51.14296042592249
51.32673322648433
51.54747904892898
51.82537084535559
51.87420879980698
51.95758669050812
52.081745010881974
51.979176501000445
51.88919915350555
51.814312964458246
51.7681895317731
51.53070558589052
51.42262901951121
51.342076887995624
51.20102429829759
51.336322181626805
51.4287265634231
51.60760027169957
51.64619662957388
51.68347898459004
51.67873050303561
51.56952847962429
51.450116324843734
51.40222277847122
51.27564605435152
51.181453591213376
51.108856201033724
51.16339594314316
51.1917751136422
51.4415916468369
51.54804373726533
51.81964492802212
51.80956425454569
51.820212764818955
51.76831402841758
51.682267858715846
51.66731159342329
51.47519693163833
51.215592972897376
50.980798999623886
50.85065334422222
50.87171987307879
50.974618724994215
51.08128571925843
51.328908120118705
51.340435392686615
51.41917053238061
51.44773875872949
51.347689458717184
51.312527963756104
51.21568011758695
50.99915494949922
51.024365744333686
50.921046003922584
51.02408392361106
51.12516983414235
51.2245659510196
51.403816446617
51.6505173298277
51.8453671662406
52.15874554469037
52.224495305762346
52.32890510814116
52.269376681504134
52.27725135598338
52.176549075209465
52.1071804180407
52.15305543796641
52.0286573222785
52.057556533220314
51.895958017109436
51.84523407916384
52.07371237182143
51.958900216132875
51.97402200551873
52.03177288240237
51.70964205812011
51.72427799157338
51.66749680239285
51.58558166430067
51.5988423501834
51.30520893023268
51.167246133232354
50.98885106531045
50.91493088878819
50.87737608158426
50.768006288528575
50.859702004865426
50.81381812958191
50.83452553287339
50.96245834956029
51.16589223535184
51.33659440694155
51.54783608120926
51.724441722244805
51.595687147263895
51.74927118289897
51.66198283928588
51.702255549023626
51.79449687269279
51.75983014464134
52.03523717293768
51.97754011897704
51.92777094329785
51.986558479273064
51.9586348398477
51.91909471973094
51.93542320729471
51.80969554403711
51.735403398047445
51.534058193757595
51.424496547094556
51.1377119571701
51.06464098293966
50.99210748203259
51.128760484642136
51.10930904722221
51.26570260821314
51.269460989890455
51.24290493424526
51.42825880342737
51.5099362379474
51.74979617000981
51.679642305745425
51.57236843775988
51.70941530247159
51.476894412295344
51.60817486032815
51.58423238603264
51.62893615098453
51.652993230474344
51.51729166628297
51.6120738252546
51.60538770884739
51.53141976632032
51.63607014808808
51.635506625901776
51.56284021801412
51.39939759659195
51.20952176471104
51.124177145245916
51.02118273492614
51.0173185995269
50.89420805430306
50.971958152071444
50.85630148337624
50.94282743738969
50.94301466921395
51.05629120654711
51.23290148263647
51.325238451402015
51.33879176406492
51.33824229666194
51.243480392146694
51.36571322899354
51.14295865122576
51.255872246458786
51.28786093728417
51.22622531687625
51.29510306730983
51.37242671507767
51.421875278876996
51.637860620991
51.63930654633107
51.86303849288156
51.90183165778803
51.86091305856621
51.77703002214248
51.649429828697876
51.56972893114796
51.52180413883453
51.60625492265096
51.55033369024998
51.64652200227796
51.60540395731854
51.66934360730009
51.73589465495848
51.80400351232846
51.61531599947785
51.486688721416826
51.515821553299624
51.26929173069227
51.19774879726578
51.16278136581015
51.19399534591213
51.27894138027812
51.36519389935399
51.339568544888785
51.46344043317936
51.67032358919957
51.64178461045624
51.883169102566775
51.56590435658958
51.66513130617778
51.280816843806775
51.029885228826394
51.063248264977396
50.806431658349595
50.91201759511748
51.02852687935426
50.94146888839196
51.20360552172339
51.291426304579524
51.452022107801206
51.62929281521549
51.64510990312138
51.74275891727758
51.6825656913755
51.573542242363686
51.3594591831449
51.267111573431755
51.327077130096015
51.34480793764952
51.58717491500655
51.79594782377555
51.92549043496617
52.073599982858006
52.14958589640941
52.21133432742697
52.21904122088224
52.3268914202645
52.25543760157017
52.14758053268664
52.062272000927855
51.79308573665442
51.855240329220464
51.84839253146069
51.82920321772498
51.8601978972987
51.771895161510834
51.665099346685444
51.57977928465125
51.45653669665259
51.46188146633832
51.42245318218342
51.43589399186526
51.25306157155753
51.15053790769967
51.045101897767466
51.17096041374237
51.39904407567336
51.15118400617103
51.241253193695556
51.10111905075342
51.004779085094114
51.1130762191453
51.03418038915126
51.129661095680724
51.088061648499554
51.08185973485354
51.14805362119017
51.024334220235836
51.053199504761295
51.11628085314245
50.93208347230452
51.13967482831216
51.0561605349233
51.056069699922006
51.10480118936973
50.99720354205618
51.077043404292304
51.13090830645253
51.26442240028526
51.5496325108297
51.597684613344846
51.76481091251806
51.9071496817074
51.95073920816721
52.02891672372152
52.09244752456271
52.17077503116291
52.30227496826742
52.35979766025335
52.3176261720643
52.340355083746026
52.45036583810274
52.44217234977845
52.34499491870417
52.47230246335336
52.30062436117783
52.16747384277638
52.12248124995328
52.04330639501566
51.979857316192245
51.82872933116681
51.64822253294158
51.44682342934844
51.302885846401146
51.232123898742614
51.14878248067205
50.925851926462435
51.00476130933232
50.776570460588076
50.839157124621664
50.83746020766845
50.75257958585932
50.8628350881236
50.92471199052338
50.99008383745278
50.84681121654131
51.629729253334006
51.648362892149905
51.63952977417105
51.55953428305159
51.349738103165876
51.43545988879689
51.42576371149126
51.39968961275128
51.25228561115283
51.27550733571547
51.254844648689335
51.18842891054999
51.32869546031841
51.18141924476686
51.133245193840985
50.98681429332038
50.92169046595469
50.86674930477842
50.87657866561809
51.034184957352565
50.94767641008663
51.2468581423507
51.13278325537094
51.29058601318161
51.443335784807324
51.334220881105935
51.5280364919467
51.16298184453571
51.194543603861305
51.087824307299876
51.01651268418222
51.12348500622159
51.12091701225423
51.36741139505444
51.40608354655429
51.53290193399041
51.788625157645725
51.79715741070279
51.839222157097716
51.86593870478892
51.79956269562692
51.83014256758918
51.640564742668005
51.61122358778322
51.55097739759872
51.55391243744853
51.75809536128198
51.59859341910117
51.81098536415039
51.79349266794128
51.67364516367134
51.68355379499927
51.4797073782747
51.35585333502901
51.23249295268589
50.8854031980578
50.976905978105634
50.56093653768048
50.89798893203996
50.96609582846593
51.099598017646215
51.54212184235888
51.68618915762253
51.879427026894504
52.140212143675946
51.928786724523455
51.87590233064042
51.73570095816914
51.49618771870812
51.33590364633951
51.19203658401765
51.02351105238401
51.29516419645983
51.33320066198013
51.57919425056568
51.87295219526105
51.948765313536235
52.065319861292636
51.88331706343857
51.73482089867443
51.590472834014065
51.27190074115625
50.99888286568205
50.732738718077485
50.610691451523316
50.58453652167207
50.75960832823975
51.00740009967008
51.45062687239237
51.748070776365594
52.01811172766856
52.10475213453211
52.15841348669118
51.99639269435853
51.949434196229035
51.69956866258816
51.39354743232728
51.16914510415135
51.025143851585156
51.14359726433962
51.26716871867282
51.353948119555895
51.64500672595457
51.81293302523737
51.869033979432906
51.89846288246858
51.93407542332581
51.74867486204855
51.75986195206326
51.39179700124489
51.31111070100126
51.087854548075896
51.00370025580609
50.8806105478073
51.00394094550263
51.27246238636738
51.17718650294131
51.64237846538758
51.70025946876797
51.7010489388396
51.83195432610548
51.64391274329701
51.49436273075628
51.284393608922535
50.99470731823296
50.891677155326754
50.838970829626916
50.95116256627539
51.09276173943231
51.50889489330256
51.88525098533782
52.064088116031186
52.225482519651536
52.25396450587459
52.127460189105456
52.001250375727444
51.67866478754612
51.50862714302135
51.43010453033762
51.3439279530797
51.3644763502472
51.43009928679502
51.5927577835319
51.74188440056908
51.87492568451004
52.11703153654376
52.08955266118969
51.97393126702521
51.74259226502138
51.264818768655985
51.10145436180461
50.74282719837361
50.58965509554972
50.496917403555514
50.504499066976315
50.72545217957866
50.88287643244821
51.26299240387754
51.718082994283485
51.9462629822326
52.141765222253106
52.20226279314654
52.00264541086527
51.84161377889817
51.29310086216482
51.260075503739834
51.11146722251408
51.168906260233
51.42325190348964
51.47628389856182
51.84417219659894
52.007410651538784
52.27096335754599
52.25554533121389
52.177371088490816
51.88403213487824
51.576405446935105
51.12435174379545
50.88749316261552
50.716796979047416
50.71728575910335
50.777618193530124
51.07195466085502
51.37498880064549
51.732558479839234
52.032522081604995
52.33867416931405
52.365192067281974
52.3961054587254
52.062151287476304
51.72220800609704
51.45996929264828
51.15589754529966
50.9855590374811
51.13023847790784
51.21164917408431
51.43720469885505
51.67025226388543
51.829536971507274
51.9760879330523
52.05740773231967
51.91007766954458
51.69375207296964
51.204752501468676
50.87195351455737
50.60088680919681
50.4238822604832
50.4811643429411
50.54268024712813
50.69663681974184
51.09501678063534
51.47912481497272
51.755002700959785
51.94294969023567
52.07262291406407
51.99371647653746
51.75952272155438
51.50432768560527
51.31540716129737
51.16475361408908
51.199323390887045
51.23550502031579
51.528146227381825
51.76146703729579
52.14643634467738
52.34580216643442
52.43438713909001
52.52306496044736
52.28625613975812
51.94345540911185
51.58322776923175
51.22020816726982
50.97015982663367
50.73524216016519
50.745653270116165
50.970807782910875
51.29004873116483
51.679721830080545
51.8819206024205
52.07690730925441
52.105356858123955
52.0148335091391
51.716475242815136
51.46027808071929
51.030399504390346
50.69577549430261
50.523614070537135
50.30075724902815
50.46737322733745
50.631717887722004
50.952264540830065
51.41646920858552
51.686226986519635
52.014104399283084
52.165242039735546
52.23048632825292
52.1863422224871
51.922836152739386
51.688461398338454
51.47637445684275
51.31834227799099
51.27776265837682
51.3712989065676
51.295334257942876
51.56289041949411
51.93423387298453
52.017004224248836
52.34653997213896
52.34031416456294
52.09175603467066
52.113438355847904
51.673664539613966
51.32810288059328
51.09154374192229
50.72495102829697
50.80280786616229
50.82345453401969
50.8959984897166
51.162463319156515
51.62619218216693
51.80708619589088
52.023123347976444
51.971036151118554
51.80755221465089
51.6001650652466
51.37424543112408
51.22615567993764
51.17591694615612
51.015049158725425
51.06611095871387
51.241646549420985
51.43271426832554
51.49195219197997
51.96325607442079
52.07604100294641
52.047657741376526
51.799452185634486
