x
-0.09505827522
-0.09303242810
-0.09157574285
-0.08628879174
-0.08086813859
-0.07469198937
-0.06659463718
-0.05804411478
-0.04872639727
-0.03827398935
-0.02723027619
-0.01563351477
-0.00432582883
0.00760125909
0.01878772495
0.02931806156
0.03971000679
0.04974813950
0.05884364284
0.06741663886
0.07492102815
0.08046122371
0.08452394637
0.08755177103
0.08923708497
0.09013418283
0.08939470997
0.08686679302
0.08256144673
0.07690340320
0.06955092919
0.06178268950
0.04836321062
0.03798010708
0.02675808021
0.01474376805
0.00247963000
-0.00998168945
-0.02135307717
-0.03302706699
-0.04363295607
-0.05354597261
-0.06281983798
-0.07070093567
-0.07778350751
-0.08332370191
-0.08734196004
-0.09018399495
-0.09129279312
-0.09116751777
-0.08964185748
-0.08686156720
-0.08261282003
-0.07734107975
-0.07077164136
-0.06282861580
-0.05412731657
-0.04441969041
-0.03410027292
-0.02297171576
-0.01170453477
0.00023986460
0.01168203039
0.02315034114
0.03439074041
0.04521862015
0.05532421088
0.06436538979
0.07227956047
0.07862574950
0.08398413233
0.08811941352
0.09040893277
0.09148393113
0.09134614490
0.08931519768
0.08590240354
0.08116980304
0.07526460044
0.06827756003
0.06020179504
0.05116551317
0.04057134069
0.02963164435
0.01823035000
0.00662462429
-0.00523412425
-0.01681842655
-0.02864554580
-0.03966860340
-0.05030006434
-0.05974615259
-0.06822315353
-0.07561789347
-0.08194753173
-0.08685959434
-0.09026070101
-0.09180699277
-0.09179448035
-0.09036266780
-0.08723203291
-0.08298826314
-0.07771225120
-0.07115867699
-0.06350991747
-0.05464222654
-0.04507045764
-0.03446112079
-0.02366140069
-0.01247831323
-0.00122388671
0.01001243433
0.02129781541
0.03233823891
0.04333222021
0.05337168922
0.06275661592
0.07061028770
0.07734576175
0.08299430303
0.08744271122
0.09059329402
0.09218078507
0.09201880622
0.09043430499
0.08710894919
0.08245288960
0.07693857813
0.06977332654
0.06195786862
0.05263866616
0.04249404518
0.03146016699
0.01981815815
0.00808287286
-0.00373110978
-0.01556395450
-0.02759809126
-0.03834246818
-0.04892608080
-0.05853487654
-0.06697329879
-0.07432891530
-0.08073705225
-0.08583637671
-0.08936007132
-0.09141334714
-0.09195597509
-0.09094762806
-0.08867420731
-0.08441201000
-0.07922495705
-0.07276913845
-0.06511031867
-0.05660564247
-0.04695877602
-0.03699393770
-0.02575106084
-0.01448890995
-0.00282409151
0.00866233650
0.02014417256
0.03100237536
0.04134236887
0.05122355908
0.06041133898
0.06853561009
0.07579976399
0.08172463836
0.08639791186
0.08954669823
0.09128945832
0.09162258262
0.09046118503
0.08767989349
0.08370250604
0.07846498043
0.07162286705
0.06384188445
0.05465960895
0.04477922146
0.03400415710
0.02218712076
0.01014810873
-0.00193310389
-0.01376739042
-0.02576944761
-0.03684961654
-0.04738620886
-0.05689015067
-0.06577934386
-0.07334002891
-0.07951033527
-0.08476732727
-0.08836935926
-0.09045672924
-0.09132518728
-0.09039640113
-0.08839557315
-0.08492777238
-0.08008201852
-0.07415286372
-0.06703097540
-0.05880923343
-0.04966234147
-0.03948993304
-0.02869154474
-0.01725431736
-0.00569824740
0.00575203255
0.01719339868
0.02855246072
0.03958810924
0.05007806607
0.05951005040
0.06781728791
0.07517244862
0.08094957790
0.08591240881
0.08891836900
0.09081115778
0.09113742334
0.09011162732
0.08759875180
0.08370449544
0.07874666492
0.07247230009
0.06496782462
0.05615843873
0.04638969569
0.03596644822
0.02458372661
0.01276164368
0.00073117757
-0.01122488040
-0.02340513690
-0.03474299561
-0.04588797079
-0.05600128525
-0.06521560082
-0.07341392933
-0.07998208753
-0.08546885750
-0.08918060851
-0.09149132626
-0.09207800869
-0.09122053593
-0.08903494228
-0.08545692416
-0.08055273832
-0.07466775027
-0.06761439359
-0.05966525995
-0.05054131171
-0.04090887607
-0.03060694326
-0.01961093163
-0.00848711846
0.00271965006
0.01394510533
0.02534100374
0.03636070772
0.04688157273
0.05676073319
0.06549734917
0.07329529956
0.07982126020
0.08500626264
0.08910525539
0.09152071992
0.09234325227
0.09148079476
0.08911301461
0.08530151236
0.07996820231
0.07328908716
0.06569491720
0.05686313746
0.04728621222
0.03668904047
0.02547897604
0.01389260836
0.00243732094
-0.00939707242
-0.02026239633
-0.03205921192
-0.04258075521
-0.05252758316
-0.06161856456
-0.06943556941
-0.07661247679
-0.08253530440
-0.08707355377
-0.09021457081
-0.09154904495
-0.09156870642
-0.08994280755
-0.08682837774
-0.08245173662
-0.07686944551
-0.06987148205
-0.06168910435
-0.05271586242
-0.04249926879
-0.03171552733
-0.02035314945
-0.00877185030
0.00268537038
0.01402785608
0.02543691014
0.03613870288
0.04650939624
0.05606257459
0.06464925152
0.07195299993
0.07824500224
0.08349785623
0.08716305938
0.08983270164
0.09090535171
0.09058672340
0.08879155921
0.08548695609
0.08114291033
0.07549645810
0.06855555503
0.06055360650
0.05113482424
0.04055913714
0.02923609191
0.01775222633
0.00544967479
-0.00662992240
-0.01855126993
-0.03054656651
-0.04175863166
-0.05248613189
-0.06183352705
-0.07015098006
-0.07711939425
-0.08311001738
-0.08731570719
-0.09009433521
-0.09139821552
-0.09103154228
-0.08930999776
-0.08618170904
-0.08195149090
-0.07659945523
-0.07001151452
-0.06259009604
-0.05414834981
-0.04455829300
-0.03434187759
-0.02356765888
-0.01221781953
-0.00086349905
0.01068379874
0.02193805613
0.03327211707
0.04406449441
0.05462136302
0.06384799555
0.07181338275
0.07896342007
0.08454816064
0.08875290103
0.09124407885
0.09244437964
0.09186767888
0.08989349656
0.08624949198
0.08157808684
0.07558592161
0.06826621928
0.06005331382
0.05070543325
0.04073834178
0.02994442802
0.01858315012
0.00702865454
-0.00456468996
-0.01600505367
-0.02765352681
-0.03855487027
-0.04895902051
-0.05839653512
-0.06715345467
-0.07470592490
-0.08102548013
-0.08621474084
-0.08963571079
-0.09161327659
-0.09209045511
-0.09087596311
-0.08828132877
-0.08422952293
-0.07875258842
-0.07213197594
-0.06443561259
-0.05563053609
-0.04583279384
-0.03533983519
-0.02421979044
-0.01290843483
-0.00149371197
0.00995035212
0.02086730238
0.03183529346
0.04249628066
0.05224282160
0.06127525695
0.06925629899
0.07638456245
0.08203802676
0.08672586290
0.09007644004
0.09170050218
0.09188768096
0.09062498671
0.08759453021
0.08352856075
0.07787542377
0.07089923264
0.06260659104
0.05330869830
0.04314721522
0.03195534382
0.02031933227
0.00829412038
-0.00382059441
-0.01574043655
-0.02753211474
-0.03850534398
-0.04908772600
-0.05822531513
-0.06662085643
-0.07367760086
-0.07964055531
-0.08447818785
-0.08770259361
-0.08970683390
-0.09030965713
-0.08948386960
-0.08725328104
-0.08371233875
-0.07908154378
-0.07301976050
-0.06586715036
-0.05757475268
-0.04822920907
-0.03815662658
-0.02711243289
-0.01553202291
-0.00404993104
0.00758530902
0.01924408606
0.03066735973
0.04162711828
0.05189039139
0.06122166264
0.06951536213
0.07649615334
0.08190978893
0.08661330786
0.08945315120
0.09109747050
0.09113103167
0.08990579242
0.08718979959
0.08285010230
0.07757279031
0.07091357907
0.06355853328
0.05472150927
0.04491617085
0.03453362332
0.02306585392
0.01133304463
-0.00072642382
-0.01263200835
-0.02468514406
-0.03611585049
-0.04690262510
-0.05694534727
-0.06590722380
-0.07387299252
-0.08070831640
-0.08608531770
-0.08973996733
-0.09157751922
-0.09198631129
-0.09106024302
-0.08866016364
-0.08485980260
-0.08000299320
-0.07402136681
-0.06696039368
-0.05878620785
-0.04968523468
-0.03981364973
-0.02928053037
-0.01826515038
-0.00690194786
0.00442113737
0.01578017415
0.02712898113
0.03804579055
0.04856687756
0.05815353076
0.06679489005
0.07448594824
0.08073268947
0.08593334249
0.08934388434
0.09127298916
0.09173437029
0.09072165934
0.08773177881
0.08338445418
0.07814814696
0.07130271785
0.06354904940
0.05448716481
0.04473131703
0.03392904801
0.02262008154
0.01115612400
-0.00062539188
-0.01224389287
-0.02361031743
-0.03471420362
-0.04532807194
-0.05506966043
-0.06405850302
-0.07202464893
-0.07901952342
-0.08462301740
-0.08884472825
-0.09158257481
-0.09283662128
-0.09250101629
-0.09066310036
-0.08735025009
-0.08260378505
-0.07667944869
-0.06940614943
-0.06110097389
-0.05164868618
-0.04146030911
-0.03031304930
-0.01922003326
-0.00786155839
0.00361048375
0.01481824729
0.02596285045
0.03662858200
0.04697152968
0.05635245774
0.06463153673
0.07227177571
0.07843140678
0.08351063479
0.08742665217
0.08987923251
0.09091684557
0.09042402137
0.08823549776
0.08479098545
0.07986087888
0.07379602867
0.06634332822
0.05757708665
0.04786639106
0.03688308652
0.02537203565
0.01324144518
0.00105327977
-0.01094815867
-0.02251121563
-0.03433407752
-0.04524772357
-0.05518621886
-0.06397667481
-0.07176975872
-0.07841829453
-0.08358710417
-0.08759178535
-0.09007970571
-0.09112790440
-0.09086491177
-0.08914883889
-0.08606343976
-0.08184480682
-0.07649719682
-0.06987102440
-0.06225405942
-0.05378293860
-0.04397843396
-0.03339541221
-0.02228443574
-0.01099000223
0.00063189012
0.01220921639
0.02352646748
0.03513746023
0.04599025829
0.05598619108
0.06465256458
0.07267040097
0.07913422934
0.08441020367
0.08815848132
0.09062749888
0.09154242916
0.09082455953
0.08847257701
0.08494152427
0.07994615499
0.07384160783
0.06646078031
0.05782711048
0.04872786826
0.03822771511
0.02722312324
0.01552266811
0.00385320243
-0.00801484927
-0.01929811628
-0.03110612038
-0.04237583984
-0.05246376838
-0.06192567154
-0.07010616401
-0.07732475146
-0.08304002155
-0.08753442199
-0.09042431529
-0.09184873656
-0.09185742642
-0.09015029851
-0.08721025795
-0.08265613027
-0.07698314821
-0.07031526883
-0.06264170377
-0.05388039020
-0.04426288962
-0.03386654144
-0.02291557688
-0.01168549452
-0.00031855197
0.01108452561
0.02209108905
0.03312641302
0.04390640823
0.05398640851
0.06313436831
0.07097648334
0.07792694831
0.08378947911
0.08795746315
0.09092151734
0.09219145431
0.09188277196
0.08993489732
0.08644904013
0.08161598032
0.07565376211
0.06816643179
0.05471171096
0.04486825322
0.03394346834
0.02237572124
0.01056940139
-0.00098830456
-0.01273912456
-0.02453953198
-0.03545964870
-0.04607527494
-0.05551482658
-0.06418928328
-0.07175417412
-0.07842883387
-0.08377659354
-0.08773831356
-0.09033631258
-0.09132308592
-0.09108855624
-0.08901444321
-0.08579650734
-0.08119079071
-0.07519515527
-0.06816778583
-0.05982662352
-0.05062399354
-0.04051552330
-0.02939506570
-0.01812455908
-0.00693074257
0.00499801841
0.01595172885
0.02734726107
0.03810409161
0.04857993201
0.05789276247
0.06621782464
0.07363492179
0.07986633869
0.08469641790
0.08831689479
0.09059166128
0.09126666398
0.09049128976
0.08808220279
0.08438814790
0.07940501182
0.07305825526
0.06553545491
0.05679770873
0.04714706121
0.03647155009
0.02513835087
0.01309493439
0.00114182127
-0.01077712327
-0.02273691610
-0.03427310408
-0.04506483910
-0.05502684615
-0.06411668210
-0.07193536518
-0.07851474718
-0.08404334622
-0.08803941682
-0.09039073032
-0.09146905476
-0.09105165908
-0.08899244015
-0.08584443686
-0.08128856332
-0.07559998925
-0.06873711540
-0.06096268652
-0.05200421749
-0.04236148724
-0.03172081898
-0.02074284075
-0.00943535991
0.00189167335
0.01328830878
0.02469720558
0.03555909566
0.04631737295
0.05604532919
0.06509391251
0.07267413933
0.07913489105
0.08442748607
0.08823128715
0.09080377993
0.09159237009
0.09076025494
0.08846389451
0.08472543228
0.07973149891
0.07346678716
0.06597041239
0.05740745549
0.04770704098
0.03745670873
0.02622705513
0.01480644299
0.00303896592
-0.00874851662
-0.01960189042
-0.03166040201
-0.04236737120
-0.05267497661
-0.06187092525
-0.06999492620
-0.07712644763
-0.08316456302
-0.08770844027
-0.09090406358
-0.09238272887
-0.09248292180
-0.09088820652
-0.08789927653
-0.08336096938
-0.07769300694
-0.07075823314
-0.06273138768
-0.05369690983
-0.04358387248
-0.03296875946
-0.02188573289
-0.01035015088
0.00100657144
0.01234744109
0.02342042339
0.03452760850
0.04492214762
0.05460442343
0.06337363521
0.07085694858
0.07756919190
0.08282565934
0.08685804440
0.08952298674
0.09062579265
0.09049165523
0.08869133752
0.08554693545
0.08112899404
0.07553282513
0.06839898021
0.06014528845
0.05079086042
0.04029092759
0.02916490422
0.01735364901
0.00518839444
-0.00706850779
-0.01885975312
-0.03079192975
-0.04189616086
-0.05247555639
-0.06181200345
-0.07012008921
-0.07714326967
-0.08301844239
-0.08723186346
-0.09015239918
-0.09142041615
-0.09142578525
-0.08971717699
-0.08679209017
-0.08256920568
-0.07730096990
-0.07092736054
-0.06340870370
-0.05457368711
-0.04509301285
-0.03481231907
-0.02408507458
-0.01324531296
-0.00176112441
0.00940909004
0.02078960973
0.03186955348
0.04269262717
0.05280371970
0.06188913076
0.06991004822
0.07684931112
0.08282393477
0.08722866387
0.09008293456
0.09167887641
0.09156701962
0.08993173372
0.08665632666
0.08209025904
0.07614742737
0.06884124779
0.06047988335
0.05107207877
0.04088914202
0.02960808218
0.01809867754
0.00642390951
-0.00550137011
-0.01717190177
-0.02882158034
-0.03969419015
-0.04996288344
-0.05913354818
-0.06770566201
-0.07475725695
-0.08097149828
-0.08589612871
-0.08908269834
-0.09095993081
-0.09142358575
-0.09031578188
-0.08790241507
-0.08388593478
-0.07879441333
-0.07231712108
-0.06471927144
-0.05606799738
-0.04642596243
-0.03604589271
-0.02511941612
-0.01374014873
-0.00228208517
0.00897517992
0.02003494150
0.03126666847
0.04173974980
0.05178480329
0.06066679131
0.06860573729
0.07563272637
0.08130482865
0.08585927064
0.08916823162
0.09094495862
0.09126847639
0.09002734510
0.08720160633
0.08318320222
0.07800327054
0.07090171043
0.06317926170
0.05365029533
0.04364001674
0.03227130999
0.02038929343
0.00838435545
-0.00379296484
-0.01571723083
-0.02789907154
-0.03887166354
-0.04954272133
-0.05898472348
-0.06751055292
-0.07497482579
-0.08112722199
-0.08595361536
-0.08928849436
-0.09114346298
-0.09145483355
-0.09041166776
-0.08807056439
-0.08423293703
-0.07920427299
-0.07303473806
-0.06580749569
-0.05738627849
-0.04800452530
-0.03774952178
-0.02698634833
-0.01597817426
-0.00444801784
0.00685446498
0.01818706298
0.02945660668
0.04036887903
0.05057554995
0.05984921104
0.06812072277
0.07521475984
0.08116737238
0.08589400213
0.08917660681
0.09111274626
0.09151217401
0.09049001351
0.08777082887
0.08379113755
0.07831594335
0.07192294085
0.06422557974
0.05492181702
0.04485580691
0.03374102976
0.02197760382
0.01038118473
-0.00180391749
-0.01375685289
-0.02557629094
-0.03687904826
-0.04765273104
-0.05695088773
-0.06573720688
-0.07327248317
-0.07950273900
-0.08478902119
-0.08825183653
-0.09037251156
-0.09113823280
-0.09024887275
-0.08812713460
-0.08454174748
-0.07968120092
-0.07385080687
-0.06657889505
-0.05847238480
-0.04938358320
-0.03912468748
-0.02841418791
-0.01729641927
-0.00586100667
0.00560344428
0.01697557066
0.02825954599
0.03908156857
0.04965116888
0.05903027005
0.06772807250
0.07517128499
0.08134870661
0.08620546775
0.08970647679
0.09172415321
0.09224131517
0.09117666186
0.08858146476
0.08459002168
0.07929990941
0.07284783600
0.06498755245
0.05598345972
0.04643083737
0.03543407198
0.02417034888
0.01234415378
0.00052548334
-0.01127358685
-0.02342335848
-0.03445185817
-0.04501461932
-0.05511508993
-0.06406476902
-0.07180192717
-0.07860136014
-0.08365440457
-0.08781116029
-0.09038832864
-0.09147847541
-0.09080682993
-0.08883986970
-0.08545913272
-0.08066950490
-0.07491656207
-0.06762747481
-0.05945462734
-0.05032647935
-0.04032267950
-0.02952842354
-0.01812828434
-0.00689158208
0.00458464636
0.01566151877
0.02674067812
0.03750593040
0.04778661729
0.05704136649
0.06571614936
0.07276665166
0.07919309090
0.08424771942
0.08799688623
0.09042588119
0.09115757546
0.09066947627
0.08844113143
0.08476621623
0.07990208240
0.07340511918
0.06578341361
0.05692781728
0.04695584639
0.03623105647
0.02461457491
0.01288518378
0.00087171552
-0.01109795636
-0.02297270908
-0.03468849427
-0.04549144155
-0.05526561498
-0.06372385319
-0.07150796822
-0.07793453056
-0.08319784379
-0.08725387489
-0.08950032843
-0.09084973708
-0.09012788835
-0.08885197703
-0.08576922256
-0.08132354363
-0.07601014885
-0.06923059056
-0.06162406046
-0.05283344792
-0.04316737400
-0.03247256236
-0.02127149808
-0.00980681415
0.00170487601
0.01333421373
0.02470087702
0.03619657521
0.04682543159
0.05679512722
0.06578028406
0.07341794115
0.07995592540
0.08490860292
0.08857000438
0.09080189631
0.09134122123
0.09041145252
0.08799043815
0.08418260675
0.07901117728
0.07277079113
0.06533485316
0.05696315656
0.04757032975
0.03749167206
0.02653846238
0.01499784432
0.00339897128
-0.00837655480
-0.01995651896
-0.03168784526
-0.04267756790
-0.05301425136
-0.06250693622
-0.07071258454
-0.07776129325
-0.08375538232
-0.08804556425
-0.09078489884
-0.09203329944
-0.09191629264
-0.09015289488
-0.08723403891
-0.08243566604
-0.07653344713
-0.06931708959
-0.06108062097
-0.05197016654
-0.04238558632
-0.03229359357
-0.02112100006
-0.00986298276
0.00137869120
0.01270561453
0.02373352126
0.03452062362
0.04463182510
0.05401476621
0.06280266211
0.07043277147
0.07725847108
0.08303291469
0.08744933742
0.09059494288
0.09211173346
0.09183860066
0.09005221988
0.08664639822
0.08170442307
0.07542009007
0.06775270227
0.05890412106
0.04897300376
0.03847691456
0.02725512213
0.01528235771
0.00321946963
-0.00874431588
-0.01994197967
-0.03214213898
-0.04300392001
-0.05286765011
-0.06166883136
-0.06930576736
-0.07617691366
-0.08165537795
-0.08595774757
-0.08875241764
-0.09020548343
-0.09041691404
-0.08909290669
-0.08673250865
-0.08309421578
-0.07785795693
-0.07132979930
-0.06367139605
-0.05477414931
-0.04516127070
-0.03452174004
-0.02348651473
-0.01168644519
0.00041672879
0.01223261977
0.02390628460
0.03494701870
0.04527403980
0.05488697171
0.06354404072
0.07108493545
0.07760298921
0.08294657401
0.08676746692
0.08941154091
0.09053826413
0.09028169942
0.08852862133
0.08544155015
0.08091419032
0.07516476468
0.06836496778
0.06030049573
0.05107888470
0.04115535547
0.03031766791
0.01883450889
0.00721277285
-0.00486247185
-0.01674415611
-0.02900596018
-0.04049205118
-0.05119111291
-0.06085060789
-0.06925192668
-0.07645467857
-0.08242274088
-0.08682595236
-0.08972662626
-0.09089351360
-0.09076212846
-0.08920933246
-0.08625755972
-0.08221798721
-0.07674112679
-0.07037964178
-0.06283005093
-0.05462391934
-0.04535885973
-0.03533612196
-0.02479278107
-0.01384434686
-0.00221291269
0.00884155885
0.02035349668
0.03133185072
0.04242789438
0.05270225285
0.06213203075
0.07058073422
0.07795022884
0.08380501545
0.08826729232
0.09126206253
0.09245264523
0.09200721203
0.09005909890
0.08655368242
0.08172532755
0.07546217068
0.06799180049
0.05965873848
0.05043178819
0.04029979404
0.02941725049
0.01800044999
0.00661356807
-0.00498310720
-0.01623303839
-0.02805425416
-0.03878781683
-0.04917300313
-0.05873323842
-0.06704761096
-0.07474700189
-0.08093800478
-0.08595691425
-0.08962910244
-0.09158217611
-0.09218889539
-0.09119833659
-0.08879562357
-0.08500633556
-0.07963359681
-0.07283766853
-0.06470485183
-0.05560285578
-0.04580740243
-0.03556358149
-0.02463654321
-0.01326523821
-0.00147642397
0.00982816453
0.02121127280
0.03204117444
0.04213688693
0.05181652502
0.06053800829
0.06828810219
0.07525279671
0.08095922790
0.08577590299
0.08897193066
0.09067653384
0.09103867895
0.08893344749
0.08563433340
0.08096993627
0.07486575281
0.06736702266
0.05882380965
0.04920212379
0.03859314446
0.02708261895
0.01518773488
0.00288797434
-0.00924081899
-0.02113038881
-0.03251381708
-0.04404783809
-0.05488880678
-0.06329643225
-0.07138471889
