r
0.14234141862874508
0.14246042850855015
0.14227578834164525
0.14226572705664065
0.1420462901985014
0.1420382879433832
0.1425673533081995
0.14269463642286118
0.1429861947082635
0.14256442744148393
0.14283044887115692
0.1424277255852758
0.1423618378092182
0.14238691166954942
0.14263812503291945
0.1418047142727664
0.14163274301260265
0.14135238841417003
0.1414097368159256
0.14155418823978447
0.1413453964227739
0.14131195095558824
0.14102487864649682
0.1400749960887228
0.140052652361057
0.1395920385046069
0.13971878466874416
0.13974619309776554
0.13986245643135678
0.13997821275980715
0.14022662955951143
0.13993731092782297
0.13935318893206528
0.13957533226210495
0.13984621950128792
0.1404505328533134
0.1402690151050466
0.14036741613390147
0.14062519303754178
0.14064914589263344
0.14071252306643364
0.1406163966632452
0.14058284768195217
0.14078426131427513
0.1409822627599848
0.141426062882276
0.14140961169440452
0.14186884707659328
0.1419346129836958
0.14248082823297184
0.1428333051942581
0.14327557673373675
0.14334490940214173
0.14354980152156926
0.14326304445371468
0.14322154319831665
0.14283850268721696
0.14271982158861096
0.14273254531080898
0.14266541413584158
0.14304472669214846
0.1429655925948507
0.14311167117887777
0.14337725375480553
0.14286389780704062
0.14262421256610866
0.14226984052002753
0.14217077514743892
0.14171616292386272
0.14176285355656196
0.14186403226839994
0.1418706828448373
0.1414375438251252
0.14169576251129748
0.14159437781063047
0.140819966136681
0.1405669534571316
0.1404727460429033
0.13973217911257774
0.13973208434513867
0.13957875871600872
0.13926089187090931
0.13911310099541221
0.13874390954551696
0.13905368342571864
0.1380219773001225
0.13864932293418863
0.13741388555342787
0.13853600931803725
0.1384819680656496
0.13959693177084723
0.13932206265728392
0.13958423160645173
0.13901571868014764
0.13884748983905285
0.1384531300975945
0.13867716018572257
0.13915588522926337
0.1397878888685114
0.14006517576794078
0.14011824731207123
0.14037552162130337
0.14086236659787948
0.14117346796311367
0.14145110023395704
0.14165970769142341
0.14196035362165685
0.14241555847069728
0.14258832454670733
0.14279475635992786
0.14307636551211053
0.1432420096230094
0.1433501126907784
0.14319717621741665
0.14390110373816162
0.1442212052667
0.14490434173977199
0.14515743197491934
0.14541574812995794
0.1452834998143731
0.14493806024759043
0.14476948320770416
0.1445021909337922
0.14464599701948652
0.14454558272892337
0.1442753551886076
0.143883554370086
0.14371201660194155
0.1431981166305568
0.14304881086654142
0.14282308237654603
0.14271367600495777
0.14267428668580795
0.14193393399012402
0.14169379175410832
0.14093335082784125
0.14067115481303546
0.14037498528031803
0.1401646617327925
0.13973731933256126
0.1394389958214843
0.1393206864177905
0.13898902475802252
0.1385719427813281
0.1382260528537487
0.13782084310628007
0.1372639637282132
0.13715231886416543
0.13680726931385612
0.136767340798701
0.13719448774852958
0.1375976178016317
0.1374764154719096
0.1377144655903851
0.13760311586842064
0.13782924922381254
0.13780916435446913
0.13845786946745658
0.13894942378593458
0.1396743641171822
0.14038870457348296
0.14112729250421227
0.14135305943897122
0.14154437505915024
0.14195717736902647
0.14297724107812124
0.14360345839163172
0.14389948566245062
0.14408869118224205
0.1440986805530888
0.14395259256602927
0.1444681571691342
0.1445331752595456
0.1447875535833571
0.1456048330386299
0.14607471381274978
0.14665892418971502
0.14652510191501497
0.14623285131289993
0.14595684228996744
0.14540510662112188
0.1453253400937689
0.1453112893359604
0.14530843308757874
0.1453096846850895
0.1451890168653787
0.14495095817295559
0.1443444367815389
0.1440353482556587
0.1432556549091202
0.1428559835858492
0.14235215054350583
0.1421207851973991
0.14160431977244287
0.14126248031753397
0.140465718982592
0.13995773615595117
0.13979856313085293
0.1392932004310748
0.1387885463407811
0.13833250809918118
0.1382047220567892
0.13753497760086256
0.13725433910292975
0.13641583404074475
0.13640709580412147
0.1363204966491221
0.1365788981215463
0.13701311298254018
0.13706689012327544
0.13740534975432975
0.13762530236448817
0.1379322360329968
0.13809488916147827
0.13852106062639838
0.1385682388590012
0.13872928787910388
0.13928016075946725
0.1398759063954002
0.14065787431586152
0.1413511104365018
0.14210827095322662
0.14243331005735882
0.14334728977049307
0.14397678408664288
0.14456926184689467
0.14519256099638192
0.14525873917226828
0.14603422134617977
0.14634575119626952
0.14719599888640503
0.14729830560613438
0.14762501057558394
0.14793059032747413
0.1481296577063824
0.14802750765221123
0.14803595450218066
0.14790042534370929
0.1478736185753834
0.1481808847422311
0.14761512815622424
0.14725939619452608
0.14666731934558697
0.14615534899014396
0.14618431438031704
0.1449673008955159
0.14507312112055137
0.14450796506018962
0.1440122356221362
0.14345917781100948
0.14304212139112363
0.14246951224080007
0.14156495465030683
0.14110466560054033
0.14060919991903578
0.14016759179757735
0.13961040951213685
0.13922057874797197
0.1386269296729342
0.13787193471103365
0.13746274092736877
0.13696846750412658
0.13671442530493558
0.13652955298300554
0.13654195674617242
0.13659757633176356
0.13679183698167696
0.1367934178826601
0.1365627183118928
0.13650741076075265
0.13668598732163073
0.13688843975159298
0.13729993325379275
0.13767960633406714
0.1381771313473637
0.13897953979033176
0.1394912549568869
0.14005243046612795
0.1407483086128015
0.1412924237234246
0.14192257866054397
0.1419407828349701
0.14276197395864726
0.14315425783768027
0.14393897659127391
0.14399362992647655
0.14447365521528577
0.14471676248370935
0.14502057759038334
0.14559810971012285
0.14621978117568002
0.1465638950840496
0.1471004039609009
0.1470868987737938
0.14737222469302352
0.14722904256535815
0.1473351271717528
0.1471503908080689
0.14673054286018195
0.14701260498173635
0.14657216235215698
0.1462284889907451
0.14581067046224055
0.14513653093540282
0.14430285200869167
0.14396317764063216
0.14333225127271848
0.14261907168790497
0.14212361162692402
0.14172951771383596
0.1410104062307237
0.14242007268612647
0.1423850743112774
0.14252376207993103
0.14255815881062858
0.14222710015216544
0.14218263185524316
0.14234124745328372
0.14192488628581754
0.14215253210756978
0.14183108697813415
0.14179018170307897
0.1414790040987763
0.14142385304114657
0.14113797610145393
0.14123710611599352
0.14107053716663945
0.14063692972202566
0.14018783764472606
0.14003651394050215
0.13994467033189611
0.1400295655350646
0.1400832365400266
0.1399842969197386
0.14009579699684147
0.14020142542363678
0.14037864756089324
0.14002735166288646
0.14014065051505067
0.14025743008604963
0.14029522781471945
0.14032922513472645
0.1403091027025187
0.14031433456416842
0.14023922458579477
0.14086233758939123
0.14059776681571706
0.14045481650797148
0.1404050192434924
0.14070808780830776
0.14103136516569154
0.14155589169702482
0.14217799490488425
0.1420891227147855
0.142678644578812
0.1426645962925322
0.14268327856141852
0.14266165089362293
0.14265436766866563
0.14271635669071195
0.14263394715420508
0.14289260390944206
0.143024773792251
0.14328759468257707
0.1435533184707435
0.14326761698473608
0.14324086121481547
0.1432436208076107
0.14305174609749274
0.14294616205445357
0.14284409175408258
0.14288452403866717
0.14309515303788045
0.14291125925056386
0.14251035565316345
0.1429101138007512
0.1426281864645159
0.1425158004154849
0.1423604705830666
0.14234592756204073
0.1420363085378572
0.14148824876020674
0.14123588936660855
0.14091260344236198
0.14057490902998726
0.1403360463066618
0.14029677756876482
0.14055325325288498
0.1401515594170391
0.1401304419200045
0.13975031445165456
0.13975305657251216
0.13964849311592925
0.13936735943267312
0.13924819618881099
0.13928274917241895
0.1395487988618967
0.1397506691827802
0.1400384562428082
0.14001505714539275
0.14017744061890233
0.1403680832430649
0.14054539351918038
0.14085743210886467
0.1410629756545627
0.14156110305317265
0.14177927895456088
0.14161011375504529
0.14171281547173933
0.14166807702502543
0.1417206942365983
0.14201180932527593
0.14214324956249763
0.1426369311035668
0.1426990277941937
0.14271335300572724
0.14299313506389366
0.14277094969463264
0.14315451010956773
0.14304327471908407
0.1430907102601627
0.14300549400598767
0.14292639533050308
0.14326585512222098
0.14355823253584651
0.14314652702121702
0.14330131606572816
0.14329554527048982
0.1427926952975819
0.14277669965367493
0.14216457203774227
0.14218182937194035
0.14219410484542158
0.14274687201788128
0.14249241340522742
0.14282623333368674
0.14282879046534677
0.1423339104268799
0.14221994058277637
0.14164459430152235
0.1418360629790985
0.14180918336057477
0.14148673356969563
0.14118898516254275
0.14127567870230112
0.14080111125942213
0.14031348322374554
0.14013516694582995
0.14015569540968653
0.13992672170454715
0.13949836981921912
0.13925119988470122
0.13915504450577537
0.13888852288725623
0.13896169283886156
0.13880812117387228
0.1389913419389815
0.13923387831996367
0.1391515193937492
0.13958324136376152
0.13987116041814707
0.14011953025955198
0.14032905349147745
0.14064921636190703
0.14105980586192376
0.14123233979581526
0.14165872053855827
0.14169299754096049
0.14198606053470506
0.14175844399800736
0.14223400480606777
0.14227581121310015
0.14294105639944948
0.14268207276385303
0.14287408049935385
0.1430457400782549
0.1431198974055441
0.14271747137326596
0.14286579070308467
0.14262447357112432
0.14303341620929014
0.1426537809686354
0.14260086960035637
0.14244184103908378
0.1421093624198158
0.1427760242002227
0.14278669527981722
0.1424335800454998
0.14193695054675054
0.14240599694849546
0.1424097898371492
0.14245205688132556
0.14231247187694945
0.1426678957144579
0.14241932608082772
0.14271172412352381
0.1424969318651058
0.14266518976452436
0.14229004678828372
0.14199628028536423
0.1416908705839555
0.14149262692570228
0.1414734295955719
0.14108974226249896
0.14068503558717751
0.1403493360967358
0.1398345037566446
0.1393067073461614
0.139450647790533
0.13954330006516463
0.13928785236633812
0.13910446266506046
0.13909758030240066
0.1389752569304007
0.13861015834033158
0.13829024139357998
0.1384079452219568
0.13786827444156433
0.13792097514232463
0.1380676285261776
0.13790196895081017
0.13828634712984442
0.13806194449357506
0.13873343764458665
0.13885631770748352
0.1394395173462791
0.1397840752425175
0.14010690487801744
0.14045564923023948
0.14095539631380954
0.14146587633653832
0.14164487759098376
0.14174417880316112
0.14162470676995084
0.14162721769995953
0.14187168153613242
0.1422222134027358
0.14260177713514424
0.1427328579853343
0.14319859768157653
0.14365593103152918
0.14336138891945796
0.1427467605534614
0.1426867090154576
0.14236452961329135
0.14252295630283873
0.1428087600486416
0.14278700269745734
0.14259487024489317
0.14277417099823855
0.14281783945048548
0.1429221025338989
0.14294804364440747
0.14305537666752038
0.1432417772464964
0.14329628333477168
0.14348904823471523
0.14320094768418268
0.1430807524252793
0.14276688092979253
0.14254444549820525
0.1426633739322866
0.142437405081453
0.1420660427435799
0.14149631263296925
0.14120428343036273
0.14106662913525767
0.14093849752195442
0.1407390176354805
0.14064898224583816
0.14060177819272326
0.1403519627278861
0.14029325248356267
0.1399593675299878
0.139861703097014
0.13966041472008164
0.1396290637938797
0.13977328062046207
0.13954809891027684
0.13982447817566201
0.13956517696549536
0.13962831265444817
0.13967485597065796
0.13985324188872136
0.1405520355542339
0.1407854043824621
0.14095608346716593
0.14138806838282245
0.14160800978718946
0.14215971256867602
0.14165351155922562
0.14160320598765574
0.14170319877312448
0.14155730199675193
0.14189165852927205
0.14213558593560127
0.1421751081185238
0.14216429002364006
0.1420160186290729
0.14238654422947492
0.14260014188925435
0.14263825495549623
0.14278754777411212
0.14264670664312937
0.1428172897925773
0.14270713777207994
0.1428534610927804
0.14280818031937215
0.14259676458982137
0.1424719112849167
0.14216174828706185
0.14234664451635645
0.14234375474471958
0.14224868360187706
0.14269469559658365
0.14250111342146127
0.14231266414591934
0.14161726864138738
0.14127035753495126
0.14132752374757426
0.1410393638415471
0.14118084417707222
0.14063252338898174
0.14022426518931913
0.13969325501515528
0.13906315946031245
0.1387000875061104
0.13865919167813934
0.1387342224960329
0.13877940894688565
0.13886652980417827
0.13914606844213398
0.13913375006053388
0.13924144199549518
0.13941618164134478
0.13957236677640517
0.13972670846586732
0.13956494996377306
0.13982722394408506
0.13976139711103525
0.1401029092469225
0.14021846739620616
0.14007228657926388
0.14045283788900614
0.140442883339378
0.14122815349632886
0.14195134380292973
0.14232420876795296
0.14304512714525294
0.14320856245631913
0.14307496708378
0.14318419381295538
0.14324952914355976
0.1435621914431173
0.14346980153048336
0.14365986001370068
0.14384226306078982
0.14375914538628132
0.1437842824277803
0.14384896213077433
0.14359496357368357
0.1433345531562137
0.14311559820663636
0.1431764813930898
0.14310625886990697
0.14298403455800443
0.14293526090192668
0.14255658656262885
0.1423629054862681
0.1424243107693165
0.1424209223039121
0.14222464774342355
0.1421563956986815
0.14187229256669864
0.14185974770393214
0.14089674864808507
0.14048714351836397
0.13972510758336346
0.13990142113245402
0.140010432756849
0.1401260545819778
0.13981830960524905
0.13971544230282645
0.13974014251582267
0.13932514374781932
0.13940432801274572
0.13920751610999435
0.13933966911969972
0.13975296491440167
0.14013625840660834
0.14019256272856326
0.14038541311644898
0.1406888092886513
0.14097626576112335
0.14096730448101014
0.14122075351000019
0.14125328030670484
0.1418264894296233
0.14209866580800415
0.14189407835148174
0.14210306409799484
0.14218099003064857
0.14223113557167924
0.14230764464175746
0.14206213677539956
0.14251710286155353
0.1429325002790421
0.14377884381435557
0.14380680289223996
0.14401473541075122
0.14349671871215983
0.14336746372530274
0.14351677031703747
0.14340120838362186
0.14330988470642095
0.1433126512258821
0.14351697366233956
0.14354338124342067
0.14352047421241057
0.14328485100370394
0.1433428183379133
0.14368251530086568
0.14294764120201142
0.14316424326044733
0.1425877815961802
0.14228807343876845
0.142550681514802
0.14227356564611823
0.14215383098983314
0.14171409596296586
0.14128695292578877
0.14088525784509615
0.14078718381685174
0.14101502735973254
0.14114881640293683
0.1412627583461396
0.14106471987076602
0.14102955817233323
0.14021297490467044
0.1395529062681816
0.13868249433182994
0.13808726846001834
0.13769654865557057
0.13747210640917745
0.13777191512556877
0.13818373500938358
0.13853561873404077
0.13847816275937466
0.1385881163491825
0.1389712671568371
0.13860385565179548
0.13900432769297186
0.13923979387386526
0.1390718184408648
0.1392059932169933
0.13947017753443763
0.13967512785288486
0.13941946078171438
0.13993088038264687
0.14020385937917137
0.14055855694307204
0.141440139563414
0.14208257747632255
0.14254305325815178
0.14252191895645314
0.14417500297166372
0.14415539940366903
0.1442804529274878
0.14388951823479285
0.1445611707406901
0.1447278816377402
0.14498694874877124
0.145551014904091
0.14553961994972658
0.1450289717921989
0.1451847819804344
0.14487550655169146
0.14455167573221805
0.14453622144619663
0.14416805012657696
0.14422845250582367
0.14397938002410493
0.14355048397742556
0.14315851971973337
0.1427813272252527
0.1421012874992372
0.14178953164163993
0.14190306007109005
0.14152649233555634
0.1413843465298232
0.14116213188389093
0.14060821404999607
0.1403433967730657
0.14010644528198227
0.14002114848902586
0.13924221680384039
0.13953128260811848
0.13939286957868188
0.13903841972334824
0.13867803796583603
0.13807875341329026
0.13790559722745188
0.13774047248258145
0.13750411484756062
0.13755728074334658
0.13773382910381696
0.1382179581444893
0.13852258019253177
0.13886594396328703
0.13899325396913842
0.1394596625798814
0.13952699223927723
0.1398840631000692
0.14004826422262173
0.1404741629937311
0.14093612378942483
0.14124605151174552
0.14163044976843095
0.14227076803345562
0.14282736446499125
0.1435571978729786
0.1443683445567808
0.1445529712276741
0.1451029871019383
0.14378857198247816
0.14501368416131147
0.14493052640331616
0.14483285839479976
0.14477577255550844
0.14491689694092688
0.14533066942154577
0.14548869736356315
0.14571881013754964
0.14538989030095456
0.1452200154037376
0.14481186298202567
0.14452592582771537
0.14425277704223202
0.14370534341880037
0.14387205218874485
0.14323214131456138
0.14281085137855457
0.14262746840250154
0.14229504203623977
0.14235624938654193
0.14221059674253064
0.1418546005120878
0.14167491127315987
0.1416656142602175
0.14126103262095155
0.14076381455044656
0.140537649291408
0.1397709093742996
0.13944691421149413
0.13888492668911337
0.13872469891589448
0.13866518844508374
0.13814492455068764
0.13806446045633747
0.13763345527392923
0.13748213035610043
0.13719751144901138
0.13734578569865394
0.13740799737317433
0.13776061226561973
0.1377099430230165
0.1382608042534118
0.13848431253594445
0.1387310717442734
0.1385257565876493
0.13926481190000167
0.13957634056843685
0.13976991766843505
0.14045215592020466
0.14047651407584916
0.14084063882937872
0.1411087299459738
0.14181117877099964
0.14213877801513417
0.14317701631137023
0.14394547044853212
0.1446878609869137
0.14537869270498754
0.14553444632594642
0.14538090410529528
0.14574553934346773
0.14577939964901415
0.1456048228743963
0.1453024660440802
0.14524165537299902
0.14516114597602356
0.14503549012402622
0.14430933923278325
0.1442514187537707
0.14409508577261224
0.1440360839297292
0.14357643053603517
0.14325092181638002
0.14306637247399434
0.1432454164475343
0.14213362857599604
0.1419122149163332
0.14159656008171556
0.14204457608553675
0.1416620075485055
0.14139420850265846
0.14081331959254018
0.1401717714555381
0.14009092480950616
0.13973020810553993
0.13960356029249002
0.1392731513690942
0.13861156878549755
0.1380846169016898
0.13715296537933663
0.137412603986404
0.13724959944745807
0.13681377941332223
0.13702577356062437
0.13674698573710944
0.13700028757874544
0.1373317038211625
0.13734556042402613
0.13760820722065153
0.13752577545045278
0.13795765620266
0.1382050425237497
0.13903573224982693
0.13929780213926402
0.1397748803374276
0.1404889461175166
0.14059023949644622
0.14124725749497713
0.14144110637239207
0.14166758642806912
0.1420689572238675
0.14269810750323111
0.14314288428366553
0.14347438863397693
0.1441615692254354
0.14460264370718692
0.1449397998150434
0.14515596569151698
0.14523827964726044
0.14585424276708514
0.14583471690053035
0.14585528783865204
0.14655469063121337
0.14650638356136456
0.14644372733858912
0.1463477047910312
0.14555762052478186
0.14492431668957295
0.14445992289932627
0.14400386500716575
0.14385914542156153
0.14319386328524691
0.14285173834288606
0.14281493395860548
0.1431914860145252
0.14170053267157917
0.1415465023120992
0.14056755979312865
0.14064015150413509
0.1404528015809097
0.14065008352325792
0.14046541789022346
0.14025464692586515
0.13997747515665238
0.1390279494034569
0.13853148898495946
0.13772827035705265
0.13744227847031062
0.13684381529378303
0.13692563550953185
0.1366667891140301
0.13648218488903122
0.1364487228090105
0.1363978430807858
0.13625539039101311
0.13614080758030297
0.1362851354065334
0.1362326887032218
0.13669048563219674
0.1371335694424106
0.13762039752748872
0.13788525108251207
0.13796793557628656
0.13877865590220873
0.13898942755466392
0.139704531218661
0.14023976078654649
0.14051961614982278
0.14113716032323978
0.1418825370832358
0.14195332993045837
0.1428091492129937
0.14287221318005508
0.1434335539724752
0.144345250565328
0.14456974487182195
0.1446871898568227
0.14474157882711816
0.14510069308679815
0.1465388124814289
0.14520532742016304
0.14520866244477448
0.1451918793789443
0.1457362293856752
0.1455983794251349
0.14529065739190636
0.14477238381813715
0.1444665337677311
0.14419913688961578
0.14378913328024742
0.14335137729667252
0.1430567547030154
0.14282945480334194
0.1426428845896781
0.1423280339374831
0.1419136430003872
0.14162112923367126
0.14118238234656738
0.1408459139929946
0.1405430766692581
0.14043135881813248
0.13994923933162765
0.1396050258147485
0.14093071998417747
0.1406570086239605
0.14056969238879694
0.14027707671545803
0.140206883080447
0.13997004251877937
0.13994383767098617
0.1397825118276379
0.13975050664596392
0.13979416980251438
0.13931614885086038
0.13896242597388395
0.13896624033020838
0.13894161385145232
0.13928320968288674
0.13967538637736884
0.14015832112058607
0.1401218675375387
0.14034102510956095
0.14012804520320593
0.14031290481271308
0.14046216548768167
0.14067670634773563
0.14077487180931136
0.1411152087300601
0.14124207973984917
0.141373763910822
0.14170838740322467
0.14139271600088205
0.14172181375443008
0.14194375324085584
0.1420928521109267
0.143025889097597
0.14373520678954357
0.14416213552787577
0.14422706005336375
0.14417656872078538
0.1437690322717266
0.14363914216035345
0.14346118646743092
0.14343044949054606
0.1436343882311098
0.1438148317294882
0.14379649330063074
0.14371184548482593
0.14359107876182067
0.14342856228689885
0.14329424145914635
0.14280413831577438
0.14242055272948598
0.1423069942994094
0.14223340727462727
0.14215977759869775
0.1420273617942749
0.1416790921108721
0.1413414310631172
0.1404675305369677
0.14036968860326338
0.14037931874814405
0.14019257499879387
0.1400655809714818
0.1403424809369136
0.14022947395360094
0.14027208981635517
0.13999121076131002
0.13979476118611
0.1397243721328412
0.13933188387140732
0.1395605556699563
0.1396168983625748
0.1395325331805116
0.1397538565707158
0.14018896040780304
0.14012736043289614
0.14033040442716693
0.14040951312768976
0.14067139397910955
0.14088014251177514
0.14145660385437814
0.14186793175449383
0.14212974168139136
0.14213858461406423
0.14207277446422803
0.14223085992600262
0.14222483097735197
0.1422209659313871
0.14231529123806044
0.14236879342646944
0.14247121716268557
0.1424009695325908
0.14211652208504325
0.14205946363445965
0.14223099262789812
0.14218753269957884
0.1422226921604014
0.1422342346611796
0.14236291348866423
0.14200955442453542
0.1419829284770429
0.1420104397020661
0.14139836021283675
0.14143090719224732
0.1408968443319626
0.1410000816456249
0.14096869357866118
0.14046974994014702
0.1405194846687236
0.139545787304894
0.13992962026460842
0.13962243705652125
0.13958790234989654
0.140243087763374
0.13921486469289693
0.1389934200730425
0.13897304153779205
0.13923934716479344
0.13884415997414823
0.1386852787787034
0.1391991233977033
0.13914755780478613
0.13926545658191003
0.13913506815869592
0.13917661289560895
0.13938979897244175
0.1399402198285128
0.14010703179210146
0.1404944663732689
0.1404108858619564
0.1402200720100785
0.1404837073975921
0.14051498637557017
0.14081516550152143
0.14101127136076474
0.14141631838263735
0.14193052892566854
0.14241363157099807
0.14243231704477863
0.14307388219693074
0.14330238929320693
0.14367933842101
0.14364663052318627
0.14375802767890117
0.14455388150954607
0.14470027896485632
0.1448827688157089
0.1447964109661884
0.14497532055934104
0.14504413039257052
0.14533799721385365
0.14546235925620615
0.14547921329205077
0.14574504989499265
0.14566854475062097
0.14520971646372147
0.14541474263683254
0.14515283599486947
0.1449956409610781
0.14525842134768374
0.1447510616604555
0.14464858860492066
0.14423342062112934
0.14400280234590082
0.14334031324249483
0.14284240756977631
0.14239939195870746
0.1421414405263331
0.14182900997089457
0.14130165332247624
0.14097511223160775
0.14085953626946415
0.14036612201862353
0.14041574747130978
0.13973543131332264
0.13947832302513832
0.13926062906568362
0.13951446830057543
0.13889649924698302
0.13867480167645152
0.13824517339354994
0.13792677297796255
0.13757666460254575
0.13747510747309574
0.1375565839597742
0.13794735037373979
0.13825476646037463
0.1387675132532167
0.13906960072458102
0.1390621997276395
0.13936492204881204
0.13941766532554942
0.13985658689908276
0.14056937433004124
0.14107711399458875
0.1415664832485047
0.14193237593710278
0.14234871729673348
0.1430808724277586
0.14331832946484746
0.14388194024445222
0.1440733178579162
0.14430240370066577
0.1437982713062854
0.1451084349710207
0.14537677181130124
0.14569060465854625
0.14524617165004258
0.14482133930779512
0.1443946218812132
0.14418556940387903
0.14469021653961184
0.14467633134457802
0.1447466138035719
0.14524936819207723
0.14485433253681923
0.14494190008792215
0.1445251579211701
0.14442382655225228
0.14398552025065464
0.14340022909573277
0.14324524573069342
0.1430481233097326
0.142853885574044
0.1424954377244859
0.14265246715277793
0.14195757715784738
0.1416502935489978
0.14150292528317387
0.14133565202990406
0.14108394529578702
0.140959009056101
0.1406568828779913
0.14047744488259137
0.14048297530730391
0.1396730102252529
0.13975348232556248
0.1395693497695154
0.1396020346675041
0.13908109303235852
0.13891381425815671
0.1388750553842083
0.1391277675136768
0.13934931319330568
0.13962220469413422
0.13950326799430893
0.1394208497523039
0.13891090767238537
0.13841396593650146
0.13809537200222496
0.13845185046218955
0.13879509307821716
0.1392467239305534
0.13977390651125138
0.14030248618637206
0.14064173399152244
0.14091112158523064
0.14080448622605884
0.14115175575421807
0.14169330907382455
0.14193994809637375
0.14228078085974075
0.1420131947305773
0.1419408585417858
0.14190637617762686
0.14191390964182107
0.1419057297913032
0.14203904847408053
0.14221511564284592
0.14300061183586651
0.1435369550060578
0.14406846047598412
0.14417827722183485
0.14435787848063883
0.14403456241035975
0.14360449605554604
0.14308261615180753
0.14282477175727454
0.14292870625623622
0.1431709466676294
0.14335345720762357
0.14342800133095734
0.1428969685612022
0.1429297301846989
0.14211933811485902
0.1420253902447343
0.14204283814099228
0.1417207381462567
0.14183736039343314
0.14150089098195898
0.14102747235516802
0.1411561852735538
0.14096224669359653
0.1411625507219941
0.14059429962059103
0.14011102138484768
0.14028919695390904
0.1403913330920956
0.14030431033452512
0.1401659197900375
0.1401914912914328
0.14013414061306118
0.14010971329544225
0.13989066959687588
0.1398861000235798
0.1395704996675689
0.1399399735668252
0.13952711257311026
0.13948363744155656
0.1405808505357775
0.14092874364812
0.14102573589256717
0.14141213706537
0.1412330108637054
0.1417200748817598
0.14147218285127278
0.14207881341172482
0.14213113455259033
0.14232937137298923
0.14245252901058533
0.1423340234511109
0.14209233193558832
0.14211578084681883
0.1416527603046186
0.1417521444522293
0.14177828677024806
0.1416604113174007
0.1420571042522018
0.14240424996754666
0.14266729633918795
0.14283160529203817
0.14338499866593724
0.14340925919433112
0.1430861419054546
0.14275759912615188
0.14246104922153335
0.1423330506833476
0.1425086093264971
0.1427800612821339
0.14210049228960034
0.14232587486570838
0.14208176221464505
0.14180095717665733
0.14144030173683372
0.14140020875312234
0.13897157999068444
0.14260199167032608
0.1433570416591414
0.14204514094836918
0.14171192269420008
0.14057097345007927
0.14183078976743277
0.1417983197814844
0.14216609605741548
0.14137302303613367
0.1405578870943002
0.1414448943179993
0.14138896141927915
0.1420763361922891
0.14259770882979697
0.14194178196425608
0.141495981414217
0.14135184361667844
0.14197267335152466
0.14215812860123414
0.14232997954097554
0.140933079141186
0.14062038082613076
0.14025261921091522
0.14096733612910517
0.14102888663900562
0.14108937231953272
0.14124502358489488
0.1411322846640226
0.14143414085270167
0.14187686472909497
0.14261910480639162
0.14301332705265365
0.14355343318270689
0.14430473539468974
0.14405309195163335
0.14399534297553584
0.1439064198381723
0.14288577949059592
0.14438807149588673
0.14480081865494762
0.1449742287321845
0.14454146522358483
0.14464177755862292
0.14498050173324892
0.14452334454279858
0.14489193760438288
0.14476521546931598
0.14494779321823784
0.14508717268350335
0.144500834630425
0.144328943841491
0.14427863682338601
0.14413397136064854
0.14370376567642223
0.1433200662633797
0.142782490419127
0.14263999144173473
0.14276128726118403
0.1425972323147655
0.14226956434892996
0.14238038423635876
0.14256895768164715
0.1419854285382328
0.141227318947225
0.1411477873972091
0.1408456484949637
0.1405777235990075
0.14028922982069286
0.14022244583543
0.14084680538887642
0.14114625107943715
0.14094939309257032
0.14054126487449953
0.14035751559883225
0.14069600759088854
0.14106282172169224
