ra
143.15638921317873
133.86224172610164
127.72064552725604
121.76830706793803
115.94337459677848
109.93904623395836
103.74205179100368
98.20811138341284
92.13755921667784
85.8814326300837
80.00620727571469
74.37402941859848
68.67926325287128
62.85077096852277
59.62414110890792
50.90130451414793
44.717396847466986
38.658562913307215
32.55251164909671
26.506980180754077
20.381166115640053
14.556836819589842
8.727590956283818
2.7396436293849837
-3.337540543867827
-9.156436928417573
-15.433727872659473
-21.386292542144442
-27.522459600429226
-30.98937813685116
-39.90667638833683
-46.061378774855925
-55.91727412543692
-62.13497247078876
-68.39340655955935
-74.53991941285956
-80.64687732797594
-86.84781352860844
-92.93133421189125
-99.10482239420982
-105.14454630176506
-111.46705060583857
-117.58155214133342
-123.69708470843429
-126.60904060012332
-136.03530307365116
-142.1150141674306
-148.47378674674187
-154.718231127844
-161.16737291249018
-167.47306119223614
-173.64466705206777
-179.56479296290075
-185.77085889417253
-191.73043330238056
-197.69035939485556
-203.6916232297758
-209.8476494405729
-215.93962325933398
-218.67098369700764
-227.7388528661137
-233.46847863356598
-239.65258148223265
-245.58565797482515
-251.74095388342465
-257.75974895172465
-263.885243253617
-269.9637545030298
-275.9948719802539
-282.0884847908447
-288.26040694766476
-293.99804464178067
-299.9334851405064
-306.09043741936154
-308.45072451269317
-317.99775176692617
-324.14638799674196
-330.2263876369652
-336.1678117505615
-342.1088390916569
-348.1122820320793
-353.8675219453419
-359.94022929019303
-366.0880281233163
-372.01059452059513
-377.9437650812854
-383.8549735807257
-390.02532542594616
-395.89420690357076
-398.6318366123479
-408.14664867574055
-414.4821898598538
-420.49314990888814
-426.9138367872616
-433.30828085048586
-439.73179612657657
-446.1445152605778
-452.42426251932784
-458.6800974377307
-464.83646503074914
-471.086428100184
-477.0338451299338
-483.1065200459749
-489.1444513581763
-491.7996841446798
-501.63730359568876
-508.13596578459396
-514.3309391661578
-520.4353403712413
-526.4676420029275
-532.512206540696
-538.5971620930799
-544.5978582576485
-550.7366437963669
-556.7729926792856
-562.9283567471656
-569.0937738024919
-574.8563844687909
-580.8488450825148
-583.3014656979458
-592.7176393303625
-598.7093845281092
-604.6723938731354
-610.6684488968588
-616.6112489498572
-622.5264697037044
-628.5451606575962
-634.4811094109757
-640.6228165440828
-646.6272096629136
-652.8377036812695
-658.6377984849918
-664.7594434791804
-670.8927009509835
-673.5424090394054
-682.8826248113774
-689.1025326302938
-694.8149175667652
-700.8952777633267
-706.8753507670882
-712.4846318520207
-718.9072516560099
-724.9153541467009
-730.8993301181893
-736.7754938953343
-742.8157659370455
-748.829914668647
-755.0606994891268
-761.4288061602086
-764.542932466571
-774.066102398466
-780.3136760429805
-786.7336736178928
-793.1218962555996
-799.6200011274793
-806.0160490093465
-812.5565882158286
-818.8964510461597
-825.1377341111686
-831.3680141677752
-837.4974320138767
-843.804034041116
-849.923532345538
-855.8748631872395
-858.7869185506144
-868.1173559636816
-873.9902379803568
-879.8813577098848
-885.6593911964625
-891.5397134381592
-897.4808066485102
-903.3880694112476
-909.319337487814
-915.370176068231
-921.345338813934
-927.4047501816856
-933.3941052273733
-939.3340963198101
-944.9956676685274
-947.6456358183424
-956.9720296075271
-963.0458957076773
-968.6994513651003
-974.8324473593774
-980.4151192263774
-986.5045176131698
-992.3669842535334
-998.5150628928632
-1004.4632860577898
-1010.5602086277995
-1016.5805854234682
-1022.237835304728
-1028.3160528564283
-1034.3655123505318
-1037.0765704945302
-1046.0726964361206
-1052.2130812754829
-1058.1991829179092
-1064.2076847121139
-1070.310793322475
-1076.4900415820218
-1082.736646272814
-1088.7761197998682
-1095.065712057048
-1101.212744100365
-1107.2917045305746
-1113.785227808202
-1120.2394216633973
-1126.7568960774067
-1130.0746838015561
-1139.582904721577
-1145.8898511218556
-1152.4420603807425
-1158.8298433306813
-1165.0241018081206
-1171.389300945715
-1177.6685250710077
-1183.7601521524423
-1190.059087816836
-1196.2675926718168
-1202.482142993196
-1208.7412339521602
-1214.7220720901457
-1221.1991023892174
-1224.330972198941
-1233.5988582130115
-1239.970185513222
-1245.8357368943432
-1251.851625215934
-1258.0219440209935
-1264.123900151277
-1269.8998838899677
-1275.7917306279721
-1281.6225495666736
-1287.3885034476232
-1293.1288461789964
-1299.0333755204147
-1304.5826354548456
-1310.2805693903708
-1312.6888889182867
-1321.7839874403198
-1327.9143079936223
-1333.8667655170705
-1339.8157070402299
-1345.6769495789824
-1351.5710374939551
-1357.576886287054
-1363.5555434280677
-1369.3738222958655
-1375.27435945827
-1381.2923491744646
-1387.364523482241
-1393.4353519176948
-1399.2943372645768
-1402.5759087227968
-1411.281547307441
-1417.4240996202461
-1423.124022402868
-1429.0872543430582
-1435.3496646893373
-1441.559697508611
-1447.668870989793
-1454.0801047192801
-1460.442508246989
-1466.7185787383014
-1472.9402131272018
-1479.226261865868
-1485.5707460771678
-1492.1367999679155
-1495.7652430527191
-1504.9842317098794
-1511.2953577800122
-1517.5130301674567
-1523.8841531318974
-1530.046316502141
-1536.2962110062583
-1542.5439510777712
-1548.5904951915604
-1554.956899878967
-1561.207326074981
-1567.4737720396995
-1573.4861564801558
-1580.0894942690747
-1586.2698796994976
-1589.4861650571806
-1598.2535739661073
-1604.1377672966996
-1610.357621670449
-1616.5040505112875
-1622.6086424962864
-1628.5187697078597
-1634.2945698204503
-1640.253559287419
-1646.077437725746
-1651.8613385070018
-1657.5203030909051
-1663.478056035512
-1669.0654375066235
-1674.9011382610774
-1677.7630073253208
-1686.5484164322988
-1692.5201184790685
-1698.307770215994
-1704.2648388530276
-1710.246670004631
-1716.0623342542249
-1722.1193515641116
-1728.0184716478677
-1734.0851171087584
-1740.0506060443947
-1746.1228350632484
-1753.9353466505102
-1759.7466434429778
-1765.586958170671
-1768.978430473591
-1777.4874268405729
-1783.2575925860049
-1789.2119029067371
-1795.0668179159825
-1800.889860924777
-1806.8404343184252
-1812.9969540129032
-1818.9631477688179
-1824.959008894929
-1831.1631988149636
-1837.2259053093692
-1843.4066214337079
-1849.396091375992
-1855.7555892486369
-1859.2179398478333
-1868.3089430006498
-1874.6142183086524
-1880.7494786911097
-1886.9540655234086
-1893.1148104668525
-1899.2362050035078
-1905.25704634271
-1911.6343427527354
-1917.7483460215285
-1924.2367983172405
-1930.4253142027117
-1936.756787157936
-1943.1094141581264
-1949.475640663192
-1952.9568882016258
-1961.8651964952705
-1968.2531865557037
-1974.583035190153
-1980.6711425552646
-1987.1046553223869
-1993.111851303966
-1999.3057082655873
-2005.3049398140124
-2011.2313236532887
-2017.1976427516863
-2023.3194242416105
-2029.131740368317
-2035.0186919578734
-2041.130934505005
-2044.6225314586413
-2053.1428827644545
-2059.062353411753
-2065.1966376355304
-2071.06383606324
-2077.062709783919
-2083.101996591658
-2089.2517425642236
-2095.260204893197
-2101.23779330926
-2107.265209975881
-2113.398088479827
-2119.2438797376303
-2125.271264749473
-2131.261767331647
-2134.758065576507
-2142.8817064936607
-2148.6366711141627
-2154.3983456789106
-2160.3101172764486
-2166.028558902205
-2172.0387818612894
-2178.175756633178
-2184.158516310397
-2190.429344155944
-2196.7512451085067
-2202.943126451921
-2209.07033078766
-2215.1614437331486
-2221.6417322851316
-2225.168860328687
-2234.049831531497
-2240.134682132283
-2246.2854548139594
-2252.5891470421043
-2258.8334224739096
-2265.0792699934836
-2271.21592245676
-2277.454849328282
-2283.642992695425
-2289.9766524475003
-2296.3046043522795
-2302.438790633495
-2308.8370105249683
-2315.170833085322
-2318.817649707074
-2327.690592153595
-2333.8946254989205
-2340.2933264955705
-2346.2408322173474
-2352.3282694178806
-2358.3618668494637
-2364.436298358519
-2370.4769467776855
-2376.3303463317543
-2382.4722394017012
-2388.5133566153636
-2394.3146500046555
-2400.4926008105904
-2406.457914829561
-2409.782887462846
-2418.569915762789
-2424.5952667532215
-2430.7015825884523
-2436.481204244426
-2442.6057389407197
-2448.70627930752
-2454.942954659946
-2460.776794859811
-2466.6700007118948
-2472.6936923639623
-2478.8659931882194
-2484.7304518843266
-2490.7385128871983
-2496.5932310420235
-2500.2108735900515
-2508.455405584916
-2514.036398608678
-2519.8791851818396
-2525.8491172908507
-2531.5931098334704
-2537.2900634181306
-2543.080334862882
-2549.029928662991
-2554.8946514440368
-2561.16535566308
-2567.1399572483615
-2573.4148591455687
-2579.519797247919
-2585.737423018642
-2589.4823176200503
-2598.3034419294877
-2604.5312835592063
-2610.752416785562
-2617.2791338188354
-2624.019129448472
-2630.387495455039
-2636.827548133909
-2643.1908484667993
-2649.8577017973953
-2656.007867005456
-2661.8381298029462
-2667.8949412627594
-2673.993373921869
-2680.0346137338356
-2683.3818075743993
-2692.1090752737214
-2698.254721188196
-2703.87292958188
-2709.9671915482536
-2716.06925474081
-2721.90903028313
-2727.964141464314
-2733.6187851696686
-2739.793566078646
-2745.693389946044
-2751.7329750238214
-2757.646300449225
-2763.8289555672227
-2769.8529824675747
-2773.12394228648
-2782.1089687192493
-2788.0438441028637
-2793.9623604241815
-2800.341153313522
-2806.274506215917
-2812.4239410237424
-2818.5261192884486
-2824.9068058912217
-2831.053393230674
-2837.3503298522337
-2843.509655995334
-2849.540505885449
-2855.3716555130204
-2860.977364214579
-2863.6174644902817
-2872.596304105989
-2878.387158009659
-2884.1898059381233
-2890.0126581373584
-2895.898163914439
-2901.7824986812607
-2907.7720473588206
-2913.7761003925757
-2920.0479831026487
-2926.169946158494
-2932.0973064163604
-2938.525225455806
-2944.8099361183417
-2950.839241168366
-2953.693717814025
-2962.9134093280372
-2969.0900719147335
-2975.332935176732
-2981.6015425477026
-2988.109913115451
-2994.0476225536045
-3000.705999125284
-3007.2141193461357
-3013.4997271511197
-3020.25728025727
-3026.601265743219
-3033.109396472003
-3039.394895374749
-3045.7676924516018
-3048.879639774347
-3058.296168291657
-3064.343576982154
-3070.626733455986
-3076.7507973991264
-3082.7292745842437
-3088.8006420700995
-3094.6631302383353
-3100.6216509952274
-3106.861677115059
-3113.0967439153083
-3118.906100653936
-3124.952464325096
-3130.7591081013047
-3136.4794548225614
-3139.2366143002164
-3148.284341953333
-3154.229375244206
-3160.520836604422
-3166.5660633101456
-3172.6609266114833
-3178.5321324363604
-3184.605631345414
-3190.550676383539
-3196.559536056859
-3202.612767126959
-3208.8830788863897
-3214.8994640281358
-3220.693982361858
-3226.5566159959712
-3229.087877131992
-3238.244434687811
-3243.8981303416817
-3249.684101490199
-3255.458285307902
-3261.5206993534603
-3267.4593475248457
-3273.55061514257
-3279.708072784972
-3285.599399573083
-3291.8103345969676
-3298.0007962473346
-3304.2336977082955
-3310.2810968247823
-3316.3918717490856
-3319.215086265827
-3328.818440265898
-3334.8730526890827
-3341.2634640070028
-3347.757227258504
-3353.754352213896
-3360.0095856367207
-3366.2215746914485
-3372.60179663067
-3378.9179739078163
-3385.288060602712
-3391.428083089711
-3397.9036127036265
-3404.3117553485586
-3410.8588683800604
-3413.6411117168427
-3423.0803943979126
-3429.3880149011843
-3435.646029467754
-3441.6408184261963
-3447.659989388947
-3453.564414745746
-3459.652968276813
-3465.9206180375077
-3472.0238267267605
-3478.0739958723343
-3483.9983169829684
-3489.9306352294802
-3495.9845521153243
-3502.145595626891
-3504.6182832908044
-3514.1783733403718
-3520.2812237786266
-3526.3709601371675
-3532.357172476801
-3538.4209259338877
-3544.488969199724
-3550.4934318818036
-3556.5085436457944
-3562.5197293223537
-3568.6530542733394
-3574.5647059793955
-3580.5588687737163
-3586.154654469878
-3592.108609177487
-3594.413343491214
-3603.699783197858
-3609.374387160378
-3615.2950574971123
-3621.142005939938
-3626.9061430865636
-3632.925569075689
-3639.043497528332
-3644.9728994961665
-3651.0702539585686
-3657.168213391568
-3663.2204529878386
-3669.5346577075015
-3675.9653158916117
-3682.309644696426
-3684.9858677317925
-3694.5655327836466
-3700.9666094968798
-3706.946699682107
-3713.3790343235755
-3719.7380812931624
-3726.0279722032774
-3732.411662356845
-3738.5104445268857
-3744.8225267468547
-3751.066291131944
-3757.2630441058614
-3763.508374349804
-3769.587575678852
-3775.7510295768498
-3778.3521301384003
-3787.906300627886
-3794.1846614300543
-3800.2077109242487
-3806.0744343927527
-3811.8887235921093
-3817.9411288509336
-3824.044379472504
-3830.2040175079946
-3836.1550012118923
-3842.2006726571058
-3848.2091601143206
-3854.3150460985685
-3860.1690994097653
-3866.23205744602
-3868.686491289309
-3878.455897389522
-3884.5820669123327
-3890.9383226205437
-3896.6011503450677
-3905.451842125582
-3911.4841822832836
-3917.383532919633
-3923.505587155731
-3929.483805379878
-3935.427289513071
-3941.566003704645
-3947.433128704618
-3953.417365216444
-3959.463464555502
-3962.6752695749656
-3971.4511559677017
-3977.200090694321
-3982.956163026494
-3989.272480794677
-3995.4131450987206
-4001.4146659170156
-4007.5674566319058
-4013.8729130779434
-4020.1057018444526
-4026.496488717136
-4032.8409565542997
-4039.3867550896457
-4045.703630085677
-4051.747583862591
-4054.7096174071494
-4063.9378131700214
-4070.20026122196
-4076.1776570247503
-4082.513848999042
-4088.703458828795
-4095.001922183886
-4101.391512527343
-4107.60530674104
-4113.719066171049
-4119.714328786957
-4125.76039552437
-4131.726320968046
-4137.6205395434035
-4143.925220563392
-4147.5041631358745
-4156.285267036731
-4162.267768168348
-4168.3537261679885
-4173.862593401767
-4179.71735905833
-4185.847890017027
-4191.905776969748
-4197.78281254085
-4203.892812474187
-4210.12612989815
-4216.054720311545
-4222.234636810072
-4228.0335499277335
-4234.230351508577
-4237.331120923347
-4245.820400134941
-4252.155106381169
-4258.109371766099
-4264.3719351401
-4270.795598999337
-4276.8532420256015
-4282.552316700724
-4288.602327522893
-4294.527366733585
-4300.177928744525
-4306.109568080586
-4311.900411337355
-4317.875284804805
-4323.90861175377
-4326.878497053183
-4335.997643331499
-4341.756453768612
-4347.769434129049
-4353.749910180766
-4359.91353589953
-4365.992062936085
-4372.593885633167
-4378.9332671442535
-4385.127164854369
-4391.495994904314
-4397.790272465047
-4403.959175984889
-4410.213629389493
-4416.421092669651
-4419.403458782857
-4429.282912461516
-4435.572703177514
-4442.026602979552
-4448.06806992852
-4454.5101588757225
-4460.510118603283
-4466.567222375339
-4472.79643923048
-4479.018517891111
-4485.127609273617
-4491.589406356636
-4497.715870989117
-4503.709614902741
-4509.726031312543
-4512.897421314085
-4521.985718236059
-4528.132736198257
-4533.799500586236
-4539.593812906787
-4545.937032934869
-4551.784562187392
-4557.856640539951
-4563.685574070679
-4569.734584942977
-4575.917043928753
-4581.977872781277
-4587.805705668137
-4593.805789105236
-4599.759464170201
-4602.314581106643
-4611.485435159395
-4617.5173670319
-4623.4761782719215
-4629.272220284216
-4635.176060909482
-4641.296834616549
-4647.256550410869
-4653.195051084688
-4658.838159370989
-4664.826563106989
-4670.489323737799
-4676.517552647792
-4682.53091198767
-4688.342498062515
-4690.8712796754935
-4700.533300527846
-4707.084230930445
-4713.371508001616
-4719.605330789806
-4725.765641780334
-4732.021638955626
-4738.296084953619
-4744.9098498143485
-4751.110085656948
-4757.73509288661
-4763.831405810367
-4770.251365199862
-4776.376351191011
-4782.75028813577
-4785.34527379953
-4795.317571963036
-4801.475166932139
-4807.799189841007
-4814.082044650037
-4820.408476750718
-4826.72604827358
-4832.799193529318
-4838.987005790318
-4845.266934910111
-4851.410495859473
-4857.197337804631
-4863.280202332853
-4869.256541987198
-4875.331447803938
-4878.1264593505375
-4887.517981699746
-4892.889658683426
-4898.806267074132
-4904.664492761235
-4910.717539518855
-4916.642668685989
-4922.3911785365135
-4928.479587196122
-4934.18604718649
-4940.22285446838
-4946.148526460864
-4952.247152390763
-4958.209529192915
-4964.210240995298
-4966.769514218121
-4976.390058388622
-4982.3054887573235
-4988.221053464369
-4993.960759189545
-5000.136174113412
-5005.885268279742
-5011.847455116453
-5017.750345959842
-5023.346917580825
-5029.196444888442
-5035.111849315644
-5041.2436359655485
-5047.249514761362
-5053.383906497906
-5056.013425989302
-5065.691318899708
-5071.859623830724
-5078.218745311806
-5084.628119044278
-5090.901606675236
-5097.337917875838
-5103.866911786208
-5110.346979221414
-5116.752163294912
-5123.027682459269
-5129.374497866543
-5135.70859739851
-5141.896795526742
-5148.068164903856
-5150.907631064212
-5160.704457911148
-5167.095540077018
-5173.435445840625
-5179.91331100418
-5186.197897214975
-5192.327860900635
-5198.558720959
-5204.91492629717
-5211.048618595467
-5217.338620202303
-5223.09004958505
-5229.036703306137
-5234.846275218722
-5240.771451427865
-5243.166316526357
-5252.107023463769
-5257.813892662797
-5263.635029474201
-5269.368198684269
-5275.452774127542
-5281.318603389124
-5287.190360102832
-5293.130864860962
-5299.285728634678
-5305.310988520096
-5311.297491776656
-5317.319522287415
-5323.495564929697
-5329.484313686551
-5331.887815958038
-5341.695501734431
-5347.8875956640595
-5353.627284955094
-5359.399701503919
-5365.186349760111
-5371.179751854471
-5377.176435344795
-5382.991564868131
-5388.807026821652
-5395.0730408926765
-5400.954482783912
-5407.043197954608
-5412.896733707868
-5418.96722902323
-5421.779881670274
-5431.163337850163
-5437.370693283022
-5443.818850534445
-5449.810497485722
-5456.182005559096
-5462.706947765704
-5469.333803599045
-5475.646135016657
-5481.953031798656
-5488.457473329177
-5494.781706831259
-5501.437704597975
-5507.856946320423
-5514.193406356534
-5517.37153692868
-5526.565734947861
-5532.763118909122
-5539.114216833379
-5545.093617916798
-5551.229764256422
-5557.067087895908
-5563.078429542146
-5569.093654118621
-5575.17671135967
-5581.250294669998
-5587.108555541197
-5592.634250900737
-5598.488381568285
-5604.861605705217
-5607.089871951336
-5616.08921848725
-5621.756687162557
-5627.43516496375
-5633.2444356448
-5638.811210028864
-5644.4718188017905
-5650.551399633755
-5656.355522439123
-5662.251253512928
-5668.441345876693
-5674.171240235501
-5680.352198174352
-5686.325260823077
-5692.029261531076
-5695.007921261543
-5704.284762799678
-5710.627398697898
-5716.664923020779
-5722.99623378452
-5728.98215283079
-5734.844937690603
-5740.590450605221
-5746.216112555953
-5752.217558949208
-5757.986277744279
-5764.188436719173
-5770.399025953585
-5776.827282107689
-5783.051671002253
-5786.118691336416
-5795.675223896307
-5802.191950957544
-5808.87097885489
-5815.221940345108
-5821.8880434802595
-5828.209584409539
-5834.840807758974
-5841.015024873825
-5847.468098942265
-5853.813078110368
-5859.643484155829
-5866.218971225977
-5872.592202324544
-5878.839620407129
-5882.430390051569
-5891.630951919522
-5897.838891519023
-5904.040103711421
-5910.150964246963
-5916.341811150313
-5922.3698852812195
-5928.699470740887
-5934.959484374029
-5940.968417595205
-5946.842901781566
-5952.520136169961
-5958.25258963206
-5964.609915960391
-5970.087271198097
-5973.153401810353
-5981.692185728578
-5987.692759734765
-5993.512733697562
-5999.303440949253
-6005.206372706289
-6011.08574041877
-6017.386320966893
-6023.237873707273
-6029.224465736064
-6035.338417890253
-6041.484734985629
-6047.541683590388
-6053.445565670795
-6059.404176402561
-6062.71318879652
-6071.293135373509
-6077.0272676886725
-6082.934013120119
-6088.946267327064
-6094.970917292894
-6100.828601641637
-6106.729133525894
-6112.740327448545
-6119.520530105859
-6125.554382056946
-6131.362601493226
-6137.259495959303
-6143.196024224244
-6149.189415927286
-6152.706785873953
-6161.501563532074
-6167.598361310056
-6173.8135071010365
-6180.120364828394
-6186.36279289576
-6192.748563228434
-6198.980227454499
-6205.263811968446
-6211.428057205485
-6217.453406619648
-6223.280841111323
-6229.34678319456
-6235.324602965388
-6241.64165152297
-6245.166540928932
-6254.493351074007
-6260.817393331719
-6267.198379045199
-6273.384313855402
-6279.078419781173
-6285.106805199049
-6291.261041237716
-6297.594493228547
-6303.816126759064
-6309.946697094643
-6315.942379927802
-6322.3063137293075
-6328.520840592001
-6334.338941135157
-6337.553784668152
-6345.98846241896
-6352.075759066389
-6358.03691844689
-6364.230802858298
-6370.289225106176
-6376.179179512912
-6382.261488616993
-6388.295598098805
-6394.273173175667
-6400.363718858425
-6406.4321183206175
-6412.714708463263
-6418.881889184363
-6425.148246088192
-6428.609461297175
-6437.412432614396
-6443.356104139714
-6449.69702313264
-6455.805413173914
-6462.2183569721865
-6468.040298440662
-6474.481368964999
-6480.338367337523
-6486.454036615314
-6492.268734839007
-6498.156214191088
-6503.954652426
-6509.831671231392
-6515.791724505084
-6518.882127653048
-6528.240208662588
-6534.327590477502
-6540.397523243421
-6546.551558618839
-6552.7097183727965
-6558.839482227985
-6564.996696828246
-6571.1607756133235
-6577.285670185353
-6583.590894272462
-6589.670434676734
-6595.729840703851
-6601.848763337278
-6608.133641190422
-6611.814836855782
-6620.195251633905
-6626.087636433677
-6632.093460358005
-6637.864557131404
-6643.8371927442
-6649.853512717413
-6655.959626309707
-6661.976570955751
-6668.091409335703
-6674.040689515648
-6679.79703434693
-6685.749348642938
-6691.7874661554315
-6697.631682673808
-6701.072805150202
-6709.5581230214975
-6715.542085084906
-6721.615851239574
-6727.694321847857
-6733.9711996827855
-6739.975959804722
-6746.158645144515
-6752.227933085738
-6758.473775644927
-6764.57991998745
-6770.742004291241
-6777.015056930819
-6783.082131755156
-6789.142589427298
-6792.2212130319
-6801.742781639957
-6808.175795019618
-6814.243237422663
-6820.491191605632
-6826.655561628373
-6832.7875219777015
-6839.285332069207
-6845.469145715417
-6851.357473453747
-6857.483487569012
-6863.5208030309595
-6869.663042731399
-6875.681836650123
-6881.671578515905
-6884.400635365383
-6894.486965071667
-6900.639438837119
-6906.8846133583365
-6913.069885140244
-6919.181595249269
-6925.367157380102
-6931.5207091761995
-6937.552599482782
-6943.742341636979
-6949.994592292234
-6956.212878353075
-6962.44073012424
-6968.441863904602
-6974.7755043225825
-6977.798265194302
-6986.972494178724
-6993.241468196043
-6999.0899976166365
-7005.250678426698
-7011.170987002029
-7017.161206566365
-7023.050747771174
-7028.947593889752
-7035.003012351939
-7040.660653391088
-7046.6449626021795
-7052.406723982767
-7058.245726033047
-7064.108404263846
-7067.309811168564
-7075.867528214835
-7081.7209126756725
-7087.761742241453
-7093.709640371727
-7099.846680707625
-7106.127975189119
-7111.938340159556
-7118.097762271429
-7124.046006092477
-7130.134830379189
-7136.302356917625
-7142.2411131636045
-7148.374598605192
-7154.568823083832
-7157.2753347174885
-7166.861878284098
-7173.146937753126
-7179.305706815878
-7185.29124505345
-7191.39517812121
-7197.317438402989
-7203.538773817857
-7209.903269940474
-7216.200412463487
-7222.410949033432
-7228.672437436058
-7235.020161197937
-7241.390587382124
-7247.669895380579
-7250.488057160237
-7260.231570601919
-7266.391609460656
-7272.391128414542
-7278.741291997987
-7285.049928732039
-7291.042197177954
-7297.244186791257
-7303.379799901234
-7309.412066088689
-7315.324838739393
-7320.947591655965
-7327.098196660712
-7333.147009442155
-7339.5228403188885
-7342.180486304356
-7351.703203174591
-7357.769834274566
-7363.812592749862
-7369.7433387851515
-7375.583468448761
-7381.267585019084
-7387.136993649273
-7393.380671366164
-7399.376250566425
-7405.072419009158
-7411.203645039637
-7416.980492630532
-7423.029365149529
-7429.205636018573
-7432.137820207903
-7441.344475479015
-7447.311164835479
-7453.566817591293
-7459.610577566105
-7465.751343318007
-7472.089602689437
-7478.297061130799
-7484.462352905732
-7490.809371269232
-7496.899511349854
-7503.011719815693
-7508.971176802966
-7515.265761858583
-7521.411914718248
-7524.152809932163
-7533.222038291812
-7539.646060716437
-7545.585694105341
-7551.534094680698
-7557.32791356294
-7563.439255526965
-7569.374091395227
-7575.295235871913
-7581.329205109409
-7587.415683418033
-7593.339227831733
-7599.3592500348705
-7605.353321825358
-7611.686151789488
-7614.697000280566
-7624.148768971336
-7630.627440667061
-7636.831009499204
-7642.989095972207
-7649.0138439363145
-7654.95777049436
-7660.998936505466
-7667.115870596299
-7673.1127416925865
-7679.3249961172905
-7685.454294519852
-7691.48653432165
-7698.0595306950645
-7704.12262065908
-7706.736712454165
-7716.3301794834915
-7722.343468416977
-7728.43651593488
-7734.453945678645
-7740.709540568425
-7746.826590069566
-7752.825935302658
-7758.775054504227
-7764.6116229361305
-7770.713507713059
-7776.459536044371
-7782.452842193822
-7788.585636867545
-7794.587015890743
-7797.148952621342
-7809.121035175896
-7815.354356291849
-7821.416436810585
-7827.6867543698745
-7833.695699299592
-7840.340547132527
-7846.384678648112
-7852.307001047422
-7858.479994485374
-7864.581432936683
-7870.980014531757
-7877.038200316919
-7883.150113778369
-7888.974263938601
-7891.884247434327
-7901.917698092302
-7907.9402110948895
-7913.87957626289
-7920.45847811835
-7926.285805277857
-7931.888354594279
-7937.8287776998795
-7943.9900945700965
-7949.865465409513
-7955.974231019012
-7962.049045150443
-7968.149585367219
-7974.252842547533
-7980.405617464334
-7983.349015372496
-7992.958117360461
-7998.877557829393
-8004.793488105151
-8010.56173462057
-8016.406774574417
-8022.306986629543
-8028.239102368642
-8034.011920862512
-8040.054030356978
-8046.227436286747
-8052.516979969386
-8058.7886652040515
-8064.983741450052
-8070.843933446031
-8074.412692678773
-8083.066377064463
-8089.456721683041
-8095.710841240398
-8101.749703037534
-8107.805832008747
-8113.897136548376
-8119.769677897071
-8125.743154375192
-8131.654678217943
-8137.457370601621
-8143.4538240445
-8149.486908282233
-8155.521213499499
-8161.530865413622
-8165.142195384766
-8173.74733637335
-8180.182540990113
-8186.418594825181
-8192.601316933296
-8198.86329668227
-8204.976241378501
-8211.690002310072
-8217.034970963696
-8223.16686886267
-8229.585836263757
-8236.44254899354
-8242.579071540838
-8248.758492145675
-8254.70086685847
-8257.336281419444
-8266.916304331191
-8272.666922188537
-8278.879066240559
-8284.696880933247
-8291.046365240516
-8296.964647763574
-8302.892835311277
-8308.4714555833
-8314.663785953493
-8320.601454634341
-8326.873789393583
-8332.842210266394
-8339.027932800098
-8345.11837592835
-8347.85222533664
-8357.659982465742
-8363.6809181879
-8369.818779748191
-8376.322511274098
-8382.299642753984
-8388.906528780446
-8395.257496162605
-8401.059516796066
-8406.780210609255
-8412.966398196877
-8418.700278175642
-8424.63819415652
-8430.648533467976
-8436.750312944841
-8439.705228123927
-8448.650476386467
-8454.838061404182
-8460.6315342208
-8466.815921017169
-8472.563321534153
-8478.502386610298
-8484.555224643545
-8490.800335467557
-8496.835480900536
-8502.977972902796
-8509.05148671917
-8515.18022444778
-8521.139711081394
-8527.27634547819
-8530.449627089045
-8539.763682925422
-8546.18315654639
-8552.230830331657
-8558.498208629508
-8564.701328808753
-8570.850892427778
-8576.7790645341
-8582.705233421913
-8588.560867106156
-8594.602968155717
-8600.531453544227
-8606.55666855771
-8612.565084496235
-8618.701109284893
-8621.238245352031
-8631.059380987612
-8637.10866908465
-8642.809633126031
-8648.71861261128
-8655.012195658055
-8661.51125772361
-8667.504003190843
-8673.574920751587
