3-2		
t	x	y
0.00000000000	-0.11391230600	0.08535259808
0.01665113175	-0.09871465314	0.10271509600
0.02497669762	-0.08704604941	0.11254059370
0.03330226350	-0.07490085669	0.12095205150
0.04162782937	-0.06214278816	0.12773183800
0.04995339524	-0.04843793441	0.13352393700
0.05827896112	-0.03386703775	0.13848636750
0.06660452699	-0.02037237843	0.14123287670
0.07493009286	-0.00533321241	0.14288669890
0.08325565874	0.01023907312	0.14219626350
0.09158122461	0.02478700822	0.14066321960
0.09990679049	0.03836381483	0.13716367860
0.10823235640	0.05176111405	0.13261855050
0.11655792220	0.06497251721	0.12669887380
0.12488348810	0.07212786435	0.12305773400
0.13320905400	0.08943029709	0.11004907520
0.14153461990	0.10064222560	0.09965428400
0.14986018570	0.11037959050	0.08829973789
0.15818575160	0.11919407710	0.07608866966
0.16651131750	0.12667401140	0.06317660203
0.17483688340	0.13249668260	0.04922550345
0.18316244920	0.13677566630	0.03551738435
0.19148801510	0.13939194200	0.02139866591
0.19981358100	0.13991489630	0.00669524627
0.20813914680	0.13981510710	-0.00815360411
0.21646471270	0.13781329260	-0.02221336527
0.22479027860	0.13468037360	-0.03718246571
0.23311584450	0.13012370100	-0.05095901219
0.24144141030	0.12403418900	-0.06462992092
0.24976697620	0.11999811000	-0.07207186444
0.25809254210	0.10756650160	-0.08996085466
0.27016461260	0.09710073276	-0.10076655540
0.27849017850	0.07809203835	-0.11541639750
0.28681574440	0.06523615503	-0.12339172360
0.29514131020	0.05149578966	-0.13001980140
0.30346687610	0.03743946675	-0.13536852850
0.31179244200	0.02279634221	-0.13840420290
0.32011800780	0.00771856325	-0.14015504020
0.32844357370	-0.00719144824	-0.14044119050
0.33676913960	-0.02225648597	-0.13887703580
0.34509470550	-0.03676185938	-0.13582554930
0.35342027130	-0.05146083511	-0.13086158130
0.36174583720	-0.06509135919	-0.12460598710
0.37007140310	-0.07810740322	-0.11713002090
0.37839696900	-0.08407498989	-0.11316975960
0.38672253480	-0.10179390930	-0.09818009621
0.39504810070	-0.11160683310	-0.08683658840
0.40337366660	-0.12092915110	-0.07418160274
0.41169923250	-0.12833990090	-0.06061603913
0.42002479830	-0.13485320150	-0.04599348279
0.42835036420	-0.13943303490	-0.03098034621
0.43667593010	-0.14239507910	-0.01585977101
0.44500149600	-0.14334077420	-0.00108880818
0.45332706180	-0.14282228800	0.01443397268
0.46165262770	-0.14027099000	0.02912643594
0.46997819360	-0.13644897230	0.04352112584
0.47830375950	-0.13080026640	0.05739449590
0.48662932530	-0.12378830130	0.07103100686
0.49495489120	-0.11556139810	0.08377435622
0.50328045710	-0.11138558680	0.08914410493
0.51160602290	-0.09619912462	0.10586558580
0.51993158880	-0.08510240488	0.11487707060
0.52825715470	-0.07230602770	0.12350218130
0.53658272060	-0.05926246084	0.13055649210
0.54490828640	-0.04476122290	0.13567065350
0.55323385230	-0.03023795783	0.13938196410
0.56155941820	-0.01515460665	0.14146040230
0.56988498410	-0.00008993769	0.14217074670
0.57821054990	0.01480075844	0.14094115220
0.58653611580	0.02968826676	0.13861931130
0.59486168170	0.04445115103	0.13472007580
0.60318724760	0.05769958216	0.12960728710
0.61151281340	0.07057652698	0.12257052110
0.61983837930	0.08346751796	0.11450267490
0.62816394520	0.08804923880	0.11088868010
0.63648951110	0.10464593170	0.09423105561
0.64481507690	0.11393178110	0.08233236095
0.65314064280	0.12192953490	0.06975514963
0.66146620870	0.12781760960	0.05646007931
0.66979177450	0.13297489350	0.04292706715
0.67811734040	0.13658523610	0.02875244623
0.68644290630	0.13846397820	0.01487691990
0.69476847220	0.13911302530	0.00014512216
0.70309403800	0.13796141140	-0.01471466617
0.71141960390	0.13600967860	-0.02893603638
0.71974516980	0.13130849910	-0.04252227983
0.72807073570	0.12680479650	-0.05607297330
0.73639630150	0.11897353480	-0.06875953723
0.74472186740	0.11222814910	-0.08122233946
0.75304743330	0.10817847010	-0.08645619750
0.76137299920	0.09314274928	-0.10397947690
0.76928228670	0.08093998710	-0.11339909890
0.77760785260	0.06874908846	-0.12147971250
0.78593341850	0.05451014444	-0.12788281430
0.79425898440	0.03988006547	-0.13299701430
0.80258455020	0.02468012656	-0.13623568030
0.81091011610	0.00932467049	-0.13836330900
0.81923568200	-0.00588611852	-0.13903134180
0.82756124790	-0.02109643071	-0.13818681010
0.83588681370	-0.03586523265	-0.13539548940
0.84421237960	-0.05041115526	-0.13073575890
0.85253794550	-0.06380302531	-0.12503783840
0.86086351140	-0.07693864244	-0.11799428640
0.86918907720	-0.08911966101	-0.10948805450
0.87751464310	-0.09428116995	-0.10544892010
0.88584020900	-0.11107505130	-0.08791931393
0.89416577480	-0.12056738720	-0.07494162491
0.90249134070	-0.12836071820	-0.06169049617
0.91081690660	-0.13435587100	-0.04774861490
0.91914247250	-0.13883047780	-0.03341318419
0.92746803830	-0.14185630280	-0.01864499193
0.93579360420	-0.14319907690	-0.00350680707
0.94411917010	-0.14288879420	0.01149118360
0.95244473600	-0.14069034520	0.02667691969
0.96077030180	-0.13777892210	0.04152705482
0.96909586770	-0.13282667840	0.05618567036
0.97742143360	-0.12662104610	0.07045834897
0.98574699950	-0.11911432710	0.08296057580
0.99407256530	-0.10999795910	0.09511145461
1.00239813100	-0.10573082440	0.09964079531
1.01072369700	-0.08779528407	0.11532141780
1.01904926300	-0.07519025147	0.12371188040
1.02737482900	-0.06181708600	0.13061213980
1.03570039500	-0.04788275253	0.13649068270
1.04402596100	-0.03347052889	0.14061703020
1.05235152600	-0.01876562813	0.14304974420
1.06067709200	-0.00365306074	0.14383717310
1.06900265800	0.01122827804	0.14327271020
1.07732822400	0.02639753666	0.14074398980
1.08565379000	0.04093247895	0.13706748140
1.09397935600	0.05543280004	0.13162688760
1.10230492200	0.06839852138	0.12525508210
1.11063048800	0.08134320189	0.11721448540
1.11895605300	0.09291627186	0.10729309410
1.12728161900	0.09761161938	0.10270882330
1.13560718500	0.11238039020	0.08504620670
1.14393275100	0.12070817430	0.07223510541
1.15225831700	0.12703064130	0.05973569003
1.16058388300	0.13244466410	0.04587530218
1.16890944900	0.13608715270	0.03173019515
1.17723501500	0.13824118910	0.01823752154
1.18556058000	0.13929534870	0.00265697092
1.19388614600	0.13847787460	-0.01190912463
1.20221171200	0.13607223290	-0.02620173200
1.21053727800	0.13234357120	-0.03989512313
1.21886284400	0.12703725590	-0.05344268339
1.22718841000	0.12025078620	-0.06619021194
1.23551397600	0.11226519870	-0.07878631690
1.24383954200	0.10257514810	-0.09052385282
1.25216510700	0.09747750962	-0.09593456430
1.26049067300	0.08051279021	-0.11108563400
1.26881623900	0.06814540170	-0.11953789630
1.27714180500	0.05430396073	-0.12629665340
1.28546737100	0.03998353798	-0.13178236120
1.29379293700	0.02479274924	-0.13535116210
1.30211850300	0.00957596899	-0.13749619180
1.31044406900	-0.00614712614	-0.13767199650
1.31835335600	-0.02141239748	-0.13679214470
1.32667892200	-0.03628529385	-0.13412799790
1.33500448800	-0.05089132643	-0.13007305980
1.34333005400	-0.06481870834	-0.12452920710
1.35165562000	-0.07851675084	-0.11726906040
1.35998118500	-0.09071539886	-0.10840389210
1.36830675100	-0.10160351320	-0.09854712688
1.37663231700	-0.10678934520	-0.09353008050
1.38495788300	-0.12140651100	-0.07551788234
1.39328344900	-0.12905920590	-0.06297360268
1.40160901500	-0.13511908240	-0.04949641952
1.40993458100	-0.13959894890	-0.03568871520
1.41826014700	-0.14253060980	-0.02120035394
1.42658571200	-0.14381347010	-0.00632729992
1.43491127800	-0.14421564930	0.00853785294
1.44323684400	-0.14262549900	0.02340525124
1.45156241000	-0.13960900990	0.03837655570
1.45988797600	-0.13561684980	0.05299846653
1.46821354200	-0.12968180460	0.06723430353
1.47653910800	-0.12244619490	0.08072031590
1.48486467400	-0.11333176720	0.09287365630
1.49319023900	-0.10341005910	0.10339442190
1.50151580500	-0.09833316769	0.10786096580
1.50984137100	-0.07925281904	0.12190830860
1.51816693700	-0.06587258043	0.12953863370
1.52649250300	-0.05278580103	0.13538474810
1.53481806900	-0.03801888132	0.14024658780
1.54314363500	-0.02419530577	0.14328116290
1.55146920100	-0.00885215101	0.14491890850
1.55979476600	0.00598646280	0.14482728520
1.56812033200	0.02137299637	0.14275332380
1.57644589800	0.03597420864	0.13947056270
1.58477146400	0.05031016535	0.13413079410
1.59309703000	0.06392177835	0.12775695010
1.60142259600	0.07593561146	0.12040729910
1.60974816200	0.08811472798	0.11150835080
1.61807372800	0.09901443545	0.10123203520
1.62639929300	0.10344149610	0.09620262590
1.63472485900	0.11655092530	0.07839961748
1.64305042500	0.12381885040	0.06524615081
1.65137599100	0.12980024410	0.05191854086
1.65970155700	0.13403550950	0.03790881005
1.66802712300	0.13680875430	0.02335862458
1.67635268900	0.13807302020	0.00846899580
1.68467825500	0.13804710530	-0.00659862994
1.69300382000	0.13592472610	-0.02098425358
1.70132938600	0.13253668150	-0.03567606564
1.70965495200	0.12717275320	-0.04935960515
1.71798051800	0.12122275280	-0.06254550335
1.72630608400	0.11329976370	-0.07580528578
1.73463165000	0.10425774070	-0.08822765392
1.74295721600	0.09386704237	-0.09980767248
1.75128278200	0.08796795952	-0.10511408310
1.75960834700	0.06956710414	-0.11849324100
1.76793391300	0.05621885504	-0.12561912350
1.77625947900	0.04161002862	-0.13150630120
1.78458504500	0.02675220873	-0.13547884610
1.79291061100	0.01201485689	-0.13799901250
1.80123617700	-0.00335965620	-0.13852750460
1.80956174300	-0.01851228275	-0.13748858390
1.81788730900	-0.03312890037	-0.13528281170
1.82621287400	-0.04797590350	-0.13139095050
1.83453844000	-0.06225011911	-0.12613310540
1.84286400600	-0.07591073783	-0.11923798180
1.85077329400	-0.08893194505	-0.11084164300
1.85909886000	-0.10022582970	-0.10120291930
1.86742442500	-0.11171457790	-0.08982370828
1.87574999100	-0.11696657400	-0.08395317101
1.88407555700	-0.12949110700	-0.06428316015
1.89240112300	-0.13641051920	-0.04972976996
1.90072668900	-0.14084260710	-0.03554520124
1.90905225500	-0.14455990980	-0.02069846088
1.91737782100	-0.14625854670	-0.00505137708
1.92570338700	-0.14681488960	0.01058538048
1.93402895200	-0.14510498590	0.02532457110
1.94235451800	-0.14205324130	0.04017487254
1.95068008400	-0.13752094150	0.05451100993
1.95900565000	-0.13152546480	0.06814284703
1.96733121600	-0.12396469920	0.08090053383
1.97565678200	-0.11499125660	0.09322904446
1.98398234800	-0.10534042350	0.10381681460
1.99230791400	-0.09449548710	0.11374185680
2.00063347900	-0.08981875431	0.11785654830
2.00895904500	-0.06979199653	0.13007422220
2.01728461100	-0.05536848407	0.13645387770
2.02561017700	-0.04075472782	0.14089128690
2.03393574300	-0.02584244732	0.14385254240
2.04226130900	-0.01101935813	0.14576840370
2.05058687500	0.00397447298	0.14491280790
2.05891244100	0.01912883586	0.14380646060
2.06723800600	0.03387091625	0.14048242950
2.07556357200	0.04777320066	0.13585744480
2.08388913800	0.06125035976	0.12972636250
2.09221470400	0.07429679443	0.12223352580
2.10054027000	0.08646244411	0.11323342120
2.10886583600	0.09733095763	0.10279747600
2.11719140200	0.10696719740	0.09202469959
2.12551696800	0.11166608490	0.08544959090
2.13384253300	0.12292578060	0.06735136416
2.14216809900	0.12891231190	0.05359740931
2.15049366500	0.13322509780	0.04041587390
2.15881923100	0.13612008670	0.02624400174
2.16714479700	0.13741806550	0.01117790925
2.17547036300	0.13741181210	-0.00374152892
2.18379592900	0.13574340080	-0.01827813529
2.19212149500	0.13260705220	-0.03325964211
2.20044706000	0.12793134810	-0.04768531232
2.20877262600	0.12196277740	-0.06139044617
2.21709819200	0.11463793550	-0.07427679048
2.22542375800	0.10596644120	-0.08650502878
2.23374932400	0.09575922859	-0.09768628008
2.24207489000	0.08381922763	-0.10781332530
2.25040045600	0.07679702177	-0.11285606160
2.25872602200	0.05780008490	-0.12386367230
2.26705158700	0.04389871739	-0.12965858070
2.27537715300	0.02968665927	-0.13405213140
2.28370271900	0.01466825877	-0.13689600500
2.29202828500	-0.00011169899	-0.13817708620
2.30035385100	-0.01524168875	-0.13814124440
2.30867941700	-0.03029589058	-0.13616155560
2.31700498300	-0.04464900606	-0.13274467800
2.32533054900	-0.05938683213	-0.12760599730
2.33365611400	-0.07320874432	-0.12084712970
2.34198168000	-0.08634544089	-0.11263428950
2.35030724600	-0.09768070776	-0.10298381020
2.35863281200	-0.10950521850	-0.09159469597
2.36695837800	-0.11905600310	-0.07949094076
2.37528394400	-0.12400437580	-0.07308449743
2.38360951000	-0.13374598710	-0.05334956789
2.39151879700	-0.13897234180	-0.03948829277
2.39984436300	-0.14267226460	-0.02423976604
2.40816992900	-0.14475071050	-0.00884306137
2.41649549500	-0.14544722870	0.00662670466
2.42482106100	-0.14460659520	0.02166003305
2.43314662700	-0.14202615030	0.03618767709
2.44147219200	-0.13800516140	0.05092253207
2.44979775800	-0.13211356250	0.06465726869
2.45812332400	-0.12516736700	0.07779269149
2.46644889000	-0.11677288540	0.08966874712
2.47477445600	-0.10691196020	0.10137786970
2.48310002200	-0.09641244274	0.11116599480
2.49142558800	-0.08436844785	0.12004922830
2.49975115400	-0.07841983194	0.12435045630
2.50807671900	-0.05833190782	0.13446481810
2.51640228500	-0.04392278267	0.13947602000
2.52472785100	-0.02954918784	0.14278514320
2.53305341700	-0.01450354789	0.14441004020
2.54137898300	0.00062125126	0.14430151470
2.54970454900	0.01520400580	0.14315807600
2.55803011500	0.03009243355	0.14013771690
2.56635568100	0.04411544332	0.13562458210
2.57468124600	0.05799969836	0.12975036020
2.58300681200	0.07097314154	0.12267872420
2.59133237800	0.08312821955	0.11390186030
2.59965794400	0.09881762843	0.10255999910
2.60798351000	0.10866752220	0.09200477708
2.61630907600	0.11757994840	0.08054798875
2.62463464200	0.12216854280	0.07346887636
2.63296020800	0.13138875980	0.05445678852
2.64128577300	0.13615544510	0.04095846153
2.64961133900	0.13982553060	0.02664304260
2.65793690500	0.14139914840	0.01220467857
2.66626247100	0.14213538800	-0.00220768265
2.67458803700	0.14082149100	-0.01689274714
2.68291360300	0.13815780400	-0.03188850610
2.69123916900	0.13380062490	-0.04597500818
2.69956473500	0.12821626650	-0.05967658849
2.70789030000	0.12077131640	-0.07303572710
2.71621586600	0.11246096060	-0.08544268538
2.72454143200	0.10248707690	-0.09693964888
2.73286699800	0.09153017211	-0.10677534170
2.74119256400	0.07888710148	-0.11588552560
2.74951813000	0.07166703167	-0.12030819510
2.75784369600	0.05172379216	-0.13003522630
2.76616926200	0.03715220505	-0.13501108430
2.77449482700	0.02251859682	-0.13826144060
2.78282039300	0.00743828238	-0.13978653490
2.79114595900	-0.00761237472	-0.13988882760
2.79947152500	-0.02250301909	-0.13838371950
2.80779709100	-0.03694062199	-0.13543099770
2.81612265700	-0.05162553453	-0.13016321830
2.82444822300	-0.06524794153	-0.12402462680
2.83277378900	-0.07891085771	-0.11595353910
2.84109935400	-0.09097532402	-0.10680000640
2.84942492000	-0.10222312300	-0.09613908961
2.85775048600	-0.11221687740	-0.08422598606
2.86607605200	-0.12086863430	-0.07126630148
2.87440161800	-0.12490612270	-0.06376127841
2.88272718400	-0.13386526020	-0.04384393074
2.89063647100	-0.13765319920	-0.02862391978
2.89896203700	-0.13982755320	-0.01325936825
2.90728760300	-0.14039538690	0.00164461727
2.91561316900	-0.13962771590	0.01740307235
2.92393873500	-0.13735454560	0.03199335499
2.93226430100	-0.13359592340	0.04679956971
2.94058986700	-0.12853540510	0.06077196616
2.94891543300	-0.12149769870	0.07367243721
2.95724099800	-0.11365135800	0.08625870648
2.96556656400	-0.10379423060	0.09787719208
2.97389213000	-0.09336080679	0.10789938710
2.98221769600	-0.08178923249	0.11688827180
2.99054326200	-0.06887490414	0.12492604290
2.99886882800	-0.06116535693	0.12894478500
3.00719439400	-0.04136184630	0.13650509350
3.01551995900	-0.02711252910	0.14029685320
3.02384552500	-0.01197636847	0.14252246320
3.03217109100	0.00266033124	0.14326289620
3.04049665700	0.01765068501	0.14246406060
3.04882222300	0.03247665522	0.13953808420
3.05714778900	0.04722928482	0.13523068800
3.06547335500	0.06112632520	0.12954654480
3.07379892100	0.07418536380	0.12231244360
3.08212448600	0.08655465541	0.11376245810
3.09045005200	0.09814292881	0.10379017330
3.09877561800	0.10823434870	0.09328082853
3.10710118400	0.11760395780	0.08152013207
3.11542675000	0.12530823950	0.06871297646
3.12375231600	0.12890278070	0.06077231768
3.13207788200	0.13657906490	0.04206494571
3.14040344800	0.13983231470	0.02810201665
3.14872901300	0.14183522790	0.01391120033
3.15705457900	0.14235838530	-0.00077053190
3.16538014500	0.14155870760	-0.01494976241
3.17370571100	0.13891245390	-0.02962504168
3.18203127700	0.13442856860	-0.04413484430
3.19035684300	0.12886598020	-0.05780255697
3.19868240900	0.12150251090	-0.07136877226
3.20700797500	0.11263435400	-0.08411187400
3.21533354000	0.10273024000	-0.09560702737
3.22365910600	0.09191292617	-0.10599622540
3.23198467200	0.08029329723	-0.11536118680
3.24031023800	0.06656966099	-0.12333263900
3.24863580400	0.05884713284	-0.12717529520
3.25696137000	0.03840355677	-0.13437007560
3.26528693600	0.02394427760	-0.13768655850
3.27361250200	0.00904721678	-0.13935512010
3.28193806700	-0.00629574799	-0.13922508550
3.29026363300	-0.02138326989	-0.13759656940
3.29858919900	-0.03623512826	-0.13448680120
3.30691476500	-0.05050042844	-0.13009063760
3.31524033100	-0.06443197345	-0.12401117020
3.32356589700	-0.07758359965	-0.11658282160
3.33189146300	-0.08995622979	-0.10729442180
3.34021702900	-0.10135146650	-0.09683798375
3.34854259400	-0.11127013680	-0.08556959419
3.35686816000	-0.12026451110	-0.07272863954
3.36519372600	-0.12783711130	-0.05914802748
3.37351929200	-0.13153207740	-0.05097132248
3.38184485800	-0.13830669570	-0.03017952654
3.39017042400	-0.14097510290	-0.01507926733
3.39849599000	-0.14160825800	0.00072497167
3.40682155600	-0.14087298920	0.01540529074
3.41514712100	-0.13840126040	0.03024789526
3.42305640900	-0.13450511000	0.04464449080
3.43138197500	-0.12929064220	0.05874762827
3.43970754100	-0.12250378600	0.07209386806
3.44803310700	-0.11491039610	0.08450381638
3.45635867300	-0.10525545690	0.09635507940
3.46468423800	-0.09453980935	0.10690802390
3.47300980400	-0.08341269310	0.11614370110
3.48133537000	-0.07031982590	0.12425242920
3.48966093600	-0.05717914157	0.13123932160
3.49798650200	-0.04943267794	0.13423035720
3.50631206800	-0.02835657554	0.14025282880
3.51463763400	-0.01346976715	0.14236971830
3.52296320000	0.00175007942	0.14291568040
3.53128876500	0.01617145841	0.14235023420
3.53961433100	0.03133029100	0.14009774800
3.54793989700	0.04590949576	0.13558483100
3.55626546300	0.06043241569	0.12993533130
3.56459102900	0.07332360528	0.12311483340
3.57291659500	0.08527654962	0.11453237060
3.58124216100	0.09681384742	0.10493933920
3.58956772600	0.10707452960	0.09351903899
3.59789329200	0.11608358650	0.08209916899
3.60621885800	0.12404985650	0.06950393194
3.61454442400	0.13099990360	0.05670709592
3.62286999000	0.13407752930	0.04824213941
3.63119555600	0.13993674950	0.02858389525
3.63952112200	0.14205581520	0.01483943239
3.64784668800	0.14233359400	0.00030012739
3.65617225300	0.14147950260	-0.01449351039
3.66449781900	0.13875496290	-0.02846491464
3.67282338500	0.13542682570	-0.04215499546
3.68114895100	0.13045822350	-0.05559223333
3.68947451700	0.12371123820	-0.06865875996
3.69780008300	0.11580395140	-0.08076988530
3.70612564900	0.10635417500	-0.09299250966
3.71445121500	0.09577430117	-0.10320967090
3.72277678000	0.08362917242	-0.11266780860
3.73110234600	0.07108224846	-0.12076911430
3.73942791200	0.05759263587	-0.12777600420
3.74775347800	0.04904381731	-0.13105033930
3.75607904400	0.02828029110	-0.13660168490
3.76440461000	0.01327095278	-0.13861738160
3.77273017600	-0.00182735243	-0.13914304580
3.78105574200	-0.01759764370	-0.13776917190
3.78938130700	-0.03366289153	-0.13482270510
3.79770687300	-0.04835623558	-0.13011290860
3.80603243900	-0.06272771675	-0.12403155520
3.81435800500	-0.07622074142	-0.11651811640
3.82268357100	-0.08917985748	-0.10681806200
3.83100913700	-0.10042109350	-0.09694887957
3.83933470300	-0.10997625450	-0.08642433085
3.84766026900	-0.11869175110	-0.07446979912
3.85598583400	-0.12611980280	-0.06153079388
3.86431140000	-0.13219606790	-0.04802501114
3.87263696600	-0.13516799380	-0.04034206591
3.88096253200	-0.13989504200	-0.01938945662
3.88928809800	-0.14159300560	-0.00431437942
3.89761366400	-0.14136941360	0.00957049897
3.90593923000	-0.13984306850	0.02457554839
3.91426479600	-0.13621963320	0.03923860313
3.92259036100	-0.13196150320	0.05307234493
3.93091592700	-0.12566386370	0.06671581384
3.93924149300	-0.11903270090	0.07914140333
3.94756705900	-0.10963054090	0.09131986854
3.95589262500	-0.09979723780	0.10224242860
3.96421819100	-0.08859212805	0.11230992210
3.97254375700	-0.07658980056	0.12090205740
3.98086932300	-0.06294587599	0.12808627300
3.98919488800	-0.04920729424	0.13412410800
3.99710417600	-0.04140421883	0.13648234730
4.00542974200	-0.01963698566	0.14167902790
4.01375530800	-0.00486944812	0.14257064810
4.02208087400	0.00985388044	0.14226000510
4.03040644000	0.02556957179	0.14012806670
4.03873200500	0.03982467306	0.13641505160
4.04705757100	0.05446286594	0.13198026110
4.05538313700	0.06818911923	0.12545231910
4.06370870300	0.08150666064	0.11680748690
4.07203426900	0.09321880241	0.10703435340
4.08035983500	0.10474103790	0.09648203432
4.08868540100	0.11449136080	0.08468929415
4.09701096700	0.12279192870	0.07221309269
4.10533653200	0.12936631510	0.05930595391
4.11366209800	0.13487678480	0.04650141277
4.12198766400	0.13663710020	0.04016923313
4.13031323000	0.14152191540	0.01838977063
4.13863879600	0.14244047910	0.00401067385
4.14696436200	0.14228391590	-0.01042322631
4.15528992800	0.14012287910	-0.02473936474
4.16361549300	0.13656493510	-0.03889681370
4.17194105900	0.13157403190	-0.05257924435
4.18026662500	0.12519386540	-0.06592920097
4.18859219100	0.11759504090	-0.07865200339
4.19691775700	0.10800502500	-0.09078122023
4.20524332300	0.09742743574	-0.10148977290
4.21356888900	0.08621972636	-0.11074337420
4.22189445500	0.07301082802	-0.11926067010
4.23022002000	0.05929205120	-0.12605876160
4.23854558600	0.04577046066	-0.13172527510
4.24687115200	0.03917984376	-0.13393010280
4.25519671800	0.01718383524	-0.13822380990
4.26352228400	0.00220905864	-0.13908692100
4.27184785000	-0.01292813832	-0.13849548760
4.28017341600	-0.02794852089	-0.13613596960
4.28849898200	-0.04308570358	-0.13174368350
4.29682454700	-0.05635269454	-0.12628762680
4.30515011300	-0.07067565675	-0.11900298670
4.31347567900	-0.08338209607	-0.10979566090
4.32180124500	-0.09493805790	-0.10004479270
4.33012681100	-0.10616338560	-0.08827233771
4.33845237700	-0.11512884110	-0.07590983459
4.34677794300	-0.12333368180	-0.06254531746
4.35510350900	-0.12922987140	-0.04858745574
4.36342907400	-0.13447527470	-0.03410816933
4.37175464000	-0.13624917770	-0.02678130959
4.38008020600	-0.13937786750	-0.00414596779
4.38840577200	-0.13938259010	0.01058684412
4.39673133800	-0.13770398920	0.02583710806
4.40505690400	-0.13449574380	0.04048066576
4.41338247000	-0.13000891230	0.05446197272
4.42170803600	-0.12396672870	0.06815309489
4.43003360100	-0.11650435680	0.08056057469
4.43835916700	-0.10758742320	0.09228411886
4.44668473300	-0.09683759240	0.10334427060
4.45501029900	-0.08504228216	0.11325228050
4.46333586500	-0.07326851675	0.12148785320
4.47166143100	-0.06021262391	0.12884718820
4.47998699700	-0.04699306988	0.13463624410
4.48831256300	-0.03337008897	0.13877718080
4.49663812800	-0.02674284725	0.14067927530
4.50496369400	-0.00430097341	0.14359153230
4.51328926000	0.01057283152	0.14297098680
4.52119854800	0.02606457226	0.14034698330
4.52952411400	0.04068293381	0.13676401510
4.53784968000	0.05484975314	0.13137413700
4.54617524500	0.06807630965	0.12521345430
4.55450081100	0.08110461431	0.11754311330
4.56282637700	0.09282873621	0.10849402690
4.57115194300	0.10353660220	0.09804829945
4.57947750900	0.11344120920	0.08669230623
4.58780307500	0.12226842320	0.07380628668
4.59612864100	0.12942522960	0.06062868410
4.60445420700	0.13490953670	0.04726055532
4.61277977200	0.13913567670	0.03325814581
4.62110533800	0.14065177700	0.02711612759
4.62943090400	0.14322902290	0.00438996773
4.63775647000	0.14315708600	-0.00975477787
4.64608203600	0.14116036050	-0.02408867039
4.65440760200	0.13790477230	-0.03813627527
4.66273316800	0.13281390220	-0.05237222234
4.67105873400	0.12648513590	-0.06572997291
4.67938429900	0.11889535840	-0.07884625554
4.68770986500	0.10957845560	-0.09099987052
4.69603543100	0.09939946572	-0.10150126460
4.70436099700	0.08748244952	-0.11121163390
4.71268656300	0.07482520582	-0.11974906360
4.72101212900	0.06132187730	-0.12704102180
4.72933769500	0.04755347391	-0.13267376230
4.73766326000	0.03311307575	-0.13678814020
4.74598882600	0.02631861266	-0.13816463670
4.75431439200	0.00289929950	-0.14057188230
4.76263995800	-0.01192266250	-0.13984464080
4.77096552400	-0.02740218927	-0.13759112150
4.77929109000	-0.04268542811	-0.13329133050
4.78761665600	-0.05633856203	-0.12801274320
4.79594222200	-0.06985044134	-0.12093778270
4.80426778700	-0.08250813834	-0.11264405250
4.81259335300	-0.09461240104	-0.10288373800
4.82091891900	-0.10518711140	-0.09170247273
4.82924448500	-0.11493927200	-0.07962316528
4.83757005100	-0.12256858040	-0.06674864583
4.84589561700	-0.12937294140	-0.05252340172
4.85422118300	-0.13447158280	-0.03776848964
4.86254674900	-0.13807710760	-0.02221804725
4.87087231400	-0.13968730970	-0.01556695883
4.87919788000	-0.14058198590	0.00756540333
4.88752344600	-0.13906816060	0.02299269827
4.89584901200	-0.13614910530	0.03813144381
4.90417457800	-0.13162662650	0.05222317141
4.91250014400	-0.12591341870	0.06599390024
4.92082571000	-0.11803488220	0.07831656224
4.92915127600	-0.10902365490	0.09036210831
4.93747684100	-0.09857644407	0.10179627310
4.94580240700	-0.08710498180	0.11158490890
4.95412797300	-0.07503565662	0.12042795770
4.96245353900	-0.06231189235	0.12774878810
4.97077910500	-0.04878845826	0.13354193240
4.97910467100	-0.03442984455	0.13793212520
4.98743023700	-0.01940737815	0.14068369920
4.99575580300	-0.01335452242	0.14175889640
5.00408136800	0.01039009577	0.14222111790
5.01199065600	0.02545804431	0.14034799520
5.02031622200	0.04024541294	0.13699850560
5.02864178800	0.05425983860	0.13192404190
5.03696735400	0.06797323901	0.12560420790
5.04529292000	0.08080756892	0.11762424910
5.05361848500	0.09276344845	0.10863725870
5.06194405100	0.10360405120	0.09828721657
5.07026961700	0.11315950420	0.08676844980
5.07859518300	0.12167569550	0.07411660158
5.08692074900	0.12838213780	0.06105726304
5.09524631500	0.13423060320	0.04737839560
5.10357188100	0.13820798450	0.03406314042
5.11189744700	0.14090160340	0.01953013430
5.12022301200	0.14201690990	0.01389148854
5.12854857800	0.14220412150	-0.00919538769
5.13687414400	0.14041208910	-0.02318058694
5.14519971000	0.13660121010	-0.03735719712
5.15352527600	0.13176135870	-0.05095349126
5.16185084200	0.12602868020	-0.06395498992
5.17017640800	0.11838525190	-0.07666181765
5.17850197400	0.10965064010	-0.08893125372
5.18682753900	0.09948923529	-0.09939516435
5.19515310500	0.08811230234	-0.10908284340
5.20347867100	0.07573811472	-0.11737948490
5.21180423700	0.06265614191	-0.12414817840
5.22012980300	0.04849520020	-0.12994587270
5.22845536900	0.03362613264	-0.13452009010
5.23678093500	0.01856532620	-0.13748641080
5.24510650100	0.01212952242	-0.13824832380
5.25343206600	-0.01105367595	-0.13842589840
5.26175763200	-0.02647071615	-0.13660501290
5.27008319800	-0.04055497824	-0.13309205140
5.27840876400	-0.05525268054	-0.12780970410
5.28673433000	-0.06915542969	-0.12105535200
5.29505989600	-0.08209369563	-0.11287635140
5.30338546200	-0.09423905350	-0.10316275420
5.31171102700	-0.10454482400	-0.09245947779
5.32003659300	-0.11429078340	-0.08055600155
5.32836215900	-0.12231638590	-0.06761619527
5.33668772500	-0.12921537030	-0.05414991466
5.34501329100	-0.13445005300	-0.03980454556
5.35333885700	-0.13776561860	-0.02531560387
5.36166442300	-0.14006680560	-0.01040623083
5.36998998900	-0.14038480150	-0.00403868648
5.37831555400	-0.13988568710	0.01942642233
5.38664112000	-0.13762338730	0.03478487136
5.39496668600	-0.13356366180	0.04916226854
5.40329225200	-0.12848653610	0.06287382954
5.41161781800	-0.12159490660	0.07565296458
5.41994338400	-0.11283506080	0.08796985427
5.42826895000	-0.10292101680	0.09954384792
5.43659451600	-0.09168769582	0.11006268230
5.44492008100	-0.07995668688	0.11923519210
5.45324564700	-0.06691090878	0.12691144250
5.46157121300	-0.05332932559	0.13339467160
5.46989677900	-0.03888741491	0.13848597620
5.47822234500	-0.02454556898	0.14164818010
5.48654791100	-0.00944887214	0.14347347730
5.49487347700	-0.00329745605	0.14381116330
5.50319904300	0.02111536463	0.14203399220
5.51152460800	0.03608683322	0.13871746320
5.51985017400	0.05114418627	0.13366505400
5.52817574000	0.06411114103	0.12802057030
5.54024781100	0.08300427412	0.11657483350
5.54857337700	0.09471452015	0.10711486270
5.55689894200	0.10518641860	0.09677967840
5.56522450800	0.11460335840	0.08478473103
5.57355007400	0.12264360310	0.07228930403
5.58187564000	0.12952555010	0.05922681968
5.59020120600	0.13511309900	0.04503520388
5.59852677200	0.13881733350	0.03094508597
5.60685233800	0.14121923750	0.01629625104
5.61517790400	0.14186607220	0.00132851672
5.62350346900	0.14170513680	-0.00662134602
5.63182903500	0.13809210130	-0.02797258190
5.64015460100	0.13420426260	-0.04154339170
5.64848016700	0.12865937260	-0.05449652770
5.65680573300	0.12203660040	-0.06840669410
5.66513129900	0.11410778480	-0.08113158897
5.67345686500	0.10508638140	-0.09269392438
5.68178243100	0.09433844940	-0.10319601090
5.69010799600	0.08237318926	-0.11284973420
5.69843356200	0.06964669206	-0.12114720680
5.70675912800	0.05556360140	-0.12776612180
5.71508469400	0.04112777805	-0.13319937140
5.72341026000	0.02563904100	-0.13682606520
5.73173582600	0.01043870768	-0.13894810820
5.74006139200	-0.00426195719	-0.13968796270
5.74838695800	-0.01150599939	-0.13966310500
5.75671252300	-0.03376799029	-0.13606497520
5.76503808900	-0.04847543099	-0.13175050970
5.77336365500	-0.06206570190	-0.12625842430
5.78168922100	-0.07577522912	-0.11887986440
5.79001478700	-0.08814541314	-0.11000984990
5.79834035300	-0.09986150248	-0.09985480231
5.80666591900	-0.11037927480	-0.08814139148
5.81499148500	-0.11975510370	-0.07598334187
5.82331705000	-0.12741046960	-0.06291743050
5.83164261600	-0.13309319300	-0.04919483152
5.83996818200	-0.13773702630	-0.03495414728
5.84829374800	-0.14070117030	-0.02046007337
5.85661931400	-0.14210850070	-0.00590507873
5.86494488000	-0.14197382550	0.00974159106
5.87327044600	-0.14084542780	0.01855306371
5.88159601200	-0.13679895050	0.03996463124
5.88992157700	-0.13227302830	0.05416221580
5.89824714300	-0.12653004310	0.06828253160
5.90657270900	-0.11941375260	0.08012959658
5.91489827500	-0.11077699720	0.09202554486
5.92322384100	-0.09995488341	0.10295790190
5.93154940700	-0.08845149259	0.11282979710
5.93987497300	-0.07651310885	0.12141996350
5.94820053900	-0.06310396279	0.12877032440
5.95652610400	-0.04871829474	0.13477481520
5.96485167000	-0.03453764741	0.13908870160
5.97317723600	-0.01939152760	0.14220088040
5.98150280200	-0.00492558932	0.14345884730
5.98982836800	0.01058700277	0.14312945850
5.99815393400	0.01828362696	0.14211353740
6.00647950000	0.03907852437	0.13791313390
6.01480506600	0.05418486235	0.13307391140
6.02313063100	0.06735066211	0.12608694000
6.03145619700	0.08082520247	0.11816635390
6.03978176300	0.09316150315	0.10794540190
6.04810732900	0.10381400830	0.09730646188
6.05643289500	0.11317225030	0.08667605530
6.06475846100	0.12144072650	0.07412096484
6.07308402700	0.12833517230	0.06113751071
6.08140959300	0.13331756580	0.04805529777
6.08973515800	0.13715523990	0.03391818443
6.09806072400	0.13947988080	0.01984990504
6.10597001200	0.14069039180	0.00521965346
6.11429557800	0.14068703270	-0.00961232393
6.12262114400	0.14013287790	-0.01690458232
6.13094670900	0.13579208010	-0.03893170787
6.13927227500	0.13101637060	-0.05228733907
6.14759784100	0.12478713530	-0.06570774035
6.15592340700	0.11658295000	-0.07789797238
6.16424897300	0.10703897570	-0.08954145034
6.17257453900	0.09635077412	-0.09974649147
6.18090010500	0.08388257673	-0.10968959400
6.18922567100	0.07105638651	-0.11794629900
6.19755123600	0.05782155455	-0.12472067940
6.20587680200	0.04372480296	-0.13064931000
6.21420236800	0.02922457991	-0.13505801920
6.22252793400	0.01457907941	-0.13776635330
6.23085350000	-0.00051631965	-0.13847720020
6.23917906600	-0.01549896969	-0.13771872760
6.24750463200	-0.02270589254	-0.13710381300
6.25583019800	-0.04577155385	-0.13082810730
6.26415576300	-0.06000205892	-0.12538722440
6.27248132900	-0.07384066779	-0.11804776990
6.28080689500	-0.08575129835	-0.10948828940
6.28913246100	-0.09758837323	-0.09927143576
6.29745802700	-0.10763428310	-0.08869493516
6.30578359300	-0.11656347680	-0.07695516368
6.31410915900	-0.12399799040	-0.06373605276
6.32243472500	-0.13065293150	-0.05010451851
6.33076029000	-0.13550701220	-0.03598571702
6.33908585600	-0.13904689270	-0.02055892897
6.34741142200	-0.14132776160	-0.00563709862
6.35573698800	-0.14178488250	0.00919270998
6.36406255400	-0.14049425590	0.02408082414
6.37238812000	-0.13892626780	0.03181178238
6.38071368600	-0.13369019330	0.05397558427
6.38903925200	-0.12712453560	0.06797155012
6.39736481700	-0.11989551520	0.08026153831
6.40569038300	-0.11087868290	0.09170665808
6.41401594900	-0.10053484830	0.10387818040
6.42234151500	-0.08953157874	0.11371128410
6.43066708100	-0.07713878369	0.12276328180
6.43899264700	-0.06452231284	0.13046826850
6.44731821300	-0.05041047940	0.13653045280
6.45564377900	-0.03528939074	0.14067004500
6.46396934400	-0.02026133847	0.14376403960
6.47229491000	-0.00554703680	0.14476927430
6.48062047600	0.00959457655	0.14423290560
6.48894604200	0.02450066684	0.14244450370
6.49727160800	0.03074802132	0.14085093490
6.50559717400	0.05282579069	0.13420611890
6.51392274000	0.06652098681	0.12769111240
6.52224830600	0.07918104518	0.11973764460
6.53057387100	0.09062014520	0.11082576890
6.53889943700	0.10127140680	0.10065092930
6.54722500300	0.11089525700	0.08885391316
6.55555056900	0.11925929630	0.07669088296
6.56387613500	0.12665513220	0.06399184280
6.57220170100	0.13198257390	0.05109156701
6.58052726700	0.13645539770	0.03700618708
6.58885283300	0.13922183440	0.02332441434
6.59717839800	0.14034857450	0.00854093052
6.60550396400	0.14020649780	-0.00619733753
6.61341325200	0.13862390100	-0.02032806142
6.62173881800	0.13750824160	-0.02640843646
6.63006438400	0.13039594840	-0.04883944698
6.63838994900	0.12423002360	-0.06352857674
6.64671551500	0.11640998270	-0.07667521123
6.65504108100	0.10712269740	-0.08863639129
6.66336664700	0.09674108967	-0.09936176218
6.67169221300	0.08496866952	-0.10883964050
6.68001777900	0.07247349902	-0.11732666230
6.68834334500	0.05840798491	-0.12474351710
6.69666891100	0.04451707760	-0.13009846810
6.70499447600	0.02922155715	-0.13441765540
6.71332004200	0.01480010745	-0.13693635200
6.72164560800	-0.00060638102	-0.13821662800
6.72997117400	-0.01538414397	-0.13766565780
6.73829674000	-0.03064803877	-0.13544167790
6.74662230600	-0.03678249901	-0.13403795140
6.75494787200	-0.05963784886	-0.12606476300
6.76327343800	-0.07285108410	-0.11899790380
6.77159900300	-0.08573436607	-0.11053130590
6.77992456900	-0.09742985707	-0.10060287900
6.78825013500	-0.10825044910	-0.08952558706
6.79657570100	-0.11783061540	-0.07732358672
6.80490126700	-0.12562564210	-0.06456504561
6.81322683300	-0.13221190130	-0.05078579975
6.82155239900	-0.13759306870	-0.03618174792
6.82987796500	-0.14122537810	-0.02133186866
6.83820353000	-0.14338548430	-0.00701939835
6.84652909600	-0.14413181830	0.00826062126
6.85485466200	-0.14267060340	0.02325210563
6.86318022800	-0.13993912610	0.03836558161
6.87150579400	-0.13665265560	0.04473483151
6.87983136000	-0.12860768780	0.06700023308
6.88815692600	-0.12170075560	0.07870059447
6.89648249200	-0.11286381780	0.09076516679
6.90480805700	-0.10296963190	0.10177071890
6.91313362300	-0.09175325701	0.11217061490
6.92145918900	-0.07991135748	0.12138854320
6.92978475500	-0.06742418677	0.12892222500
6.93811032100	-0.05345442222	0.13556030530
6.94643588700	-0.03962086209	0.13988712410
6.95476145300	-0.02466074320	0.14311079840
6.96308701900	-0.00972705355	0.14448480920
6.97141258400	0.00566688379	0.14441478340
6.97973815000	0.02059836572	0.14277454610
6.98806371600	0.03527688251	0.13930817380
6.99638928200	0.04151030808	0.13775362690
7.00471484800	0.06366378695	0.12830576190
7.01304041400	0.07632287749	0.12070525110
7.02136598000	0.08824320372	0.11205236160
7.02969154600	0.09877631543	0.10242616120
7.03801711100	0.10926838390	0.09124539451
7.04634267700	0.11773845080	0.07975908117
7.05466824300	0.12507242660	0.06692993195
7.06299380900	0.13112619270	0.05364421751
7.07131937500	0.13572380190	0.04059797854
7.07964494100	0.13875726870	0.02647828771
7.08797050700	0.14025184810	0.01199460676
7.09629607300	0.14050454480	-0.00305020637
7.10462163800	0.13865358330	-0.01763777042
7.11294720400	0.13565966630	-0.03227842658
7.12085649200	0.13349578600	-0.03831315677
7.12918205800	0.12501075200	-0.06014028578
7.13750762400	0.11777442720	-0.07319302415
7.14583318900	0.10853418550	-0.08546549454
7.15415875500	0.09825790363	-0.09699061612
7.16248432100	0.08679909536	-0.10681238250
7.17080988700	0.07419680943	-0.11574182320
7.17913545300	0.06042970114	-0.12317227110
7.18746101900	0.04619257331	-0.12934493040
7.19578658500	0.03148891674	-0.13375128360
7.20411215100	0.01672273048	-0.13674186110
7.21243771600	0.00150335946	-0.13770173680
7.22076328200	-0.01375267218	-0.13757512130
7.22908884800	-0.02854846603	-0.13550974100
7.23741441400	-0.04302719902	-0.13188999360
7.24573998000	-0.04943463676	-0.12940479870
7.25406554600	-0.07110998017	-0.11974163250
7.26239111200	-0.08418489779	-0.11133039940
7.27071667800	-0.09609697203	-0.10149385130
7.27904224300	-0.10745587470	-0.09044359068
7.28736780900	-0.11673093340	-0.07815075300
7.29569337500	-0.12473122420	-0.06540800605
7.30401894100	-0.13134297530	-0.05158193973
7.31234450700	-0.13692443120	-0.03690678210
7.32067007300	-0.14040763120	-0.02211626814
7.32899563900	-0.14302258560	-0.00664815825
7.33732120500	-0.14373618050	0.00775943799
7.34564677000	-0.14289198470	0.02272570847
7.35397233600	-0.14052548110	0.03724987858
7.36229790200	-0.13607507090	0.05161249991
7.37062346800	-0.13365837280	0.05719306478
7.37894903400	-0.12345474650	0.07746410656
7.38727460000	-0.11516665520	0.08937714972
7.39560016600	-0.10538150610	0.10047637840
7.40392573200	-0.09462031801	0.11027149250
7.41225129700	-0.08236441177	0.11962960390
7.42057686300	-0.06966844751	0.12735016970
7.42890242900	-0.05622600745	0.13369341600
7.43722799500	-0.04187665414	0.13809971480
7.44555356100	-0.02681797760	0.14173661450
7.45387912700	-0.01177939374	0.14361281150
7.46220469300	0.00326149087	0.14399915330
7.47053025900	0.01829200590	0.14240643920
7.47885582400	0.03343048128	0.13929547560
7.48718139000	0.04771961291	0.13487336830
7.49550695600	0.05340052587	0.13291964930
7.50383252200	0.07467769818	0.12093473350
7.51215808800	0.08715032787	0.11199954060
7.52048365400	0.09769657501	0.10249373180
7.52880922000	0.10784988940	0.09243950969
7.53713478600	0.11630638070	0.08087614105
7.54546035100	0.12388060930	0.06816096271
7.55378591700	0.12978815710	0.05462074012
7.56211148300	0.13404089680	0.04100199383
7.57043704900	0.13742625100	0.02719361598
7.57876261500	0.13921390430	0.01200082942
7.58708818100	0.13958418950	-0.00232552961
7.59541374700	0.13822219430	-0.01707734450
7.60373931300	0.13511494220	-0.03093734629
7.61206487800	0.13058726200	-0.04488127035
7.62039044400	0.12736246120	-0.05088948211
7.62871601000	0.11758335480	-0.07110821618
7.63704157600	0.10907571380	-0.08330630953
7.64536714200	0.09871558436	-0.09472720645
7.65369270800	0.08842516217	-0.10467594430
7.66160199500	0.07610743319	-0.11361072450
7.66992756100	0.06282035794	-0.12174843500
7.67825312700	0.04846750114	-0.12849474000
7.68657869300	0.03404932357	-0.13305805700
7.69490425900	0.01926306096	-0.13625326850
7.70322982500	0.00370204495	-0.13747593890
7.71155539100	-0.01150010646	-0.13747749800
7.71988095600	-0.02740638941	-0.13546041340
7.72820652200	-0.04263412215	-0.13233769860
7.73653208800	-0.05708675554	-0.12706289790
7.74485765400	-0.06426271506	-0.12412622860
7.75318322000	-0.08369553846	-0.11283705430
7.76150878600	-0.09545639523	-0.10321672370
7.76983435200	-0.10678517350	-0.09245385049
7.77815991800	-0.11599417390	-0.08093786625
7.78648548300	-0.12417968980	-0.06818438007
7.79481104900	-0.13084007280	-0.05535760071
7.80313661500	-0.13651986080	-0.04153405220
7.81146218100	-0.14055740360	-0.02708323493
7.81978774700	-0.14296631210	-0.01206373899
7.82811331300	-0.14412724650	0.00314560930
7.83643887900	-0.14349115120	0.01789452694
7.84476444500	-0.14143025410	0.03170218913
7.85309001000	-0.13766417290	0.04603074924
7.86141557600	-0.13177846000	0.06106222527
7.86974114200	-0.12985305750	0.06642020469
7.87806670800	-0.11784914270	0.08590310948
7.88639227400	-0.10880507700	0.09713506169
7.89471784000	-0.09913311984	0.10793934360
7.90304340600	-0.08766977338	0.11738028480
7.91136897200	-0.07583729677	0.12527757060
7.91969453700	-0.06306927300	0.13206027980
7.92802010300	-0.04846502371	0.13725218530
7.93634566900	-0.03418714718	0.14083428750
7.94467123500	-0.01947742337	0.14314083730
7.95299680100	-0.00391694706	0.14395058410
7.96132236700	0.01046396658	0.14347807890
7.96964793300	0.02573172095	0.14086291570
7.97797349900	0.04015417298	0.13709216440
7.98629906400	0.05356703495	0.13238836100
7.99462463000	0.06053327808	0.12976719120
8.00295019600	0.07982080801	0.11707980000
8.01127576200	0.09216619665	0.10742813650
8.01960132800	0.10224220220	0.09646642398
8.02792689400	0.11231465530	0.08464673898
8.03625246000	0.12036901010	0.07237603802
8.04457802600	0.12731093050	0.05978606000
8.05290359100	0.13248238670	0.04667923347
8.06122915700	0.13621549840	0.03341712106
8.06955472300	0.13868819660	0.01895462147
8.07788028900	0.13894209130	0.00488528203
8.08620585500	0.13816150430	-0.01011791332
8.09453142100	0.13546602010	-0.02486028668
8.10285698700	0.13155724240	-0.03978783587
8.11118255300	0.12591712490	-0.05358271588
8.11950811800	0.12294333850	-0.06027906086
8.12783368400	0.11101932390	-0.07970270364
8.13615925000	0.10111950800	-0.09166368907
8.14448481600	0.08975008241	-0.10277731590
8.15281038200	0.07780120450	-0.11203278170
8.16113594800	0.06420298863	-0.12018114520
8.16946151400	0.05053717140	-0.12641326590
8.17778708000	0.03563880805	-0.13154282000
8.18611264500	0.02127620210	-0.13456102220
8.19443821100	0.00603838820	-0.13655704570
8.20234749900	-0.00911960904	-0.13682999890
8.21067306500	-0.02305375780	-0.13567570920
8.21899863100	-0.03851259903	-0.13239759130
8.22732419600	-0.05300309693	-0.12738062240
8.23564976200	-0.06694120733	-0.12156640200
8.24397532800	-0.07453649363	-0.11731313690
8.25230089400	-0.09280992323	-0.10442065980
8.26062646000	-0.10395417830	-0.09413139391
8.26895202600	-0.11374054160	-0.08251576649
8.27727759200	-0.12241387750	-0.07024628545
8.28560315800	-0.12995811400	-0.05693454957
8.29392872300	-0.13528601060	-0.04299352526
8.30225428900	-0.14004048660	-0.02798419575
8.31057985500	-0.14231970040	-0.01255277567
8.31890542100	-0.14341306640	0.00242420934
8.32723098700	-0.14331701750	0.01719836782
8.33555655300	-0.14113185910	0.03134022143
8.34388211900	-0.13740724970	0.04531700165
8.35220768500	-0.13159384020	0.06027591445
8.36053325000	-0.12555023410	0.07274166517
8.36885881600	-0.12268366620	0.08013951342
8.37718438200	-0.10842901480	0.09658020429
8.38550994800	-0.09774081798	0.10738849170
8.39383551400	-0.08633749719	0.11673267930
8.40216108000	-0.07439707396	0.12531609610
8.41048664600	-0.06105684240	0.13217772160
8.41881221200	-0.04709638310	0.13744564680
8.42713777700	-0.03161484733	0.14127825220
8.43546334300	-0.01701058352	0.14346156080
8.44378890900	-0.00195176604	0.14418592750
8.45211447500	0.01337788482	0.14316545340
8.46044004100	0.02854224134	0.14048116540
8.46876560700	0.04311724351	0.13640431950
8.47709117300	0.05682864477	0.13103724010
8.48541673900	0.07003298575	0.12426734660
8.49374230400	0.07691891037	0.11975287250
8.50206787000	0.09365046688	0.10662585110
8.51039343600	0.10362109140	0.09653607441
8.51871900200	0.11265533520	0.08509547894
8.52704456800	0.12066042900	0.07265419714
8.53537013400	0.12734511960	0.05946071740
8.54369570000	0.13264309470	0.04611698134
8.55202126600	0.13621199590	0.03212602936
8.56034683100	0.13848590040	0.01764138949
8.56867239700	0.14092578540	0.00117934077
8.57699796300	0.13999659280	-0.01361426015
8.58532352900	0.13781452390	-0.02769468217
8.59364909500	0.13396050990	-0.04162018788
8.60197466100	0.12887293340	-0.05522442485
8.61030022700	0.12219555240	-0.06826316559
8.61862579300	0.11775529330	-0.07561725069
8.62695135800	0.10468838430	-0.09262555158
8.63527692400	0.09423705182	-0.10319681280
8.64360249000	0.08253663287	-0.11282780750
8.65192805600	0.06940446112	-0.12079739280
8.66025362200	0.05571615393	-0.12730383350
8.66857918800	0.04121259579	-0.13271449770
8.67690475400	0.02655837543	-0.13637970800
8.68523032000	0.01150033170	-0.13880761820
8.69355588500	-0.00348095082	-0.13963200400
8.70188145100	-0.01818132317	-0.13897407840
8.71020701700	-0.03218939895	-0.13637441240
8.71853258300	-0.04649286465	-0.13241607480
8.72685814900	-0.05993921636	-0.12666159400
8.73476743700	-0.07360884240	-0.11945480140
8.74309300200	-0.08089989060	-0.11482520470
8.75141856800	-0.09858996233	-0.10034916560
8.75974413400	-0.10911971590	-0.08894072259
8.76806970000	-0.11861456900	-0.07644662292
8.77639526600	-0.12627488510	-0.06327699805
8.78472083200	-0.13205299790	-0.05048313449
8.79304639800	-0.13694792270	-0.03642160799
8.80137196300	-0.13975126070	-0.02148220824
8.80969752900	-0.14159692860	-0.00594830269
8.81802309500	-0.14162903200	0.00944703016
8.82634866100	-0.13995703650	0.02454397187
8.83467422700	-0.13752488560	0.03928499450
8.84299979300	-0.13297919920	0.05455586358
8.85132535900	-0.12666712250	0.06883430393
8.85965092500	-0.11909046170	0.08135666404
8.86797649000	-0.11430052140	0.08787646884
8.87630205600	-0.09989118497	0.10339867410
8.88462762200	-0.08828334506	0.11330601990
8.89295318800	-0.07594443789	0.12171094600
8.90127875400	-0.06235595977	0.12916666800
8.90960432000	-0.04844390090	0.13521843790
8.91792988600	-0.03435539857	0.13965103800
8.92625545200	-0.01936252063	0.14248692670
8.93458101700	-0.00427442686	0.14364826420
8.94290658300	0.01069923264	0.14319191430
8.95123214900	0.02580226576	0.14108860890
8.95955771500	0.04053495688	0.13744146720
8.96788328100	0.05514279773	0.13172810550
8.97620884700	0.06878992888	0.12470589210
8.98453441300	0.08192527902	0.11635948300
8.99285997900	0.08875487522	0.11114366500
9.00118554400	0.10466427550	0.09620182847
9.00951111000	0.11395713870	0.08476757657
9.01783667600	0.12232138370	0.07148737113
9.02616224200	0.12892583590	0.05792692787
9.03448780800	0.13375701530	0.04289741243
9.04281337400	0.13732276680	0.02908792184
9.05113894000	0.13972865770	0.01350019813
9.05946450600	0.14019013030	-0.00082791984
9.06779007100	0.13917789420	-0.01574422875
9.07611563700	0.13713729380	-0.02982238429
9.08444120300	0.13324751330	-0.04369674547
9.09276676900	0.12819004640	-0.05695235891
9.10109233500	0.12144106080	-0.06963912580
9.10941790100	0.11339428270	-0.08175764127
9.11774346700	0.10876689940	-0.08770782042
9.12606903300	0.09279630966	-0.10393372300
9.13439459800	0.08138475049	-0.11337403180
9.14272016400	0.06896787898	-0.12139320400
9.15104573000	0.05552329837	-0.12800973070
9.15937129600	0.04153665257	-0.13343855110
9.16769686200	0.02713474162	-0.13753781450
9.17602242800	0.01222095193	-0.13959342920
9.18434799400	-0.00284280919	-0.14030160670
9.19267356000	-0.01780624715	-0.13927587350
9.20099912500	-0.03305603907	-0.13673236400
9.20932469100	-0.04742158070	-0.13265899230
9.21765025700	-0.06141031826	-0.12743132890
9.22597582300	-0.07486071870	-0.12050884970
9.23430138900	-0.08776480526	-0.11179535960
9.24221067700	-0.09476741753	-0.10593636680
9.25053624200	-0.10914463460	-0.09095120660
9.25886180800	-0.11803624040	-0.07935403876
9.26718737400	-0.12568582050	-0.06656558474
9.27551294000	-0.13173867250	-0.05358848121
9.28383850600	-0.13669022050	-0.03961597834
9.29216407200	-0.14014222680	-0.02508046270
9.30048963800	-0.14211712610	-0.01003843558
9.30881520400	-0.14231624300	0.00491152748
9.31714076900	-0.14070171980	0.02000329710
9.32546633500	-0.13781524920	0.03446517512
9.33379190100	-0.13382489930	0.04817210387
9.34211746700	-0.12806876260	0.06177124332
9.35044303300	-0.12089041870	0.07491862807
9.35876859900	-0.11264270540	0.08684583139
9.36709416500	-0.10732388750	0.09353492561
9.37541973000	-0.09211823652	0.10807841620
9.38374529600	-0.08033404661	0.11707088850
9.39207086200	-0.06750904077	0.12493796220
9.40039642800	-0.05366744336	0.13081781910
9.40872199400	-0.03905197410	0.13593250100
9.41704756000	-0.02452469755	0.13874602680
9.42537312600	-0.00944616999	0.14068330710
9.43369869200	0.00548015366	0.14086213290
9.44202425700	0.02069916186	0.13893629960
9.45034982300	0.03537299758	0.13599439920
9.45867538900	0.04942161070	0.13050107720
9.46700095500	0.06355948060	0.12466150590
9.47532652100	0.07621160651	0.11698810180
9.48365208700	0.08811521071	0.10826122170
9.49197765300	0.09424262806	0.10385783900
9.50030321900	0.10931693120	0.08620085327
9.50862878400	0.11809853940	0.07329328629
9.51695435000	0.12516564680	0.06039095243
9.52527991600	0.13124563880	0.04649922682
9.53360548200	0.13509538910	0.03204585157
9.54193104800	0.13758791520	0.01741183910
9.55025661400	0.13918829500	0.00173622858
9.55858218000	0.13851411190	-0.01326211324
9.56690774600	0.13653830630	-0.02742550473
9.57523331100	0.13270752520	-0.04180047783
9.58355887700	0.12761315680	-0.05554288243
9.59188444300	0.12112289370	-0.06898377113
9.60021000900	0.11366902890	-0.08162485525
9.60853557500	0.10465548010	-0.09315154772
9.61686114100	0.10037836780	-0.09829994079
9.62518670700	0.08156302028	-0.11429212830
9.63351227300	0.06875045492	-0.12220901580
9.64183783800	0.05515167240	-0.12920512790
9.65016340400	0.04091867475	-0.13442515930
9.65848897000	0.02643056140	-0.13831245880
9.66681453600	0.01138951939	-0.14055055140
9.67514010200	-0.00375294388	-0.14136651130
9.68346566800	-0.01865482604	-0.14069922710
9.69179123400	-0.03383122079	-0.13833687490
9.70011680000	-0.04870208890	-0.13384719450
9.70844236500	-0.06319680941	-0.12836003680
9.71676793100	-0.07687125229	-0.12093959380
9.72509349700	-0.08932835136	-0.11253531860
9.73341906300	-0.10117474370	-0.10197071000
9.74174462900	-0.10649368380	-0.09656845154
9.75007019500	-0.12119527640	-0.07878787748
9.75839576100	-0.12920460250	-0.06514861031
9.76630504800	-0.13534110590	-0.05170881698
9.77463061400	-0.14002521770	-0.03686379032
9.78295618000	-0.14325747710	-0.02225171513
9.79128174600	-0.14486613710	-0.00718345899
9.79960731200	-0.14513202250	0.00773495179
9.80793287800	-0.14369222950	0.02262390642
9.81625844400	-0.14052014950	0.03766017903
9.82458400900	-0.13637168310	0.05142357064
9.83290957500	-0.13019892180	0.06532660784
9.84123514100	-0.12259548670	0.07782164478
9.84956070700	-0.11420337450	0.09001686858
9.85788627300	-0.10422325070	0.10102900480
9.86621183900	-0.09831194763	0.10657624900
9.87453740500	-0.08150569120	0.12023656380
9.88286297100	-0.06857824838	0.12747507090
9.89118853600	-0.05474354984	0.13388934960
9.89951410200	-0.04045822619	0.13844280970
9.90783966800	-0.02538522094	0.14174765480
9.91616523400	-0.00967950676	0.14301312020
9.92449080000	0.00483149660	0.14276067400
9.93281636600	0.02005874371	0.14097955040
9.94114193200	0.03449785896	0.13789157640
9.94946749700	0.04882187257	0.13316115360
9.95779306300	0.06261190265	0.12667243930
9.96611862900	0.07520787278	0.11923824110
9.97444419500	0.08744563930	0.11042947580
9.98276976100	0.09850410283	0.09999794966
9.99109532700	0.10315257950	0.09526871197
9.99942089300	0.11700818760	0.07638766130
10.00774646000	0.12443807880	0.06300291373
10.01607202000	0.13027542650	0.04921215356
10.02439759000	0.13494243500	0.03542352469
10.03272316000	0.13733305150	0.02078149342
10.04104872000	0.13852283710	0.00649031754
10.04937429000	0.13798157530	-0.00853304426
10.05769985000	0.13587159680	-0.02372138038
10.06602542000	0.13211372600	-0.03838361689
10.07435099000	0.12709205190	-0.05241197877
10.08267655000	0.12068899360	-0.06599985314
10.09100212000	0.11297200520	-0.07916310704
10.09932768000	0.10372144950	-0.09141247925
10.10765325000	0.09344618789	-0.10258768300
10.11597881000	0.08848151000	-0.10729108180
10.12430438000	0.06904378939	-0.12071143500
10.13262995000	0.05581331312	-0.12770064830
10.14095551000	0.04217628045	-0.13288508860
10.14928108000	0.02730551370	-0.13716513340
10.15760664000	0.01212939465	-0.14004508840
10.16593221000	-0.00256601906	-0.14105377570
10.17425778000	-0.01785129571	-0.14043646400
10.18258334000	-0.03284385137	-0.13807997960
10.19090891000	-0.04731098560	-0.13425657510
10.19923447000	-0.06120280871	-0.12933039960
10.20756004000	-0.07370199700	-0.12291525210
10.21588561000	-0.08678712369	-0.11476065480
10.22421117000	-0.09852779729	-0.10511609810
10.23253674000	-0.10976575910	-0.09367316501
10.24086230000	-0.11359290140	-0.08817366717
10.24918787000	-0.12776853660	-0.06878705514
10.25751343000	-0.13457113830	-0.05500013199
10.26583900000	-0.13991469780	-0.04061563277
10.27416457000	-0.14292513830	-0.02586223542
10.28249013000	-0.14439130320	-0.01115221409
10.29081570000	-0.14435928630	0.00319425847
10.29914126000	-0.14306840900	0.01791392672
10.30746683000	-0.14076245630	0.03348417027
10.31579240000	-0.13648190150	0.04799928556
10.32370168000	-0.13110755940	0.06133832469
10.33202725000	-0.12423633130	0.07525099963
10.34035282000	-0.11571548750	0.08713612114
10.34867838000	-0.10595311870	0.09890445409
10.35700395000	-0.09442495369	0.10941411880
10.36532951000	-0.08864217466	0.11402107940
10.37365508000	-0.06904717257	0.12634998220
10.38198064000	-0.05531323496	0.13230295440
10.39030621000	-0.04052364867	0.13739372010
10.39863178000	-0.02579694977	0.14070281790
10.40695734000	-0.01058334573	0.14246131200
10.41528291000	0.00519572033	0.14240068210
10.42360847000	0.02058552777	0.14115935120
10.43193404000	0.03545302666	0.13745921800
10.44025961000	0.05032266307	0.13241010250
10.44858517000	0.06401975863	0.12619250520
10.45691074000	0.07700115759	0.11851830350
10.46523630000	0.08873183551	0.10968746960
10.47356187000	0.10013432280	0.09920967509
10.48188744000	0.10994447950	0.08773009819
10.49021300000	0.11386845450	0.08226717201
10.49853857000	0.12541746560	0.06329238243
10.50686413000	0.13095209390	0.04858084899
10.51518970000	0.13535418760	0.03478907474
10.52351526000	0.13804855250	0.02054751926
10.53184083000	0.13945024620	0.00650821927
10.54016640000	0.13883060250	-0.00834351536
10.54849196000	0.13705874740	-0.02262625804
10.55681753000	0.13395601150	-0.03663424615
10.56514309000	0.12959834300	-0.05060439887
10.57346866000	0.12369890580	-0.06416238611
10.58179423000	0.11664475640	-0.07673565565
10.59011979000	0.10786180800	-0.08847028968
10.59844536000	0.09797561791	-0.09919148976
10.60677092000	0.08612041369	-0.10899318610
10.61509649000	0.07998947970	-0.11296065290
10.62342205000	0.06021454609	-0.12427606450
10.63174762000	0.04592577418	-0.13061293260
10.64007319000	0.03162084196	-0.13514510800
10.64839875000	0.01699620919	-0.13820556790
10.65672432000	0.00240562361	-0.13975320360
10.66504988000	-0.01212514849	-0.13977756760
10.67337545000	-0.02683314541	-0.13805824730
10.68170102000	-0.04147085652	-0.13467038370
10.69002658000	-0.05527162689	-0.12950270500
10.69835215000	-0.06913088732	-0.12306396130
10.70667771000	-0.08218967747	-0.11542032210
10.71500328000	-0.09402726840	-0.10632883740
10.72332885000	-0.10583408700	-0.09509451420
10.73165441000	-0.11506946870	-0.08322718817
10.73997998000	-0.11868512320	-0.07785273826
10.74830554000	-0.12996838660	-0.05697050188
10.75663111000	-0.13522861030	-0.04304393925
10.76495667000	-0.13902549790	-0.02844551074
10.77328224000	-0.14137414040	-0.01372748038
10.78160781000	-0.14220421080	0.00176112125
10.78993337000	-0.14198680210	0.01699773558
10.79825894000	-0.13995556000	0.03186375178
10.80658450000	-0.13640250260	0.04636893991
10.81491007000	-0.13107991780	0.06004523938
10.82323564000	-0.12410907100	0.07373015377
10.83156120000	-0.11584364850	0.08559324898
10.83988677000	-0.10595615590	0.09693061598
10.84821233000	-0.09464913418	0.10730413060
10.85653790000	-0.08276208177	0.11640168920
10.86486347000	-0.07753266201	0.12007206750
10.87693554000	-0.05102540924	0.13376968110
10.88526110000	-0.03624551496	0.13869562480
10.89358667000	-0.02140687107	0.14182149850
10.90191223000	-0.00576771963	0.14278052050
10.91023780000	0.00921287924	0.14263250200
10.91856337000	0.02551020048	0.13981107230
10.92688893000	0.04006322063	0.13625765970
10.93521450000	0.05391508776	0.13141282730
10.94354006000	0.06757980064	0.12457021380
10.95186563000	0.08050361962	0.11677758360
10.96019119000	0.09279568111	0.10682445280
10.96851676000	0.10320506660	0.09611171722
10.97684233000	0.11295452190	0.08465426524
10.98516789000	0.12079560550	0.07265519035
10.99349346000	0.12450499360	0.06652347176
11.00181902000	0.13365057930	0.04363805379
11.01014459000	0.13701878650	0.02927371619
11.01847016000	0.13948954880	0.01495742483
11.02679572000	0.14038683840	-0.00112339282
11.03512129000	0.13946081640	-0.01536164664
11.04344685000	0.13715948360	-0.02887492215
11.05177242000	0.13345889760	-0.04292291791
11.06009799000	0.12802875960	-0.05697555687
11.06842355000	0.12150273020	-0.06976975214
11.07674912000	0.11321089890	-0.08217476383
11.08507468000	0.10387547000	-0.09369102258
11.09340025000	0.09311978451	-0.10396456180
11.10172581000	0.08175424817	-0.11357569770
11.11005138000	0.06890638767	-0.12132487330
11.11837695000	0.06256602347	-0.12466426040
11.12670251000	0.04120012486	-0.13440805500
11.13502808000	0.02718604448	-0.13828170440
11.14335364000	0.01279748841	-0.14044387660
11.15167921000	-0.00138639916	-0.14140534080
11.16000478000	-0.01575968793	-0.14035097290
11.16833034000	-0.03020756669	-0.13846328950
11.17665591000	-0.04427841204	-0.13436443260
11.18498147000	-0.05781566339	-0.12978342840
11.19330704000	-0.07118160969	-0.12302210310
11.20163260000	-0.08411552208	-0.11481388810
11.20995817000	-0.09627065485	-0.10499849540
11.21828374000	-0.10707569190	-0.09377510563
11.22660930000	-0.11637209240	-0.08153383902
11.23493487000	-0.12410912920	-0.06923741196
11.24326043000	-0.12776062250	-0.06117783782
11.25158600000	-0.13560617210	-0.04128724434
11.25991157000	-0.13938464050	-0.02594233205
11.26823713000	-0.14126366340	-0.01059478822
11.27656270000	-0.14199087000	0.00433747682
11.28488826000	-0.14108473520	0.01934083510
11.29321383000	-0.13849120860	0.03426576404
11.30153940000	-0.13441309680	0.04831135352
11.30986496000	-0.12915405760	0.06227750194
11.31819053000	-0.12207376160	0.07526096167
11.32651609000	-0.11358264560	0.08702084017
11.33484166000	-0.10363186630	0.09818435922
11.34316722000	-0.09254580027	0.10830708840
11.35149279000	-0.08057489217	0.11733023510
11.35981836000	-0.06793175485	0.12527561780
11.36772764000	-0.06002012713	0.12955203680
11.37605321000	-0.03977018281	0.13642170820
11.38437878000	-0.02426795105	0.14024165290
11.39270434000	-0.00887536684	0.14180428420
11.40102991000	0.00643577105	0.14165483510
11.40935547000	0.02179276437	0.13975133050
11.41768104000	0.03654042788	0.13659727730
11.42600661000	0.05136175926	0.12913198570
11.43433217000	0.06481748912	0.12701976670
11.44265774000	0.07842766644	0.12000142720
11.45098330000	0.09051592182	0.10947004140
11.45930887000	0.10269633280	0.09765107405
11.46763443000	0.11164044250	0.08542019770
11.47596000000	0.12126372990	0.07356004851
11.48428557000	0.12819830330	0.06059668740
11.49261113000	0.13118835310	0.05477969404
11.50093670000	0.13770303940	0.03200319644
11.50926226000	0.13940825300	0.01794041861
11.51758783000	0.14141782620	0.00276704924
11.52591340000	0.14091415550	-0.01157752957
11.53423896000	0.13944401040	-0.02722229361
11.54256453000	0.13639256540	-0.04160738717
11.55089009000	0.13076160370	-0.05521659592
11.55921566000	0.12438271050	-0.06745408872
11.56754123000	0.11626241330	-0.08039524207
11.57586679000	0.10779343160	-0.09239489208
11.58419236000	0.09718039463	-0.10375405740
11.59251792000	0.08596903564	-0.11343345180
11.60084349000	0.07252699924	-0.12083859970
11.60916905000	0.05916530584	-0.12756785680
11.61749462000	0.05287477393	-0.12990402410
11.62582019000	0.03012651562	-0.13771050400
11.63414575000	0.01552239154	-0.14017204510
11.64247132000	0.00044624943	-0.14108866660
11.65079688000	-0.01555458361	-0.14038593810
11.65912245000	-0.03006460534	-0.13789286160
11.66744802000	-0.04582822879	-0.13380354870
11.67577358000	-0.06053702351	-0.12831334120
11.68409915000	-0.07358121681	-0.12217206550
11.69242471000	-0.08562880027	-0.11454483960
11.70075028000	-0.09784161750	-0.10504573320
11.70907584000	-0.10841143440	-0.09524083971
11.71740141000	-0.11747728030	-0.08336895054
11.72572698000	-0.12551056400	-0.07058156362
11.73405254000	-0.13222026390	-0.05680545295
11.74237811000	-0.13401551430	-0.04955994257
11.75070367000	-0.14156455210	-0.02841465782
11.75902924000	-0.14421356240	-0.01302787408
11.76735481000	-0.14496542220	0.00159792455
11.77568037000	-0.14351992830	0.01715416421
11.78400594000	-0.14117850500	0.03146225582
11.79233150000	-0.13748652300	0.04600871522
11.80065707000	-0.13145281880	0.06005958331
11.80898264000	-0.12445592940	0.07419161152
11.81730820000	-0.11586432650	0.08678954692
11.82563377000	-0.10604610130	0.09881339564
11.83395933000	-0.09508731430	0.10958417010
11.84228490000	-0.08250953615	0.11862827510
11.85061046000	-0.06966404402	0.12640318430
11.85893603000	-0.05573294427	0.13307954000
11.86726160000	-0.04823234000	0.13582430960
11.87558716000	-0.02553738633	0.14141645650
11.88391273000	-0.00954041909	0.14300217410
11.89182202000	0.00555787950	0.14267427780
11.90014758000	0.02107912243	0.14107387340
11.90847315000	0.03623001337	0.13808754930
11.91679871000	0.05075565563	0.13325852350
11.92512428000	0.06409974658	0.12701122560
11.93344985000	0.07693056801	0.11980760210
11.94177541000	0.08886974308	0.11148128300
11.95010098000	0.09970073925	0.10109215850
11.95842654000	0.10902376940	0.08977178467
11.96675211000	0.11777813300	0.07778823352
11.97507767000	0.12500541150	0.06489332628
11.98340324000	0.13097602050	0.05106249530
11.99172881000	0.13283484430	0.04512174801
12.00005437000	0.13851873440	0.02179207508
12.00837994000	0.14066750750	0.00710457050
12.01670550000	0.14097658060	-0.00691866433
12.02503107000	0.13932068020	-0.02136538045
12.03335664000	0.13574469180	-0.03640365065
12.04168220000	0.13058098840	-0.05146685976
12.05000777000	0.12479434350	-0.06497490579
12.05833333000	0.11752837860	-0.07801153694
