t
0.00000000000
0.01665113175
0.02497669762
0.03330226350
0.04162782937
0.04995339524
0.05827896112
0.06660452699
0.07493009286
0.08325565874
0.09158122461
0.09990679049
0.10823235640
0.11655792220
0.12488348810
0.13320905400
0.14153461990
0.14986018570
0.15818575160
0.16651131750
0.17483688340
0.18316244920
0.19148801510
0.19981358100
0.20813914680
0.21646471270
0.22479027860
0.23311584450
0.24144141030
0.24976697620
0.25809254210
0.27016461260
0.27849017850
0.28681574440
0.29514131020
0.30346687610
0.31179244200
0.32011800780
0.32844357370
0.33676913960
0.34509470550
0.35342027130
0.36174583720
0.37007140310
0.37839696900
0.38672253480
0.39504810070
0.40337366660
0.41169923250
0.42002479830
0.42835036420
0.43667593010
0.44500149600
0.45332706180
0.46165262770
0.46997819360
0.47830375950
0.48662932530
0.49495489120
0.50328045710
0.51160602290
0.51993158880
0.52825715470
0.53658272060
0.54490828640
0.55323385230
0.56155941820
0.56988498410
0.57821054990
0.58653611580
0.59486168170
0.60318724760
0.61151281340
0.61983837930
0.62816394520
0.63648951110
0.64481507690
0.65314064280
0.66146620870
0.66979177450
0.67811734040
0.68644290630
0.69476847220
0.70309403800
0.71141960390
0.71974516980
0.72807073570
0.73639630150
0.74472186740
0.75304743330
0.76137299920
0.76928228670
0.77760785260
0.78593341850
0.79425898440
0.80258455020
0.81091011610
0.81923568200
0.82756124790
0.83588681370
0.84421237960
0.85253794550
0.86086351140
0.86918907720
0.87751464310
0.88584020900
0.89416577480
0.90249134070
0.91081690660
0.91914247250
0.92746803830
0.93579360420
0.94411917010
0.95244473600
0.96077030180
0.96909586770
0.97742143360
0.98574699950
0.99407256530
1.00239813100
1.01072369700
1.01904926300
1.02737482900
1.03570039500
1.04402596100
1.05235152600
1.06067709200
1.06900265800
1.07732822400
1.08565379000
1.09397935600
1.10230492200
1.11063048800
1.11895605300
1.12728161900
1.13560718500
1.14393275100
1.15225831700
1.16058388300
1.16890944900
1.17723501500
1.18556058000
1.19388614600
1.20221171200
1.21053727800
1.21886284400
1.22718841000
1.23551397600
1.24383954200
1.25216510700
1.26049067300
1.26881623900
1.27714180500
1.28546737100
1.29379293700
1.30211850300
1.31044406900
1.31835335600
1.32667892200
1.33500448800
1.34333005400
1.35165562000
1.35998118500
1.36830675100
1.37663231700
1.38495788300
1.39328344900
1.40160901500
1.40993458100
1.41826014700
1.42658571200
1.43491127800
1.44323684400
1.45156241000
1.45988797600
1.46821354200
1.47653910800
1.48486467400
1.49319023900
1.50151580500
1.50984137100
1.51816693700
1.52649250300
1.53481806900
1.54314363500
1.55146920100
1.55979476600
1.56812033200
1.57644589800
1.58477146400
1.59309703000
1.60142259600
1.60974816200
1.61807372800
1.62639929300
1.63472485900
1.64305042500
1.65137599100
1.65970155700
1.66802712300
1.67635268900
1.68467825500
1.69300382000
1.70132938600
1.70965495200
1.71798051800
1.72630608400
1.73463165000
1.74295721600
1.75128278200
1.75960834700
1.76793391300
1.77625947900
1.78458504500
1.79291061100
1.80123617700
1.80956174300
1.81788730900
1.82621287400
1.83453844000
1.84286400600
1.85077329400
1.85909886000
1.86742442500
1.87574999100
1.88407555700
1.89240112300
1.90072668900
1.90905225500
1.91737782100
1.92570338700
1.93402895200
1.94235451800
1.95068008400
1.95900565000
1.96733121600
1.97565678200
1.98398234800
1.99230791400
2.00063347900
2.00895904500
2.01728461100
2.02561017700
2.03393574300
2.04226130900
2.05058687500
2.05891244100
2.06723800600
2.07556357200
2.08388913800
2.09221470400
2.10054027000
2.10886583600
2.11719140200
2.12551696800
2.13384253300
2.14216809900
2.15049366500
2.15881923100
2.16714479700
2.17547036300
2.18379592900
2.19212149500
2.20044706000
2.20877262600
2.21709819200
2.22542375800
2.23374932400
2.24207489000
2.25040045600
2.25872602200
2.26705158700
2.27537715300
2.28370271900
2.29202828500
2.30035385100
2.30867941700
2.31700498300
2.32533054900
2.33365611400
2.34198168000
2.35030724600
2.35863281200
2.36695837800
2.37528394400
2.38360951000
2.39151879700
2.39984436300
2.40816992900
2.41649549500
2.42482106100
2.43314662700
2.44147219200
2.44979775800
2.45812332400
2.46644889000
2.47477445600
2.48310002200
2.49142558800
2.49975115400
2.50807671900
2.51640228500
2.52472785100
2.53305341700
2.54137898300
2.54970454900
2.55803011500
2.56635568100
2.57468124600
2.58300681200
2.59133237800
2.59965794400
2.60798351000
2.61630907600
2.62463464200
2.63296020800
2.64128577300
2.64961133900
2.65793690500
2.66626247100
2.67458803700
2.68291360300
2.69123916900
2.69956473500
2.70789030000
2.71621586600
2.72454143200
2.73286699800
2.74119256400
2.74951813000
2.75784369600
2.76616926200
2.77449482700
2.78282039300
2.79114595900
2.79947152500
2.80779709100
2.81612265700
2.82444822300
2.83277378900
2.84109935400
2.84942492000
2.85775048600
2.86607605200
2.87440161800
2.88272718400
2.89063647100
2.89896203700
2.90728760300
2.91561316900
2.92393873500
2.93226430100
2.94058986700
2.94891543300
2.95724099800
2.96556656400
2.97389213000
2.98221769600
2.99054326200
2.99886882800
3.00719439400
3.01551995900
3.02384552500
3.03217109100
3.04049665700
3.04882222300
3.05714778900
3.06547335500
3.07379892100
3.08212448600
3.09045005200
3.09877561800
3.10710118400
3.11542675000
3.12375231600
3.13207788200
3.14040344800
3.14872901300
3.15705457900
3.16538014500
3.17370571100
3.18203127700
3.19035684300
3.19868240900
3.20700797500
3.21533354000
3.22365910600
3.23198467200
3.24031023800
3.24863580400
3.25696137000
3.26528693600
3.27361250200
3.28193806700
3.29026363300
3.29858919900
3.30691476500
3.31524033100
3.32356589700
3.33189146300
3.34021702900
3.34854259400
3.35686816000
3.36519372600
3.37351929200
3.38184485800
3.39017042400
3.39849599000
3.40682155600
3.41514712100
3.42305640900
3.43138197500
3.43970754100
3.44803310700
3.45635867300
3.46468423800
3.47300980400
3.48133537000
3.48966093600
3.49798650200
3.50631206800
3.51463763400
3.52296320000
3.53128876500
3.53961433100
3.54793989700
3.55626546300
3.56459102900
3.57291659500
3.58124216100
3.58956772600
3.59789329200
3.60621885800
3.61454442400
3.62286999000
3.63119555600
3.63952112200
3.64784668800
3.65617225300
3.66449781900
3.67282338500
3.68114895100
3.68947451700
3.69780008300
3.70612564900
3.71445121500
3.72277678000
3.73110234600
3.73942791200
3.74775347800
3.75607904400
3.76440461000
3.77273017600
3.78105574200
3.78938130700
3.79770687300
3.80603243900
3.81435800500
3.82268357100
3.83100913700
3.83933470300
3.84766026900
3.85598583400
3.86431140000
3.87263696600
3.88096253200
3.88928809800
3.89761366400
3.90593923000
3.91426479600
3.92259036100
3.93091592700
3.93924149300
3.94756705900
3.95589262500
3.96421819100
3.97254375700
3.98086932300
3.98919488800
3.99710417600
4.00542974200
4.01375530800
4.02208087400
4.03040644000
4.03873200500
4.04705757100
4.05538313700
4.06370870300
4.07203426900
4.08035983500
4.08868540100
4.09701096700
4.10533653200
4.11366209800
4.12198766400
4.13031323000
4.13863879600
4.14696436200
4.15528992800
4.16361549300
4.17194105900
4.18026662500
4.18859219100
4.19691775700
4.20524332300
4.21356888900
4.22189445500
4.23022002000
4.23854558600
4.24687115200
4.25519671800
4.26352228400
4.27184785000
4.28017341600
4.28849898200
4.29682454700
4.30515011300
4.31347567900
4.32180124500
4.33012681100
4.33845237700
4.34677794300
4.35510350900
4.36342907400
4.37175464000
4.38008020600
4.38840577200
4.39673133800
4.40505690400
4.41338247000
4.42170803600
4.43003360100
4.43835916700
4.44668473300
4.45501029900
4.46333586500
4.47166143100
4.47998699700
4.48831256300
4.49663812800
4.50496369400
4.51328926000
4.52119854800
4.52952411400
4.53784968000
4.54617524500
4.55450081100
4.56282637700
4.57115194300
4.57947750900
4.58780307500
4.59612864100
4.60445420700
4.61277977200
4.62110533800
4.62943090400
4.63775647000
4.64608203600
4.65440760200
4.66273316800
4.67105873400
4.67938429900
4.68770986500
4.69603543100
4.70436099700
4.71268656300
4.72101212900
4.72933769500
4.73766326000
4.74598882600
4.75431439200
4.76263995800
4.77096552400
4.77929109000
4.78761665600
4.79594222200
4.80426778700
4.81259335300
4.82091891900
4.82924448500
4.83757005100
4.84589561700
4.85422118300
4.86254674900
4.87087231400
4.87919788000
4.88752344600
4.89584901200
4.90417457800
4.91250014400
4.92082571000
4.92915127600
4.93747684100
4.94580240700
4.95412797300
4.96245353900
4.97077910500
4.97910467100
4.98743023700
4.99575580300
5.00408136800
5.01199065600
5.02031622200
5.02864178800
5.03696735400
5.04529292000
5.05361848500
5.06194405100
5.07026961700
5.07859518300
5.08692074900
5.09524631500
5.10357188100
5.11189744700
5.12022301200
5.12854857800
5.13687414400
5.14519971000
5.15352527600
5.16185084200
5.17017640800
5.17850197400
5.18682753900
5.19515310500
5.20347867100
5.21180423700
5.22012980300
5.22845536900
5.23678093500
5.24510650100
5.25343206600
5.26175763200
5.27008319800
5.27840876400
5.28673433000
5.29505989600
5.30338546200
5.31171102700
5.32003659300
5.32836215900
5.33668772500
5.34501329100
5.35333885700
5.36166442300
5.36998998900
5.37831555400
5.38664112000
5.39496668600
5.40329225200
5.41161781800
5.41994338400
5.42826895000
5.43659451600
5.44492008100
5.45324564700
5.46157121300
5.46989677900
5.47822234500
5.48654791100
5.49487347700
5.50319904300
5.51152460800
5.51985017400
5.52817574000
5.54024781100
5.54857337700
5.55689894200
5.56522450800
5.57355007400
5.58187564000
5.59020120600
5.59852677200
5.60685233800
5.61517790400
5.62350346900
5.63182903500
5.64015460100
5.64848016700
5.65680573300
5.66513129900
5.67345686500
5.68178243100
5.69010799600
5.69843356200
5.70675912800
5.71508469400
5.72341026000
5.73173582600
5.74006139200
5.74838695800
5.75671252300
5.76503808900
5.77336365500
5.78168922100
5.79001478700
5.79834035300
5.80666591900
5.81499148500
5.82331705000
5.83164261600
5.83996818200
5.84829374800
5.85661931400
5.86494488000
5.87327044600
5.88159601200
5.88992157700
5.89824714300
5.90657270900
5.91489827500
5.92322384100
5.93154940700
5.93987497300
5.94820053900
5.95652610400
5.96485167000
5.97317723600
5.98150280200
5.98982836800
5.99815393400
6.00647950000
6.01480506600
6.02313063100
6.03145619700
6.03978176300
6.04810732900
6.05643289500
6.06475846100
6.07308402700
6.08140959300
6.08973515800
6.09806072400
6.10597001200
6.11429557800
6.12262114400
6.13094670900
6.13927227500
6.14759784100
6.15592340700
6.16424897300
6.17257453900
6.18090010500
6.18922567100
6.19755123600
6.20587680200
6.21420236800
6.22252793400
6.23085350000
6.23917906600
6.24750463200
6.25583019800
6.26415576300
6.27248132900
6.28080689500
6.28913246100
6.29745802700
6.30578359300
6.31410915900
6.32243472500
6.33076029000
6.33908585600
6.34741142200
6.35573698800
6.36406255400
6.37238812000
6.38071368600
6.38903925200
6.39736481700
6.40569038300
6.41401594900
6.42234151500
6.43066708100
6.43899264700
6.44731821300
6.45564377900
6.46396934400
6.47229491000
6.48062047600
6.48894604200
6.49727160800
6.50559717400
6.51392274000
6.52224830600
6.53057387100
6.53889943700
6.54722500300
6.55555056900
6.56387613500
6.57220170100
6.58052726700
6.58885283300
6.59717839800
6.60550396400
6.61341325200
6.62173881800
6.63006438400
6.63838994900
6.64671551500
6.65504108100
6.66336664700
6.67169221300
6.68001777900
6.68834334500
6.69666891100
6.70499447600
6.71332004200
6.72164560800
6.72997117400
6.73829674000
6.74662230600
6.75494787200
6.76327343800
6.77159900300
6.77992456900
6.78825013500
6.79657570100
6.80490126700
6.81322683300
6.82155239900
6.82987796500
6.83820353000
6.84652909600
6.85485466200
6.86318022800
6.87150579400
6.87983136000
6.88815692600
6.89648249200
6.90480805700
6.91313362300
6.92145918900
6.92978475500
6.93811032100
6.94643588700
6.95476145300
6.96308701900
6.97141258400
6.97973815000
6.98806371600
6.99638928200
7.00471484800
7.01304041400
7.02136598000
7.02969154600
7.03801711100
7.04634267700
7.05466824300
7.06299380900
7.07131937500
7.07964494100
7.08797050700
7.09629607300
7.10462163800
7.11294720400
7.12085649200
7.12918205800
7.13750762400
7.14583318900
7.15415875500
7.16248432100
7.17080988700
7.17913545300
7.18746101900
7.19578658500
7.20411215100
7.21243771600
7.22076328200
7.22908884800
7.23741441400
7.24573998000
7.25406554600
7.26239111200
7.27071667800
7.27904224300
7.28736780900
7.29569337500
7.30401894100
7.31234450700
7.32067007300
7.32899563900
7.33732120500
7.34564677000
7.35397233600
7.36229790200
7.37062346800
7.37894903400
7.38727460000
7.39560016600
7.40392573200
7.41225129700
7.42057686300
7.42890242900
7.43722799500
7.44555356100
7.45387912700
7.46220469300
7.47053025900
7.47885582400
7.48718139000
7.49550695600
7.50383252200
7.51215808800
7.52048365400
7.52880922000
7.53713478600
7.54546035100
7.55378591700
7.56211148300
7.57043704900
7.57876261500
7.58708818100
7.59541374700
7.60373931300
7.61206487800
7.62039044400
7.62871601000
7.63704157600
7.64536714200
7.65369270800
7.66160199500
7.66992756100
7.67825312700
7.68657869300
7.69490425900
7.70322982500
7.71155539100
7.71988095600
7.72820652200
7.73653208800
7.74485765400
7.75318322000
7.76150878600
7.76983435200
7.77815991800
7.78648548300
7.79481104900
7.80313661500
7.81146218100
7.81978774700
7.82811331300
7.83643887900
7.84476444500
7.85309001000
7.86141557600
7.86974114200
7.87806670800
7.88639227400
7.89471784000
7.90304340600
7.91136897200
7.91969453700
7.92802010300
7.93634566900
7.94467123500
7.95299680100
7.96132236700
7.96964793300
7.97797349900
7.98629906400
7.99462463000
8.00295019600
8.01127576200
8.01960132800
8.02792689400
8.03625246000
8.04457802600
8.05290359100
8.06122915700
8.06955472300
8.07788028900
8.08620585500
8.09453142100
8.10285698700
8.11118255300
8.11950811800
8.12783368400
8.13615925000
8.14448481600
8.15281038200
8.16113594800
8.16946151400
8.17778708000
8.18611264500
8.19443821100
8.20234749900
8.21067306500
8.21899863100
8.22732419600
8.23564976200
8.24397532800
8.25230089400
8.26062646000
8.26895202600
8.27727759200
8.28560315800
8.29392872300
8.30225428900
8.31057985500
8.31890542100
8.32723098700
8.33555655300
8.34388211900
8.35220768500
8.36053325000
8.36885881600
8.37718438200
8.38550994800
8.39383551400
8.40216108000
8.41048664600
8.41881221200
8.42713777700
8.43546334300
8.44378890900
8.45211447500
8.46044004100
8.46876560700
8.47709117300
8.48541673900
8.49374230400
8.50206787000
8.51039343600
8.51871900200
8.52704456800
8.53537013400
8.54369570000
8.55202126600
8.56034683100
8.56867239700
8.57699796300
8.58532352900
8.59364909500
8.60197466100
8.61030022700
8.61862579300
8.62695135800
8.63527692400
8.64360249000
8.65192805600
8.66025362200
8.66857918800
8.67690475400
8.68523032000
8.69355588500
8.70188145100
8.71020701700
8.71853258300
8.72685814900
8.73476743700
8.74309300200
8.75141856800
8.75974413400
8.76806970000
8.77639526600
8.78472083200
8.79304639800
8.80137196300
8.80969752900
8.81802309500
8.82634866100
8.83467422700
8.84299979300
8.85132535900
8.85965092500
8.86797649000
8.87630205600
8.88462762200
8.89295318800
8.90127875400
8.90960432000
8.91792988600
8.92625545200
8.93458101700
8.94290658300
8.95123214900
8.95955771500
8.96788328100
8.97620884700
8.98453441300
8.99285997900
9.00118554400
9.00951111000
9.01783667600
9.02616224200
9.03448780800
9.04281337400
9.05113894000
9.05946450600
9.06779007100
9.07611563700
9.08444120300
9.09276676900
9.10109233500
9.10941790100
9.11774346700
9.12606903300
9.13439459800
9.14272016400
9.15104573000
9.15937129600
9.16769686200
9.17602242800
9.18434799400
9.19267356000
9.20099912500
9.20932469100
9.21765025700
9.22597582300
9.23430138900
9.24221067700
9.25053624200
9.25886180800
9.26718737400
9.27551294000
9.28383850600
9.29216407200
9.30048963800
9.30881520400
9.31714076900
9.32546633500
9.33379190100
9.34211746700
9.35044303300
9.35876859900
9.36709416500
9.37541973000
9.38374529600
9.39207086200
9.40039642800
9.40872199400
9.41704756000
9.42537312600
9.43369869200
9.44202425700
9.45034982300
9.45867538900
9.46700095500
9.47532652100
9.48365208700
9.49197765300
9.50030321900
9.50862878400
9.51695435000
9.52527991600
9.53360548200
9.54193104800
9.55025661400
9.55858218000
9.56690774600
9.57523331100
9.58355887700
9.59188444300
9.60021000900
9.60853557500
9.61686114100
9.62518670700
9.63351227300
9.64183783800
9.65016340400
9.65848897000
9.66681453600
9.67514010200
9.68346566800
9.69179123400
9.70011680000
9.70844236500
9.71676793100
9.72509349700
9.73341906300
9.74174462900
9.75007019500
9.75839576100
9.76630504800
9.77463061400
9.78295618000
9.79128174600
9.79960731200
9.80793287800
9.81625844400
9.82458400900
9.83290957500
9.84123514100
9.84956070700
9.85788627300
9.86621183900
9.87453740500
9.88286297100
9.89118853600
9.89951410200
9.90783966800
9.91616523400
9.92449080000
9.93281636600
9.94114193200
9.94946749700
9.95779306300
9.96611862900
9.97444419500
9.98276976100
9.99109532700
9.99942089300
10.00774646000
10.01607202000
10.02439759000
10.03272316000
10.04104872000
10.04937429000
10.05769985000
10.06602542000
10.07435099000
10.08267655000
10.09100212000
10.09932768000
10.10765325000
10.11597881000
10.12430438000
10.13262995000
10.14095551000
10.14928108000
10.15760664000
10.16593221000
10.17425778000
10.18258334000
10.19090891000
10.19923447000
10.20756004000
10.21588561000
10.22421117000
10.23253674000
10.24086230000
10.24918787000
10.25751343000
10.26583900000
10.27416457000
10.28249013000
10.29081570000
10.29914126000
10.30746683000
10.31579240000
10.32370168000
10.33202725000
10.34035282000
10.34867838000
10.35700395000
10.36532951000
10.37365508000
10.38198064000
10.39030621000
10.39863178000
10.40695734000
10.41528291000
10.42360847000
10.43193404000
10.44025961000
10.44858517000
10.45691074000
10.46523630000
10.47356187000
10.48188744000
10.49021300000
10.49853857000
10.50686413000
10.51518970000
10.52351526000
10.53184083000
10.54016640000
10.54849196000
10.55681753000
10.56514309000
10.57346866000
10.58179423000
10.59011979000
10.59844536000
10.60677092000
10.61509649000
10.62342205000
10.63174762000
10.64007319000
10.64839875000
10.65672432000
10.66504988000
10.67337545000
10.68170102000
10.69002658000
10.69835215000
10.70667771000
10.71500328000
10.72332885000
10.73165441000
10.73997998000
10.74830554000
10.75663111000
10.76495667000
10.77328224000
10.78160781000
10.78993337000
10.79825894000
10.80658450000
10.81491007000
10.82323564000
10.83156120000
10.83988677000
10.84821233000
10.85653790000
10.86486347000
10.87693554000
10.88526110000
10.89358667000
10.90191223000
10.91023780000
10.91856337000
10.92688893000
10.93521450000
10.94354006000
10.95186563000
10.96019119000
10.96851676000
10.97684233000
10.98516789000
10.99349346000
11.00181902000
11.01014459000
11.01847016000
11.02679572000
11.03512129000
11.04344685000
11.05177242000
11.06009799000
11.06842355000
11.07674912000
11.08507468000
11.09340025000
11.10172581000
11.11005138000
11.11837695000
11.12670251000
11.13502808000
11.14335364000
11.15167921000
11.16000478000
11.16833034000
11.17665591000
11.18498147000
11.19330704000
11.20163260000
11.20995817000
11.21828374000
11.22660930000
11.23493487000
11.24326043000
11.25158600000
11.25991157000
11.26823713000
11.27656270000
11.28488826000
11.29321383000
11.30153940000
11.30986496000
11.31819053000
11.32651609000
11.33484166000
11.34316722000
11.35149279000
11.35981836000
11.36772764000
11.37605321000
11.38437878000
11.39270434000
11.40102991000
11.40935547000
11.41768104000
11.42600661000
11.43433217000
11.44265774000
11.45098330000
11.45930887000
11.46763443000
11.47596000000
11.48428557000
11.49261113000
11.50093670000
11.50926226000
11.51758783000
11.52591340000
11.53423896000
11.54256453000
11.55089009000
11.55921566000
11.56754123000
11.57586679000
11.58419236000
11.59251792000
11.60084349000
11.60916905000
11.61749462000
11.62582019000
11.63414575000
11.64247132000
11.65079688000
11.65912245000
11.66744802000
11.67577358000
11.68409915000
11.69242471000
11.70075028000
11.70907584000
11.71740141000
11.72572698000
11.73405254000
11.74237811000
11.75070367000
11.75902924000
11.76735481000
11.77568037000
11.78400594000
11.79233150000
11.80065707000
11.80898264000
11.81730820000
11.82563377000
11.83395933000
11.84228490000
11.85061046000
11.85893603000
11.86726160000
11.87558716000
11.88391273000
11.89182202000
11.90014758000
11.90847315000
11.91679871000
11.92512428000
11.93344985000
11.94177541000
11.95010098000
11.95842654000
11.96675211000
11.97507767000
11.98340324000
11.99172881000
12.00005437000
12.00837994000
12.01670550000
12.02503107000
12.03335664000
12.04168220000
12.05000777000
12.05833333000
