th
54.427447668750794
54.4944822773901
54.39052701966527
54.384869929686424
54.26168194712917
54.25719658090423
54.554803620361135
54.62672657349713
54.79195672368636
54.553151813535386
54.70360963992223
54.476050780784874
54.43894136765628
54.453059540400105
54.59477841185209
54.126489713420604
54.03051827141519
53.874534697698586
53.906394770016746
53.98675310395233
53.8706519365307
53.85208413352601
53.69304850152444
53.17104528506274
53.158842995830135
52.90806143644674
52.97692326546945
52.99182883551372
53.055113800870856
53.11821526572534
53.253946788574446
53.09590815443843
52.77858980166211
52.898993016261414
53.046270063225926
53.37665451913428
53.27714867887194
53.33106212929318
53.472621102049615
53.48579885588444
53.52068581183643
53.4677827706295
53.44933464963225
53.56020994904413
53.669490875000285
53.91546920815876
53.90632523194188
54.16233703979849
54.19912947599868
54.50598385264095
54.70522816107018
54.956624009040894
54.99617668285899
55.11329146682439
54.949478789308536
54.92582610816168
54.70817346006765
54.64097284605117
54.64817206110234
54.61020290838764
54.825209028486206
54.780259068825835
54.86327411837089
55.01464172526421
54.72256736391012
54.58691697897219
54.38718268440462
54.33152031362714
54.077044438708725
54.10310819250546
54.15964470261626
54.16336360804359
53.92185178600561
54.065661609048625
54.00913814204812
53.579895264351734
53.44059743190656
53.38884748684122
52.98420694486651
52.9841554075703
52.90085279646612
52.72866202171415
52.64883388460185
52.450051382397824
52.61678097867201
52.063911538988386
52.39926773204153
51.741234009196276
52.33850637458176
52.30955760449747
52.910717940415864
52.761745753346226
52.903823488893224
52.59631311655204
52.50573100727814
52.29411745155766
52.414207508163805
52.671928466820034
53.014514184846526
53.165681813733876
53.19467537867837
53.33550612399795
53.6032840324929
53.77529049682713
53.92938943013574
54.04555170695454
54.213538880266796
54.46919546650692
54.56664495469215
54.68339010022087
54.843194601501175
54.937488735070495
54.9991466106356
54.91194518818841
55.314896443980565
55.49949263475482
55.89636964415592
56.0444392923528
56.19615465025746
56.11840725905598
55.916063884745185
55.81770145963117
55.662247552056456
55.7458064380634
55.68744165048669
55.53080540701666
55.30480093231574
55.206256426055425
54.912480816110836
54.827530289758805
54.699435750751796
54.63749606709859
54.61521915905901
54.198749448820315
54.064562149819196
53.64246908178314
53.4979107566295
53.33521205007835
53.22004816670298
52.98700243846785
52.82505817419578
52.7610011488847
52.58192739597926
52.357765674100555
52.172725345147036
51.95692486867278
51.66203344405095
51.60314362033858
51.42161935995645
51.40066025373793
51.62537764972946
51.83848566245774
51.77430830627804
51.90044398730965
51.84139909006365
51.961391109254436
51.95072058846172
52.296654590636045
52.560594581905036
52.95277687788494
53.342734928908406
53.749715821744815
53.87490734712714
53.9812891247684
54.21176056746774
54.78687253459011
55.14401807827307
55.31396551644992
55.42296974420012
55.42873313484803
55.3445309354289
55.64249824616195
55.68023598201594
55.82823337350703
56.30759020861247
56.585929232611605
56.934878219851505
56.85465899356268
56.68006549070193
56.51591477532886
56.18989279280134
56.142987710883745
56.13473137752359
56.1330532408233
56.13378858512378
56.06295781613894
55.92359992572744
55.57078880238018
55.39220764450488
54.945266270900554
54.71808105079388
54.433488126076945
54.30346078850544
54.01467753594825
53.82463478501345
53.38498990904113
53.10704625412479
53.02032363059617
52.7461327188206
52.47403726953922
52.229593400458455
52.16133924286722
51.80530589457153
51.65695368578945
51.21656129545201
51.21199409588144
51.16675592158082
51.301873026989554
51.529822866946446
51.55813366662155
51.73672099968662
51.85315763851002
52.0161450367414
52.10275791487251
52.33049677736721
52.35578009065596
52.44219716991879
52.73908073688231
53.06244094180923
53.49060184871094
53.873824989973755
54.296439494642875
54.47919762317177
54.997535319795745
55.358462068777584
55.70119704323727
56.06503632911884
56.10386819742477
56.561862520666885
56.74741684169049
57.25857783691109
57.32056170103401
57.51920423792659
57.70598639949752
57.82818393503974
57.76542748410576
57.77061271722883
57.687505591939335
57.671090126535184
57.85969671913808
57.51317969571853
57.29697561905932
56.93991641237817
56.63390047992732
56.65114738080475
55.93315080894093
55.995050500313
55.66559918363362
55.378886350607466
55.06144938006314
54.82372836211564
54.49960337966076
53.992748666350856
53.737189398814785
53.463824705109566
53.22165041273458
52.91803571021537
52.70687270756517
52.38725332250245
51.984077136673825
51.76707328336312
51.50633276920825
51.37289886688581
51.276039964404845
51.282532189115884
51.311655197940766
51.41351754664566
51.41434743714819
51.29340100573006
51.264452835593595
51.357986222136034
51.46425666188199
51.681022758615214
51.8819509941894
52.14661599989591
52.576816953574884
52.85338326053035
53.15872183263517
53.54039722088984
53.841247076142196
54.19239448107724
54.202582851739336
54.6648279852327
54.887507892472264
55.336692079935524
55.36816595260134
55.64568800904657
55.78699064194164
55.96430271173292
56.30362230227741
56.672276171694485
56.87789568288425
57.20075450074851
57.19259280030836
57.36541167040537
57.27858637058363
57.342896121586584
57.23097917250688
56.97788068671646
57.1477264305554
56.88284955439402
56.6774655287479
56.429269458284836
56.032189698372704
55.5467152839183
55.35062594279216
54.98895260635508
54.58401243808321
54.305046762590834
54.084497709148955
53.685046820249845
54.47173877572538
54.45202482592874
54.53020098297542
54.54961306435823
54.36315868285038
54.33817833236252
54.427351329871115
54.19368585582663
54.32127821703863
54.141227102102
54.11837097630876
53.94490884363014
53.9142408075111
53.75563163923718
53.81056259532867
53.718302701494004
53.479077572020074
53.23272307885828
53.15003168721512
53.09992098541164
53.146238530443256
53.17554641145819
53.12153444423622
53.182408134132196
53.24015598386135
53.337220106283
53.145030040909475
53.20692038041188
53.27080577738993
53.29150384739384
53.31012938039607
53.299104264917204
53.30197053714913
53.260840004149436
53.6032680265229
53.45753748541341
53.37900557398883
53.351682692523184
53.51824341996813
53.6966353389851
53.98770166199804
54.33557436970212
54.28569842122808
54.61768319622221
54.60974055754583
54.62030350349487
54.6080754805538
54.6039584595915
54.63901259143023
54.59241748396102
54.73884408313843
54.813870614180416
54.963477178880794
55.11530472421915
54.952085648890126
54.93683423436332
54.93840699922847
54.82919862560866
54.76922971942794
54.711340893635665
54.734262034107665
54.85387845329328
54.74942540192931
54.5226374540747
54.74877562255498
54.58916233074707
54.52570906686585
54.43817167257814
54.429985413007685
54.25608717408478
53.95005176056044
53.80988792124579
53.63101224875635
53.444970466940674
53.31386735853395
53.2923527080955
53.43306773124098
53.21288416628729
53.20134019690838
52.99407060295948
52.995562215462755
52.93871997556647
52.78626035723762
52.72179880884189
52.74048048515173
52.884594154141794
52.99426356069322
53.15109205618439
53.13831943393892
53.227036478763424
53.3314278676784
53.42874858448805
53.60056142412941
53.714119303478725
53.9906037027541
54.11228111198022
54.017906127495856
54.075176444920444
54.050218911069344
54.07957320148804
54.242358453837795
54.316067743943734
54.594103705941535
54.629210242948446
54.63731334297427
54.795898143947575
54.66990940045486
54.88765149024564
54.82438382436758
54.85135173539351
54.80291772510036
54.75801262622034
54.95108116806445
55.118117922560934
54.88310761845995
54.97130315252265
54.96801160092012
54.68222283146933
54.673164947237986
54.32803744729179
54.337727671666265
54.34462190480715
54.65627978829428
54.51251713398759
54.701221044760445
54.70266994222782
54.4232222072853
54.359135723055765
54.03712497097405
54.14400834012929
54.128986725154434
53.94920879830556
53.78388832993522
53.831956299999376
53.5694987703425
53.30150411770958
53.20392288228298
53.21514548849369
53.090134870272166
52.85724103189534
52.72342249205677
52.67147453353635
52.52780784890991
52.56720274014708
52.48456006447488
52.583175969422236
52.714059946738416
52.669571265056945
52.90328596871236
53.05985533208027
53.19537650962518
53.31003532472316
53.48583763086122
53.71236574303239
53.80791978552255
54.04500125038187
54.06411907709389
54.2279344245567
54.10064597811358
54.36703877896582
54.3905398803304
54.766332097386304
54.619621663345235
54.728340329647374
54.82578497918256
54.86795408575782
54.63964320911727
54.72364045834508
54.58706444952252
54.818781354406966
54.6036268311761
54.57373011843518
54.48400528721286
54.29705182976586
54.672782501365454
54.67882495295626
54.47934976725587
54.20043781775098
54.46380902635971
54.46594564812728
54.48976320398589
54.4111594297208
54.61160584980676
54.47131812734735
54.63639187937629
54.51506553383037
54.610076064169746
54.39854535509632
54.23365874962532
54.06293252138154
53.952487608274836
53.94180798653758
53.728929770093494
53.50555137322409
53.32115105689892
53.03988999783436
52.75343859414508
52.83137208296917
52.88161072406361
52.74324029506991
52.64417246387373
52.640458954995594
52.574509570127184
52.37825732550198
52.20700594819841
52.26993580875839
51.98213136536521
52.01015481422443
52.08822988800726
52.00004630304451
52.20492541990093
52.08520128899972
52.444426126453685
52.51047969254635
52.82534075574196
53.01243881621169
53.188477235883
53.37946262303621
53.65464614512373
53.937606800124705
54.03728290827917
54.092681563295216
54.026038930489065
54.02743845207627
54.16392209052618
54.36041277719589
54.57424272141523
54.64834899167026
54.912754809464154
55.174089439394855
55.00558359954831
54.656216702439266
54.62224337858041
54.440456790790726
54.529746346624044
54.69132188381462
54.67899904016107
54.57034166394937
54.67173322557363
54.69646534669371
54.75557698844974
54.77029763406006
54.83126227585683
54.937356298206865
54.96843256367438
55.07852959381652
54.91409333275234
54.845689042460954
54.6676058800898
54.541872735379044
54.60904953119037
54.481505317525965
54.27275559040479
53.954538308414854
53.79236658155083
53.71614053559765
53.64531159949222
53.535278679124204
53.48570881109288
53.459743290405406
53.3225907744812
53.29042190596903
53.10793598457309
53.054703443543524
52.945196962806875
52.92816613498031
53.00656494264039
52.8842143766162
53.03443109766391
52.89348148337152
52.92775817416541
52.95304416870501
53.05009471084369
53.43239854253724
53.56084002049807
53.655025758257636
53.8943539537277
54.01673370065756
54.32530920224755
54.0420967379891
54.014056928319185
54.069810462806046
53.98848699371587
54.175095095291645
54.31176649829157
54.33395332632094
54.327879111555134
54.244716912931544
54.45285261319819
54.5733190899459
54.59485183356286
54.67930771286886
54.5996283268578
54.69615394805298
54.633797478628196
54.71665123631923
54.69099349049167
54.571411565383244
54.500955987043916
54.32645209079931
54.43038894791951
54.4287624756115
54.375288801544066
54.6267600399315
54.51742406260931
54.411267597470214
54.021893403726246
53.829004344955486
53.86072860085368
53.70105877154086
53.77937731987016
53.47665348804502
53.252652900537775
52.96304405641957
52.62189126783746
52.42651601010993
52.4045635390166
52.44484770506944
52.469126164495634
52.51597362179468
52.66662836592977
52.65997855896647
52.71814797080602
52.81269840021418
52.89738350071247
52.98123194835584
52.89335829188052
53.03592609199753
53.000099477205545
53.18629401209864
53.249480257107685
53.169565391050135
53.37791960623666
53.37245645799873
53.805598720648184
54.20849468371795
54.41776295837716
54.8254366221428
54.91843088905607
54.84239947413238
54.904551572364056
54.94177452289675
55.12038445736162
55.067523296179
55.176341998897406
55.28105767564909
55.23330649922525
55.24774170035425
55.28490879800611
55.139151944083906
54.99026620945032
54.86550816870213
54.90015991099927
54.86019530791645
54.79073005515767
54.763043219114564
54.54872555166217
54.43954243831316
54.474126655930554
54.47221746811114
54.361780630783194
54.32344712038748
54.164263791291205
54.1572490135952
53.62225923101806
53.39675222270633
52.98036140997854
53.07634403853614
53.13579561641651
53.1989422300356
53.0310726721011
52.97510593297037
52.98853789539785
52.76341280133721
52.806277984352285
52.699814662362144
52.771272726505735
52.99551235600248
53.20451949369901
53.2353076889479
53.3409299603704
53.50762883021945
53.666176852469725
53.66122521374299
53.8014961635639
53.81953203710686
54.138657558649484
54.29105120395367
54.176448691349286
54.29351846748473
54.33725631744833
54.36542635744501
54.40844379033372
54.27056559617887
54.52644386413492
54.76147669130835
55.24461807709322
55.26067875893594
55.38032692282053
55.08291682817644
55.00905180575197
55.09438789160007
55.0283226473755
54.97619103956327
54.97776929729225
55.09450423764302
55.10961647703368
55.09650716537256
54.961912507978056
54.994983209274395
55.18933318623143
54.7700692216045
54.89319216867516
54.56633833626361
54.39743553499849
54.54539240458499
54.38927721272572
54.32200735754847
54.07589099328081
53.838211442321686
53.61591659322309
53.56182088250953
53.68760163973997
53.761635080167146
53.82478900210261
53.71508425220667
53.69563609879422
53.24647489648154
52.88682280463174
52.417070830836636
52.098696133353286
51.890938021869175
51.77202831231371
51.930937848517296
52.15013947188145
52.33829707891448
52.307519894904665
52.36643697939737
52.57236019569713
52.37487709191408
52.5901737797725
52.71725715948283
52.62656145324348
52.69899188236282
52.841956818329386
52.95319191996768
52.81447468581241
53.092402104772
53.24148756371095
53.43598250757905
53.923294964910234
54.28202755672547
54.54108698283111
54.529161061470624
55.47279533519853
55.46147317137602
55.53375451290517
55.308231437999304
55.69649630925897
55.79346574401158
55.94463636795417
56.275839907185514
56.26912077271665
55.969213249001925
56.060474346263135
55.879535570331775
55.69098066336357
55.682004939476705
55.46877930374258
55.50368198484745
55.35995727850821
55.11368212683365
54.88993390242583
54.675785203421746
54.29252184934461
54.11800785141
54.1814732579148
53.971333866463546
53.89228612616665
53.76901046901108
53.46328252557495
53.31789575462866
53.18822610569195
53.14164408673805
52.71856676174716
52.87509124058609
52.80007252325741
52.60855073754053
52.41467868002205
52.09415810942708
52.001975838695905
51.91424572086121
51.788967239826086
51.81711680237283
51.91071970810082
52.168404151459974
52.331310903646575
52.51565843107818
52.58420626104703
52.836257600155385
52.87276394821609
53.06688507939062
53.15644696637752
53.389625379077685
53.64400056388082
53.81552305180875
54.029239985243954
54.38770418780172
54.70186194917141
55.11752558348522
55.584635749715844
55.691733170214476
56.01253858988079
55.25020554426212
55.96027057977782
55.91166266383952
55.85465081499004
55.821366741730515
55.90370169313185
56.14611972878211
56.239108232799616
56.37491890794148
56.18094072198618
56.081141208711536
55.842406062470225
55.676026470915986
55.517746323578784
55.20242776615912
55.29818554040393
54.93186493697353
54.6925065602133
54.58875659862725
54.40135483784444
54.435795394576786
54.353886014642654
54.15437117489764
54.05403045533733
54.04884548253266
53.82383178489763
53.548941058126324
53.42449334072287
53.00527474051502
52.82934885054597
52.52587255766487
52.43973243914654
52.40778185990435
52.12943562774272
52.08654183342311
51.85747934431184
51.77733232054812
51.626972349218775
51.70524109431952
51.73812078865575
51.92493672287277
51.89804431518387
52.19128143484047
52.31081309537413
52.443155320589256
52.33301274486863
52.730781385225825
52.899540287524914
53.00473516182573
53.377545313135286
53.39091613167873
53.59129703289765
53.739439175716285
54.130101668661844
54.31355801289943
54.90046449253996
55.34043046628562
55.77016524399928
56.17435428172931
56.26607048973364
56.175654940672004
56.390725644260456
56.41075889396187
56.30758420967635
56.12954764941699
56.093840058346345
56.04661638556744
55.9730268480652
55.550469781773984
55.51696083473881
55.426659021034354
55.39263173438449
55.128537618770885
54.9425683337814
54.837513039640534
54.93943041491385
54.310667993331776
54.186595303050126
54.01035398167424
54.26072112384873
54.04683418245573
53.89776557193634
53.576230098229246
53.22393607699234
53.179746349171054
52.98313506643506
52.91431675656551
52.73529046148539
52.3790138054406
52.097282957714555
51.60348442071197
51.74055639605517
51.654452363441145
51.425037524968076
51.536486401865176
51.38997925689751
51.52307357500395
51.697801951951035
51.705122077121466
51.84409716761995
51.800433682553816
52.02967022713962
52.1615102824127
52.60710180266371
52.74862164006846
53.00743537520777
53.397742018399626
53.4533986178847
53.81619184604143
53.92383250424137
54.049945312561256
54.27438975403356
54.628689732716836
54.88103438908347
55.07014617316754
55.46503624008959
55.72059706576251
55.917080199298745
56.04357981225701
56.091858826406984
56.455076850365664
56.443509729536345
56.45569604992586
56.87238100839382
56.84345206212141
56.805963320732204
56.74858333717551
56.279735509709916
55.90803536658477
55.63772151336757
55.37406293450833
55.29076362468378
54.91005830943162
54.71567476598985
54.69481932045062
54.90870439065904
54.068322938543766
53.98247351840997
53.440930708032724
53.48085007912359
53.37789967874652
53.48631478017771
53.38482462906478
53.269282112497564
53.117812887977344
52.602905999148085
52.336084200437455
51.907769582945114
51.75624902994055
51.440811348428916
51.48380820753814
51.34792158430097
51.251255577268296
51.23375527664069
51.207158484136414
51.13277453215532
51.07303012655982
51.148296463172386
51.120931551776366
51.360344775957174
51.593261267978804
51.85055787549623
51.99115673138332
52.03514068694271
52.46872144754716
52.582144433526494
52.96917382063675
53.26113348967551
53.41458626720474
53.75517988981087
54.169993154376435
54.20960657520924
54.691542331264344
54.727281611875455
55.04680321282934
55.571260050841296
55.701477686740006
55.769774622805436
55.801443613262016
56.01119504370586
56.8628698253526
56.07252433399316
56.07448069551812
56.06463657483883
56.385219309805
56.30378147203376
56.12261110031368
55.81939182340567
55.64155645842547
55.48673849895628
55.25052795501532
54.99986845430662
54.83204559184914
54.703046371533695
54.597468213994524
54.41991534390215
54.18739435913248
54.024044993991865
53.78022959943995
53.594206976998336
53.427475493446295
53.36613256997212
53.10241249281585
52.915112471361475
53.64101614155867
53.49012545979601
53.442102922479215
53.281563038098746
53.243141842141796
53.11375844073568
53.0994669451578
53.01158803739659
52.99417514788866
53.017932475792705
52.75854622116885
52.56759764096376
52.56965228908204
52.556388640150445
52.74072952227796
52.953332412587095
53.21658113770242
53.19665386179086
53.316595931614955
53.200030217965754
53.30118722957867
53.383039314133214
53.5009664114596
53.555034708219324
53.74302568949596
53.81332052769535
53.88640707858152
54.072705559028385
53.896936271579065
54.080197987887665
54.20424554379432
54.28779018084636
54.81450431246823
55.219564385974735
55.46536329557345
55.502877027062844
55.4736997836809
55.238983518279504
55.1644654969896
55.062597721747615
55.045029105487146
55.16174080773352
55.265292006554944
55.254755809969005
55.20615824503476
55.13692678321572
55.04395067027751
54.967267969137666
54.6887039318147
54.472009241480826
54.40807794345286
54.36670297944657
54.32534571076874
54.251073122473066
54.05636233236885
53.86845007103476
53.385984347205785
53.332308009120126
53.337588133592696
53.23531440093922
53.165903106644606
53.317393813256196
53.25550341879931
53.278832268867525
53.125306561933925
53.01825434015315
52.97996148775454
52.767059820130626
52.890973622984184
52.92155928710991
52.87576963177909
52.99599739465698
53.23333721356854
53.199655948856105
53.310775605088175
53.354147688529245
53.498042392980395
53.613093362809295
53.932449945639576
54.161825197882834
54.30848668599435
54.31344946675467
54.27653019776089
54.36527145638138
54.36188359158677
54.35971184194811
54.41274559020669
54.442857333270815
54.50056462871509
54.46097713879693
54.301068774484314
54.26906688933037
54.36534602908975
54.34093066870325
54.36068178704934
54.367167953211315
54.43954694345923
54.241095095810785
54.22618024358202
54.241591087520774
53.90007253331269
53.91816217683079
53.622312050142725
53.6793393700275
53.66199273447787
53.38720270234424
53.414514042402516
52.88296017674651
53.09171509907455
52.92456713668335
52.90581608758917
53.26295453091856
52.70378513109489
52.58429576677301
52.57331607880428
52.71701571593428
52.50393994024422
52.418565571266086
52.695280488097126
52.66743243411749
52.73112994232858
52.660690056889635
52.683121483398075
52.798409747718885
53.09749423361855
53.18854658390785
53.40077329882545
53.35490069240591
53.25035830346859
53.39486553447745
53.412043127403855
53.577247973248184
53.68552510090164
53.91005273306281
54.19684371465032
54.46810989925424
54.4786380442419
54.841782632985876
54.97191533076936
55.18751121742565
55.16875778997356
55.232664766085165
55.69226192897313
55.77739364804505
55.88377461514651
55.83339674235606
55.937838457977676
55.97808248167547
56.150426650558664
56.22359441442976
56.23352114844699
56.39043614223882
56.34521142621393
56.07509901509169
56.19556293718168
56.04174536601967
55.94971866738837
56.10368161149747
55.80696780661766
55.747313926298304
55.50655411869449
55.37345063716099
54.993553474384306
54.71038640738779
54.46008854933312
54.31505237358175
54.14006625494405
53.84636889097537
53.6655394263738
53.60172237500578
53.330352647707315
53.357567601548105
52.985975623707226
52.84637227588249
52.728519939768105
52.86597110495825
52.53210062508022
52.41294154041973
52.18293411832046
52.01323886847288
51.82738428232238
51.773616211024084
51.816747765079526
52.02418636014135
52.1880568986663
52.46273336799478
52.62536528965067
52.62137367065836
52.78494089413038
52.813502091762764
53.051916644501624
53.44192809447502
53.72194166250105
53.99359997694831
54.19787743242942
54.431555626542924
54.84575727919003
54.981008841542284
55.30387251371655
55.41410171199098
55.546455837726526
55.255777226499
56.015729455172306
56.1732245231486
56.3582462616588
56.09649084551377
55.84793228084696
55.59986073367817
55.47889939352153
55.771536289063626
55.763455132654386
55.804376624620964
56.09836713667776
55.86717876034014
55.91830728575158
55.675580598900126
55.61678874693289
55.363494154953536
55.02776326678372
54.939333114613014
54.827139504010525
54.71689183977657
54.51422282473837
54.602884215017276
54.21198439607388
54.04030248585773
53.958217790678155
53.86524132529672
53.725721757059745
53.6566420179531
53.49005626242864
53.39142715876815
53.394463572764515
52.95204113298205
52.995793814023585
52.895746083410934
52.91348842413532
52.63156421871068
52.541420790194685
52.52056076078506
52.656749377768605
52.77649208230603
52.92444094549585
52.85989708577254
52.81522710258688
52.539856121721364
52.27315715976419
52.1030152781343
52.29343244595648
52.477556303012165
52.72100298436403
53.006905498122705
53.295479686000476
53.48172073313293
53.6301940772258
53.571359523853324
53.76326306304616
54.06429287334491
54.202115616784475
54.393334418235916
54.24313467699398
54.20262522798611
54.18332851334977
54.1875435547645
54.18296687436566
54.25762284709465
54.35642481301274
54.80014462449889
55.105938414619665
55.411300167156746
55.474686715900084
55.57857338834623
55.39175463772514
55.1446125297799
54.84674882193845
54.70039292356452
54.759323855009356
54.89700858315287
55.00105570662435
55.04363011977711
54.741319468086076
54.75990484982016
54.302648821129424
54.249968282730066
54.25974696495157
54.079597706643916
54.144733535098155
53.957085808237906
53.694482702716826
53.765716506483336
53.658430743044555
53.76924248269196
53.45563101140728
53.19072662275803
53.28820067035907
53.34417641028249
53.29647893781129
53.220736102247585
53.23472160159908
53.203361878544825
53.19001182938708
53.07048493052238
53.067994957993186
52.89637015919995
53.09735995707651
52.87282922109108
52.8492533241591
53.44823669926101
53.63992470021388
53.69352251363261
53.90772876538626
53.80829186643656
54.07922755272303
53.9411145076846
54.27991664790951
54.30926834560021
54.420667932462976
54.49002932803047
54.42328581176644
54.287498416308516
54.30065288308537
54.0416778572565
54.09712868403351
54.11172695963462
54.045944067602065
54.26774413777865
54.462824949171015
54.611266993169956
54.704264912229185
55.019064473482246
55.03292165973696
54.8487537637655
54.66235150058438
54.49483219403928
54.42273838911982
54.521652328818014
54.67506837538854
54.29207576861636
54.418700441414764
54.281570344168074
54.12439062896101
53.92338513176473
53.90109974403242
52.57252872202427
54.57436389828917
55.00310186147294
54.26103774774162
54.07467825844669
53.44280709332836
54.141060987928164
54.122917183401015
54.32889311284331
53.885995525467166
53.43561436430851
53.9259386433773
53.89485013185438
54.278527468180236
54.571944870356496
54.20314210936517
53.954354016637524
53.87423215025973
54.22043714601715
54.32441995668661
54.421010159344284
53.64231903464338
53.46997413933909
53.26817205676314
53.661242700168806
53.69526475699414
53.72872503815292
53.81495300956371
53.75248002165255
53.91995987653498
54.16682072739229
54.58403114900924
54.80736733809516
55.11537039213371
55.54780526153135
55.40243752142413
55.369152871306554
55.31795510978008
54.73497395979348
55.59606491204023
55.83596643885239
55.93720023047386
55.68505025190392
55.74335216254332
55.9408672562585
55.67452771142684
55.88912717578851
55.81521451995716
55.921750560232844
56.00327743730856
55.66146031801785
55.561818180493766
55.532703848543896
55.44910098794258
55.20152260893997
54.98199977062676
54.67644386184628
54.59583316755849
54.664439252765995
54.57167573468529
54.38702740581388
54.44938371307756
54.55570940259976
54.22758045438464
53.80513602601548
53.76106517214748
53.594060515248415
53.44651769261432
53.28821867121086
53.25165729619064
53.5946987184486
53.76021430709958
53.65132985230729
53.42647995286077
53.32563459201356
53.51159184348251
53.71403414461296
