y
0.08535259808
0.10271509600
0.11254059370
0.12095205150
0.12773183800
0.13352393700
0.13848636750
0.14123287670
0.14288669890
0.14219626350
0.14066321960
0.13716367860
0.13261855050
0.12669887380
0.12305773400
0.11004907520
0.09965428400
0.08829973789
0.07608866966
0.06317660203
0.04922550345
0.03551738435
0.02139866591
0.00669524627
-0.00815360411
-0.02221336527
-0.03718246571
-0.05095901219
-0.06462992092
-0.07207186444
-0.08996085466
-0.10076655540
-0.11541639750
-0.12339172360
-0.13001980140
-0.13536852850
-0.13840420290
-0.14015504020
-0.14044119050
-0.13887703580
-0.13582554930
-0.13086158130
-0.12460598710
-0.11713002090
-0.11316975960
-0.09818009621
-0.08683658840
-0.07418160274
-0.06061603913
-0.04599348279
-0.03098034621
-0.01585977101
-0.00108880818
0.01443397268
0.02912643594
0.04352112584
0.05739449590
0.07103100686
0.08377435622
0.08914410493
0.10586558580
0.11487707060
0.12350218130
0.13055649210
0.13567065350
0.13938196410
0.14146040230
0.14217074670
0.14094115220
0.13861931130
0.13472007580
0.12960728710
0.12257052110
0.11450267490
0.11088868010
0.09423105561
0.08233236095
0.06975514963
0.05646007931
0.04292706715
0.02875244623
0.01487691990
0.00014512216
-0.01471466617
-0.02893603638
-0.04252227983
-0.05607297330
-0.06875953723
-0.08122233946
-0.08645619750
-0.10397947690
-0.11339909890
-0.12147971250
-0.12788281430
-0.13299701430
-0.13623568030
-0.13836330900
-0.13903134180
-0.13818681010
-0.13539548940
-0.13073575890
-0.12503783840
-0.11799428640
-0.10948805450
-0.10544892010
-0.08791931393
-0.07494162491
-0.06169049617
-0.04774861490
-0.03341318419
-0.01864499193
-0.00350680707
0.01149118360
0.02667691969
0.04152705482
0.05618567036
0.07045834897
0.08296057580
0.09511145461
0.09964079531
0.11532141780
0.12371188040
0.13061213980
0.13649068270
0.14061703020
0.14304974420
0.14383717310
0.14327271020
0.14074398980
0.13706748140
0.13162688760
0.12525508210
0.11721448540
0.10729309410
0.10270882330
0.08504620670
0.07223510541
0.05973569003
0.04587530218
0.03173019515
0.01823752154
0.00265697092
-0.01190912463
-0.02620173200
-0.03989512313
-0.05344268339
-0.06619021194
-0.07878631690
-0.09052385282
-0.09593456430
-0.11108563400
-0.11953789630
-0.12629665340
-0.13178236120
-0.13535116210
-0.13749619180
-0.13767199650
-0.13679214470
-0.13412799790
-0.13007305980
-0.12452920710
-0.11726906040
-0.10840389210
-0.09854712688
-0.09353008050
-0.07551788234
-0.06297360268
-0.04949641952
-0.03568871520
-0.02120035394
-0.00632729992
0.00853785294
0.02340525124
0.03837655570
0.05299846653
0.06723430353
0.08072031590
0.09287365630
0.10339442190
0.10786096580
0.12190830860
0.12953863370
0.13538474810
0.14024658780
0.14328116290
0.14491890850
0.14482728520
0.14275332380
0.13947056270
0.13413079410
0.12775695010
0.12040729910
0.11150835080
0.10123203520
0.09620262590
0.07839961748
0.06524615081
0.05191854086
0.03790881005
0.02335862458
0.00846899580
-0.00659862994
-0.02098425358
-0.03567606564
-0.04935960515
-0.06254550335
-0.07580528578
-0.08822765392
-0.09980767248
-0.10511408310
-0.11849324100
-0.12561912350
-0.13150630120
-0.13547884610
-0.13799901250
-0.13852750460
-0.13748858390
-0.13528281170
-0.13139095050
-0.12613310540
-0.11923798180
-0.11084164300
-0.10120291930
-0.08982370828
-0.08395317101
-0.06428316015
-0.04972976996
-0.03554520124
-0.02069846088
-0.00505137708
0.01058538048
0.02532457110
0.04017487254
0.05451100993
0.06814284703
0.08090053383
0.09322904446
0.10381681460
0.11374185680
0.11785654830
0.13007422220
0.13645387770
0.14089128690
0.14385254240
0.14576840370
0.14491280790
0.14380646060
0.14048242950
0.13585744480
0.12972636250
0.12223352580
0.11323342120
0.10279747600
0.09202469959
0.08544959090
0.06735136416
0.05359740931
0.04041587390
0.02624400174
0.01117790925
-0.00374152892
-0.01827813529
-0.03325964211
-0.04768531232
-0.06139044617
-0.07427679048
-0.08650502878
-0.09768628008
-0.10781332530
-0.11285606160
-0.12386367230
-0.12965858070
-0.13405213140
-0.13689600500
-0.13817708620
-0.13814124440
-0.13616155560
-0.13274467800
-0.12760599730
-0.12084712970
-0.11263428950
-0.10298381020
-0.09159469597
-0.07949094076
-0.07308449743
-0.05334956789
-0.03948829277
-0.02423976604
-0.00884306137
0.00662670466
0.02166003305
0.03618767709
0.05092253207
0.06465726869
0.07779269149
0.08966874712
0.10137786970
0.11116599480
0.12004922830
0.12435045630
0.13446481810
0.13947602000
0.14278514320
0.14441004020
0.14430151470
0.14315807600
0.14013771690
0.13562458210
0.12975036020
0.12267872420
0.11390186030
0.10255999910
0.09200477708
0.08054798875
0.07346887636
0.05445678852
0.04095846153
0.02664304260
0.01220467857
-0.00220768265
-0.01689274714
-0.03188850610
-0.04597500818
-0.05967658849
-0.07303572710
-0.08544268538
-0.09693964888
-0.10677534170
-0.11588552560
-0.12030819510
-0.13003522630
-0.13501108430
-0.13826144060
-0.13978653490
-0.13988882760
-0.13838371950
-0.13543099770
-0.13016321830
-0.12402462680
-0.11595353910
-0.10680000640
-0.09613908961
-0.08422598606
-0.07126630148
-0.06376127841
-0.04384393074
-0.02862391978
-0.01325936825
0.00164461727
0.01740307235
0.03199335499
0.04679956971
0.06077196616
0.07367243721
0.08625870648
0.09787719208
0.10789938710
0.11688827180
0.12492604290
0.12894478500
0.13650509350
0.14029685320
0.14252246320
0.14326289620
0.14246406060
0.13953808420
0.13523068800
0.12954654480
0.12231244360
0.11376245810
0.10379017330
0.09328082853
0.08152013207
0.06871297646
0.06077231768
0.04206494571
0.02810201665
0.01391120033
-0.00077053190
-0.01494976241
-0.02962504168
-0.04413484430
-0.05780255697
-0.07136877226
-0.08411187400
-0.09560702737
-0.10599622540
-0.11536118680
-0.12333263900
-0.12717529520
-0.13437007560
-0.13768655850
-0.13935512010
-0.13922508550
-0.13759656940
-0.13448680120
-0.13009063760
-0.12401117020
-0.11658282160
-0.10729442180
-0.09683798375
-0.08556959419
-0.07272863954
-0.05914802748
-0.05097132248
-0.03017952654
-0.01507926733
0.00072497167
0.01540529074
0.03024789526
0.04464449080
0.05874762827
0.07209386806
0.08450381638
0.09635507940
0.10690802390
0.11614370110
0.12425242920
0.13123932160
0.13423035720
0.14025282880
0.14236971830
0.14291568040
0.14235023420
0.14009774800
0.13558483100
0.12993533130
0.12311483340
0.11453237060
0.10493933920
0.09351903899
0.08209916899
0.06950393194
0.05670709592
0.04824213941
0.02858389525
0.01483943239
0.00030012739
-0.01449351039
-0.02846491464
-0.04215499546
-0.05559223333
-0.06865875996
-0.08076988530
-0.09299250966
-0.10320967090
-0.11266780860
-0.12076911430
-0.12777600420
-0.13105033930
-0.13660168490
-0.13861738160
-0.13914304580
-0.13776917190
-0.13482270510
-0.13011290860
-0.12403155520
-0.11651811640
-0.10681806200
-0.09694887957
-0.08642433085
-0.07446979912
-0.06153079388
-0.04802501114
-0.04034206591
-0.01938945662
-0.00431437942
0.00957049897
0.02457554839
0.03923860313
0.05307234493
0.06671581384
0.07914140333
0.09131986854
0.10224242860
0.11230992210
0.12090205740
0.12808627300
0.13412410800
0.13648234730
0.14167902790
0.14257064810
0.14226000510
0.14012806670
0.13641505160
0.13198026110
0.12545231910
0.11680748690
0.10703435340
0.09648203432
0.08468929415
0.07221309269
0.05930595391
0.04650141277
0.04016923313
0.01838977063
0.00401067385
-0.01042322631
-0.02473936474
-0.03889681370
-0.05257924435
-0.06592920097
-0.07865200339
-0.09078122023
-0.10148977290
-0.11074337420
-0.11926067010
-0.12605876160
-0.13172527510
-0.13393010280
-0.13822380990
-0.13908692100
-0.13849548760
-0.13613596960
-0.13174368350
-0.12628762680
-0.11900298670
-0.10979566090
-0.10004479270
-0.08827233771
-0.07590983459
-0.06254531746
-0.04858745574
-0.03410816933
-0.02678130959
-0.00414596779
0.01058684412
0.02583710806
0.04048066576
0.05446197272
0.06815309489
0.08056057469
0.09228411886
0.10334427060
0.11325228050
0.12148785320
0.12884718820
0.13463624410
0.13877718080
0.14067927530
0.14359153230
0.14297098680
0.14034698330
0.13676401510
0.13137413700
0.12521345430
0.11754311330
0.10849402690
0.09804829945
0.08669230623
0.07380628668
0.06062868410
0.04726055532
0.03325814581
0.02711612759
0.00438996773
-0.00975477787
-0.02408867039
-0.03813627527
-0.05237222234
-0.06572997291
-0.07884625554
-0.09099987052
-0.10150126460
-0.11121163390
-0.11974906360
-0.12704102180
-0.13267376230
-0.13678814020
-0.13816463670
-0.14057188230
-0.13984464080
-0.13759112150
-0.13329133050
-0.12801274320
-0.12093778270
-0.11264405250
-0.10288373800
-0.09170247273
-0.07962316528
-0.06674864583
-0.05252340172
-0.03776848964
-0.02221804725
-0.01556695883
0.00756540333
0.02299269827
0.03813144381
0.05222317141
0.06599390024
0.07831656224
0.09036210831
0.10179627310
0.11158490890
0.12042795770
0.12774878810
0.13354193240
0.13793212520
0.14068369920
0.14175889640
0.14222111790
0.14034799520
0.13699850560
0.13192404190
0.12560420790
0.11762424910
0.10863725870
0.09828721657
0.08676844980
0.07411660158
0.06105726304
0.04737839560
0.03406314042
0.01953013430
0.01389148854
-0.00919538769
-0.02318058694
-0.03735719712
-0.05095349126
-0.06395498992
-0.07666181765
-0.08893125372
-0.09939516435
-0.10908284340
-0.11737948490
-0.12414817840
-0.12994587270
-0.13452009010
-0.13748641080
-0.13824832380
-0.13842589840
-0.13660501290
-0.13309205140
-0.12780970410
-0.12105535200
-0.11287635140
-0.10316275420
-0.09245947779
-0.08055600155
-0.06761619527
-0.05414991466
-0.03980454556
-0.02531560387
-0.01040623083
-0.00403868648
0.01942642233
0.03478487136
0.04916226854
0.06287382954
0.07565296458
0.08796985427
0.09954384792
0.11006268230
0.11923519210
0.12691144250
0.13339467160
0.13848597620
0.14164818010
0.14347347730
0.14381116330
0.14203399220
0.13871746320
0.13366505400
0.12802057030
0.11657483350
0.10711486270
0.09677967840
0.08478473103
0.07228930403
0.05922681968
0.04503520388
0.03094508597
0.01629625104
0.00132851672
-0.00662134602
-0.02797258190
-0.04154339170
-0.05449652770
-0.06840669410
-0.08113158897
-0.09269392438
-0.10319601090
-0.11284973420
-0.12114720680
-0.12776612180
-0.13319937140
-0.13682606520
-0.13894810820
-0.13968796270
-0.13966310500
-0.13606497520
-0.13175050970
-0.12625842430
-0.11887986440
-0.11000984990
-0.09985480231
-0.08814139148
-0.07598334187
-0.06291743050
-0.04919483152
-0.03495414728
-0.02046007337
-0.00590507873
0.00974159106
0.01855306371
0.03996463124
0.05416221580
0.06828253160
0.08012959658
0.09202554486
0.10295790190
0.11282979710
0.12141996350
0.12877032440
0.13477481520
0.13908870160
0.14220088040
0.14345884730
0.14312945850
0.14211353740
0.13791313390
0.13307391140
0.12608694000
0.11816635390
0.10794540190
0.09730646188
0.08667605530
0.07412096484
0.06113751071
0.04805529777
0.03391818443
0.01984990504
0.00521965346
-0.00961232393
-0.01690458232
-0.03893170787
-0.05228733907
-0.06570774035
-0.07789797238
-0.08954145034
-0.09974649147
-0.10968959400
-0.11794629900
-0.12472067940
-0.13064931000
-0.13505801920
-0.13776635330
-0.13847720020
-0.13771872760
-0.13710381300
-0.13082810730
-0.12538722440
-0.11804776990
-0.10948828940
-0.09927143576
-0.08869493516
-0.07695516368
-0.06373605276
-0.05010451851
-0.03598571702
-0.02055892897
-0.00563709862
0.00919270998
0.02408082414
0.03181178238
0.05397558427
0.06797155012
0.08026153831
0.09170665808
0.10387818040
0.11371128410
0.12276328180
0.13046826850
0.13653045280
0.14067004500
0.14376403960
0.14476927430
0.14423290560
0.14244450370
0.14085093490
0.13420611890
0.12769111240
0.11973764460
0.11082576890
0.10065092930
0.08885391316
0.07669088296
0.06399184280
0.05109156701
0.03700618708
0.02332441434
0.00854093052
-0.00619733753
-0.02032806142
-0.02640843646
-0.04883944698
-0.06352857674
-0.07667521123
-0.08863639129
-0.09936176218
-0.10883964050
-0.11732666230
-0.12474351710
-0.13009846810
-0.13441765540
-0.13693635200
-0.13821662800
-0.13766565780
-0.13544167790
-0.13403795140
-0.12606476300
-0.11899790380
-0.11053130590
-0.10060287900
-0.08952558706
-0.07732358672
-0.06456504561
-0.05078579975
-0.03618174792
-0.02133186866
-0.00701939835
0.00826062126
0.02325210563
0.03836558161
0.04473483151
0.06700023308
0.07870059447
0.09076516679
0.10177071890
0.11217061490
0.12138854320
0.12892222500
0.13556030530
0.13988712410
0.14311079840
0.14448480920
0.14441478340
0.14277454610
0.13930817380
0.13775362690
0.12830576190
0.12070525110
0.11205236160
0.10242616120
0.09124539451
0.07975908117
0.06692993195
0.05364421751
0.04059797854
0.02647828771
0.01199460676
-0.00305020637
-0.01763777042
-0.03227842658
-0.03831315677
-0.06014028578
-0.07319302415
-0.08546549454
-0.09699061612
-0.10681238250
-0.11574182320
-0.12317227110
-0.12934493040
-0.13375128360
-0.13674186110
-0.13770173680
-0.13757512130
-0.13550974100
-0.13188999360
-0.12940479870
-0.11974163250
-0.11133039940
-0.10149385130
-0.09044359068
-0.07815075300
-0.06540800605
-0.05158193973
-0.03690678210
-0.02211626814
-0.00664815825
0.00775943799
0.02272570847
0.03724987858
0.05161249991
0.05719306478
0.07746410656
0.08937714972
0.10047637840
0.11027149250
0.11962960390
0.12735016970
0.13369341600
0.13809971480
0.14173661450
0.14361281150
0.14399915330
0.14240643920
0.13929547560
0.13487336830
0.13291964930
0.12093473350
0.11199954060
0.10249373180
0.09243950969
0.08087614105
0.06816096271
0.05462074012
0.04100199383
0.02719361598
0.01200082942
-0.00232552961
-0.01707734450
-0.03093734629
-0.04488127035
-0.05088948211
-0.07110821618
-0.08330630953
-0.09472720645
-0.10467594430
-0.11361072450
-0.12174843500
-0.12849474000
-0.13305805700
-0.13625326850
-0.13747593890
-0.13747749800
-0.13546041340
-0.13233769860
-0.12706289790
-0.12412622860
-0.11283705430
-0.10321672370
-0.09245385049
-0.08093786625
-0.06818438007
-0.05535760071
-0.04153405220
-0.02708323493
-0.01206373899
0.00314560930
0.01789452694
0.03170218913
0.04603074924
0.06106222527
0.06642020469
0.08590310948
0.09713506169
0.10793934360
0.11738028480
0.12527757060
0.13206027980
0.13725218530
0.14083428750
0.14314083730
0.14395058410
0.14347807890
0.14086291570
0.13709216440
0.13238836100
0.12976719120
0.11707980000
0.10742813650
0.09646642398
0.08464673898
0.07237603802
0.05978606000
0.04667923347
0.03341712106
0.01895462147
0.00488528203
-0.01011791332
-0.02486028668
-0.03978783587
-0.05358271588
-0.06027906086
-0.07970270364
-0.09166368907
-0.10277731590
-0.11203278170
-0.12018114520
-0.12641326590
-0.13154282000
-0.13456102220
-0.13655704570
-0.13682999890
-0.13567570920
-0.13239759130
-0.12738062240
-0.12156640200
-0.11731313690
-0.10442065980
-0.09413139391
-0.08251576649
-0.07024628545
-0.05693454957
-0.04299352526
-0.02798419575
-0.01255277567
0.00242420934
0.01719836782
0.03134022143
0.04531700165
0.06027591445
0.07274166517
0.08013951342
0.09658020429
0.10738849170
0.11673267930
0.12531609610
0.13217772160
0.13744564680
0.14127825220
0.14346156080
0.14418592750
0.14316545340
0.14048116540
0.13640431950
0.13103724010
0.12426734660
0.11975287250
0.10662585110
0.09653607441
0.08509547894
0.07265419714
0.05946071740
0.04611698134
0.03212602936
0.01764138949
0.00117934077
-0.01361426015
-0.02769468217
-0.04162018788
-0.05522442485
-0.06826316559
-0.07561725069
-0.09262555158
-0.10319681280
-0.11282780750
-0.12079739280
-0.12730383350
-0.13271449770
-0.13637970800
-0.13880761820
-0.13963200400
-0.13897407840
-0.13637441240
-0.13241607480
-0.12666159400
-0.11945480140
-0.11482520470
-0.10034916560
-0.08894072259
-0.07644662292
-0.06327699805
-0.05048313449
-0.03642160799
-0.02148220824
-0.00594830269
0.00944703016
0.02454397187
0.03928499450
0.05455586358
0.06883430393
0.08135666404
0.08787646884
0.10339867410
0.11330601990
0.12171094600
0.12916666800
0.13521843790
0.13965103800
0.14248692670
0.14364826420
0.14319191430
0.14108860890
0.13744146720
0.13172810550
0.12470589210
0.11635948300
0.11114366500
0.09620182847
0.08476757657
0.07148737113
0.05792692787
0.04289741243
0.02908792184
0.01350019813
-0.00082791984
-0.01574422875
-0.02982238429
-0.04369674547
-0.05695235891
-0.06963912580
-0.08175764127
-0.08770782042
-0.10393372300
-0.11337403180
-0.12139320400
-0.12800973070
-0.13343855110
-0.13753781450
-0.13959342920
-0.14030160670
-0.13927587350
-0.13673236400
-0.13265899230
-0.12743132890
-0.12050884970
-0.11179535960
-0.10593636680
-0.09095120660
-0.07935403876
-0.06656558474
-0.05358848121
-0.03961597834
-0.02508046270
-0.01003843558
0.00491152748
0.02000329710
0.03446517512
0.04817210387
0.06177124332
0.07491862807
0.08684583139
0.09353492561
0.10807841620
0.11707088850
0.12493796220
0.13081781910
0.13593250100
0.13874602680
0.14068330710
0.14086213290
0.13893629960
0.13599439920
0.13050107720
0.12466150590
0.11698810180
0.10826122170
0.10385783900
0.08620085327
0.07329328629
0.06039095243
0.04649922682
0.03204585157
0.01741183910
0.00173622858
-0.01326211324
-0.02742550473
-0.04180047783
-0.05554288243
-0.06898377113
-0.08162485525
-0.09315154772
-0.09829994079
-0.11429212830
-0.12220901580
-0.12920512790
-0.13442515930
-0.13831245880
-0.14055055140
-0.14136651130
-0.14069922710
-0.13833687490
-0.13384719450
-0.12836003680
-0.12093959380
-0.11253531860
-0.10197071000
-0.09656845154
-0.07878787748
-0.06514861031
-0.05170881698
-0.03686379032
-0.02225171513
-0.00718345899
0.00773495179
0.02262390642
0.03766017903
0.05142357064
0.06532660784
0.07782164478
0.09001686858
0.10102900480
0.10657624900
0.12023656380
0.12747507090
0.13388934960
0.13844280970
0.14174765480
0.14301312020
0.14276067400
0.14097955040
0.13789157640
0.13316115360
0.12667243930
0.11923824110
0.11042947580
0.09999794966
0.09526871197
0.07638766130
0.06300291373
0.04921215356
0.03542352469
0.02078149342
0.00649031754
-0.00853304426
-0.02372138038
-0.03838361689
-0.05241197877
-0.06599985314
-0.07916310704
-0.09141247925
-0.10258768300
-0.10729108180
-0.12071143500
-0.12770064830
-0.13288508860
-0.13716513340
-0.14004508840
-0.14105377570
-0.14043646400
-0.13807997960
-0.13425657510
-0.12933039960
-0.12291525210
-0.11476065480
-0.10511609810
-0.09367316501
-0.08817366717
-0.06878705514
-0.05500013199
-0.04061563277
-0.02586223542
-0.01115221409
0.00319425847
0.01791392672
0.03348417027
0.04799928556
0.06133832469
0.07525099963
0.08713612114
0.09890445409
0.10941411880
0.11402107940
0.12634998220
0.13230295440
0.13739372010
0.14070281790
0.14246131200
0.14240068210
0.14115935120
0.13745921800
0.13241010250
0.12619250520
0.11851830350
0.10968746960
0.09920967509
0.08773009819
0.08226717201
0.06329238243
0.04858084899
0.03478907474
0.02054751926
0.00650821927
-0.00834351536
-0.02262625804
-0.03663424615
-0.05060439887
-0.06416238611
-0.07673565565
-0.08847028968
-0.09919148976
-0.10899318610
-0.11296065290
-0.12427606450
-0.13061293260
-0.13514510800
-0.13820556790
-0.13975320360
-0.13977756760
-0.13805824730
-0.13467038370
-0.12950270500
-0.12306396130
-0.11542032210
-0.10632883740
-0.09509451420
-0.08322718817
-0.07785273826
-0.05697050188
-0.04304393925
-0.02844551074
-0.01372748038
0.00176112125
0.01699773558
0.03186375178
0.04636893991
0.06004523938
0.07373015377
0.08559324898
0.09693061598
0.10730413060
0.11640168920
0.12007206750
0.13376968110
0.13869562480
0.14182149850
0.14278052050
0.14263250200
0.13981107230
0.13625765970
0.13141282730
0.12457021380
0.11677758360
0.10682445280
0.09611171722
0.08465426524
0.07265519035
0.06652347176
0.04363805379
0.02927371619
0.01495742483
-0.00112339282
-0.01536164664
-0.02887492215
-0.04292291791
-0.05697555687
-0.06976975214
-0.08217476383
-0.09369102258
-0.10396456180
-0.11357569770
-0.12132487330
-0.12466426040
-0.13440805500
-0.13828170440
-0.14044387660
-0.14140534080
-0.14035097290
-0.13846328950
-0.13436443260
-0.12978342840
-0.12302210310
-0.11481388810
-0.10499849540
-0.09377510563
-0.08153383902
-0.06923741196
-0.06117783782
-0.04128724434
-0.02594233205
-0.01059478822
0.00433747682
0.01934083510
0.03426576404
0.04831135352
0.06227750194
0.07526096167
0.08702084017
0.09818435922
0.10830708840
0.11733023510
0.12527561780
0.12955203680
0.13642170820
0.14024165290
0.14180428420
0.14165483510
0.13975133050
0.13659727730
0.12913198570
0.12701976670
0.12000142720
0.10947004140
0.09765107405
0.08542019770
0.07356004851
0.06059668740
0.05477969404
0.03200319644
0.01794041861
0.00276704924
-0.01157752957
-0.02722229361
-0.04160738717
-0.05521659592
-0.06745408872
-0.08039524207
-0.09239489208
-0.10375405740
-0.11343345180
-0.12083859970
-0.12756785680
-0.12990402410
-0.13771050400
-0.14017204510
-0.14108866660
-0.14038593810
-0.13789286160
-0.13380354870
-0.12831334120
-0.12217206550
-0.11454483960
-0.10504573320
-0.09524083971
-0.08336895054
-0.07058156362
-0.05680545295
-0.04955994257
-0.02841465782
-0.01302787408
0.00159792455
0.01715416421
0.03146225582
0.04600871522
0.06005958331
0.07419161152
0.08678954692
0.09881339564
0.10958417010
0.11862827510
0.12640318430
0.13307954000
0.13582430960
0.14141645650
0.14300217410
0.14267427780
0.14107387340
0.13808754930
0.13325852350
0.12701122560
0.11980760210
0.11148128300
0.10109215850
0.08977178467
0.07778823352
0.06489332628
0.05106249530
0.04512174801
0.02179207508
0.00710457050
-0.00691866433
-0.02136538045
-0.03640365065
-0.05146685976
-0.06497490579
-0.07801153694
