t	x	y
0.00000000000	0.08855451440	0.04001828328
0.01664968956	0.09500056316	0.01740096028
0.02497453434	0.09642539398	0.00118034075
0.03329937912	0.09505174256	-0.01443165646
0.04162422390	0.09090839034	-0.02977757327
0.04994906868	0.08394844677	-0.04357493712
0.05827391347	0.07546218788	-0.05667354586
0.06659875825	0.06470219799	-0.06879112722
0.07492360303	0.05288900085	-0.07842646414
0.08324844781	0.03969837631	-0.08676588393
0.09157329259	0.02535027171	-0.09229672822
0.09989813737	0.00982037614	-0.09539106258
0.10822298210	-0.00608008852	-0.09554689357
0.11654782690	-0.02207017711	-0.09310472941
0.12487267170	-0.03755368059	-0.08832079201
0.13319751650	-0.05175445718	-0.08133506357
0.14152236130	-0.06437384379	-0.07216316490
0.14984720610	-0.07594155184	-0.06094116772
0.15817205080	-0.08499499822	-0.04823830826
0.16649689560	-0.09215983885	-0.03382629504
0.17482174040	-0.09707651583	-0.01907006351
0.18314658520	-0.09936237828	-0.00345146098
0.19147143000	-0.09904077737	0.01193765740
0.19979627470	-0.09649206578	0.02728270622
0.20812111950	-0.09144113334	0.04167938016
0.21644596430	-0.08453135233	0.05490893279
0.22477080910	-0.07587377154	0.06689789464
0.23309565390	-0.06504983413	0.07773972833
0.24142049860	-0.05311894769	0.08651620444
0.24974534340	-0.03992513491	0.09336012329
0.25807018820	-0.02571906281	0.09796687158
0.26639503300	-0.01082792532	0.10058725380
0.27846605790	0.01256238090	0.09998862260
0.28679090270	0.02728076236	0.09641581559
0.29511574750	0.04162912512	0.09091810824
0.30344059230	0.05548525831	0.08343593903
0.31176543700	0.06726411143	0.07345118744
0.32009028180	0.07722978893	0.06188544225
0.32841512660	0.08553994422	0.04959884974
0.33673997140	0.09197886360	0.03520971438
0.34506481620	0.09598814038	0.02002265798
0.35338966090	0.09783946159	0.00384318069
0.36171450570	0.09666495092	-0.01241889536
0.37003935050	0.09308380744	-0.02748262486
0.37836419530	0.08693931673	-0.04226137535
0.38668904010	0.07871341138	-0.05548133110
0.39501388480	0.06852378959	-0.06716593652
0.40333872960	0.05650920066	-0.07746496075
0.41166357440	0.04284464969	-0.08557181047
0.41998841920	0.02800698587	-0.09190048030
0.42831326400	0.01219403167	-0.09508254673
0.43663810880	-0.00379410175	-0.09596927990
0.44496295350	-0.02008280542	-0.09402372131
0.45328779830	-0.03568745233	-0.08948952936
0.46161264310	-0.05044591945	-0.08254743831
0.46993748790	-0.06371311040	-0.07332804704
0.47826233270	-0.07508882029	-0.06222543986
0.48658717740	-0.08482740049	-0.04932296256
0.49491202220	-0.09196605386	-0.03510865599
0.50323686700	-0.09662362581	-0.01996595430
0.51156171180	-0.09917244449	-0.00406080780
0.51988655660	-0.09861287535	0.01149805166
0.52821140130	-0.09591298830	0.02756515447
0.53653624610	-0.09078381262	0.04248083921
0.54486109090	-0.08355704029	0.05591755905
0.55318593570	-0.07476076206	0.06803380175
0.56151078050	-0.06475787243	0.07791900407
0.56983562520	-0.05240436582	0.08684095247
0.57816047000	-0.03914924886	0.09375185914
0.58648531480	-0.02509921902	0.09790747409
0.59481015960	-0.01018916152	0.10035783860
0.60313500440	0.00517794182	0.10074000720
0.61145984910	0.01973817796	0.09876067987
0.61978469390	0.03418654629	0.09448296138
0.62810953870	0.04837348555	0.08748034459
0.63643438350	0.06096325961	0.07860604535
0.64475922830	0.07172301903	0.06791475005
0.65308407310	0.08139199289	0.05562265140
0.66140891780	0.08859551994	0.04231459659
0.66973376260	0.09370508286	0.02769104913
0.67805860740	0.09668629543	0.01195428432
0.68638345220	0.09711368398	-0.00353198871
0.69470829700	0.09488980050	-0.01891516917
0.70303314170	0.09040465805	-0.03395526803
0.71135798650	0.08345669763	-0.04763068680
0.71968283130	0.07439797541	-0.06022405474
0.72800767610	0.06343807812	-0.07150346144
0.73633252090	0.05062871383	-0.08060822016
0.74465736560	0.03657223739	-0.08786351088
0.75298221040	0.02111281840	-0.09270230611
0.76130705520	0.00515148660	-0.09505671534
0.76963190000	-0.01101304907	-0.09487508501
0.77795674480	-0.02702175369	-0.09218104503
0.78628158950	-0.04200924004	-0.08694397897
0.79460643430	-0.05637538955	-0.07918051781
0.80251503690	-0.06880627661	-0.06908582998
0.81083988160	-0.07969912770	-0.05719473936
0.81916472640	-0.08858564113	-0.04386443708
0.82748957120	-0.09472982750	-0.02903969682
0.83581441600	-0.09877290798	-0.01378047152
0.84413926080	-0.10022145020	0.00168310707
0.85246410550	-0.09881086345	0.01698307551
0.86078895030	-0.09545220187	0.03206262263
0.86911379510	-0.08976073807	0.04576491464
0.87743863990	-0.08185927961	0.05871724575
0.88576348470	-0.07266382567	0.07035307831
0.89408832950	-0.06132570260	0.08049958672
0.90241317420	-0.04897070154	0.08879879538
0.91073801900	-0.03549485365	0.09503184727
0.91906286380	-0.02091714114	0.09894266696
0.92738770860	-0.00578470974	0.10084493460
0.93571255340	0.00949900194	0.10009818270
0.94403739810	0.02484822462	0.09694011439
0.95236224290	0.03913357657	0.09143927761
0.96068708770	0.05294647851	0.08355089436
0.96901193250	0.06503194895	0.07370342580
0.97733677730	0.07536647267	0.06246828507
0.98566162200	0.08365221211	0.05000554734
0.99398646680	0.09018372910	0.03538381714
1.00231131200	0.09451698381	0.02068170044
1.01063615600	0.09628120329	0.00442726674
1.01896100100	0.09578876786	-0.01048835831
1.02728584600	0.09287766405	-0.02560129425
1.03561069100	0.08698518927	-0.04072724924
1.04393553600	0.07939457936	-0.05328707365
1.05226038000	0.06917909802	-0.06590415596
1.06058522500	0.05745316686	-0.07611639403
1.06891007000	0.04426601664	-0.08453121860
1.07723491500	0.03023333891	-0.09047891342
1.08555975900	0.01473052871	-0.09439907330
1.09388460400	-0.00083948388	-0.09556045241
1.10220944900	-0.01695603455	-0.09438449084
1.11053429400	-0.03257017945	-0.09062026085
1.11885913900	-0.04722909271	-0.08442418784
1.12718398300	-0.06108178887	-0.07582392799
1.13550882800	-0.07295257049	-0.06503802112
1.14383367300	-0.08319876195	-0.05235138512
1.15215851800	-0.09127609113	-0.03827484234
1.16048336200	-0.09701787818	-0.02311220105
1.16880820700	-0.10004670220	-0.00805203557
1.17713305200	-0.10059971240	0.00699627293
1.18545789700	-0.09858446009	0.02174552719
1.19378274200	-0.09461515113	0.03651332234
1.20210758600	-0.08834785841	0.05026303333
1.21043243100	-0.08025837106	0.06287385121
1.21875727600	-0.07028970093	0.07453769582
1.22708212100	-0.05853588707	0.08364609668
1.23540696500	-0.04510254898	0.09144655898
1.24373181000	-0.03078192891	0.09687864827
1.25205665500	-0.01566234184	0.09967872793
1.26038150000	-0.00021977454	0.10071522970
1.26870634500	0.01490137238	0.09908475739
1.27703118900	0.02979603166	0.09549368339
1.28535603400	0.04404386932	0.08970930227
1.29326463700	0.05708285419	0.08105395596
1.30158948100	0.06903927192	0.07089995590
1.30991432600	0.07843028856	0.05888113001
1.31823917100	0.08700255010	0.04537813023
1.32656401600	0.09255936679	0.03102096437
1.33488886100	0.09559318058	0.01579561414
1.34321370500	0.09667849285	-0.00065452510
1.35153855000	0.09502658135	-0.01579884668
1.35986339500	0.09080966898	-0.03063212523
1.36818824000	0.08420368360	-0.04481291750
1.37651308400	0.07577680571	-0.05742944402
1.38483792900	0.06515667821	-0.06926206214
1.39316277400	0.05255870018	-0.07903246696
1.40148761900	0.03920198386	-0.08660910754
1.40981246400	0.02435934991	-0.09189029206
1.41813730800	0.00839888183	-0.09472762162
1.42646215300	-0.00721933468	-0.09512104888
1.43478699800	-0.02327174143	-0.09284734065
1.44311184300	-0.03843106998	-0.08827887621
1.45143668800	-0.05253274872	-0.08130762112
1.45976153200	-0.06535178555	-0.07201371127
1.46808637700	-0.07651734936	-0.06120188495
1.47641122200	-0.08579414722	-0.04834113679
1.48473606700	-0.09298703913	-0.03443577239
1.49306091100	-0.09755767791	-0.01991319705
1.50138575600	-0.09994579571	-0.00452679909
1.50971060100	-0.09975470887	0.01080168953
1.51803544600	-0.09702250650	0.02550063150
1.52636029100	-0.09245878934	0.03984036057
1.53468513500	-0.08553657048	0.05353179096
1.54300998000	-0.07688468554	0.06582179583
1.55133482500	-0.06664676356	0.07673178040
1.55965967000	-0.05467470160	0.08548429267
1.56798451400	-0.04125816237	0.09266269328
1.57630935900	-0.02696780198	0.09764153803
1.58463420400	-0.01178239570	0.09997275168
1.59295904900	0.00370820415	0.10035965150
1.60128389400	0.01919317323	0.09827176382
1.60960873800	0.03416086983	0.09377016406
1.61793358300	0.04812276671	0.08703036179
1.62625842800	0.06013400065	0.07855390050
1.63458327300	0.07087347764	0.06809821258
1.64290811700	0.08002687703	0.05573828487
1.65123296200	0.08699011278	0.04242837706
1.65955780700	0.09209092246	0.02754576887
1.66788265200	0.09483774162	0.01202514295
1.67620749700	0.09509611737	-0.00429036276
1.68453234100	0.09266984503	-0.02012996241
1.69285718600	0.08760544292	-0.03523038302
1.70118203100	0.08009412299	-0.04945148856
1.70950687600	0.07086221893	-0.06188665227
1.71783172100	0.05963177226	-0.07293264296
1.72615656500	0.04746227869	-0.08194836405
1.73448141000	0.03304920032	-0.08868218641
1.74280625500	0.01832903266	-0.09325020219
1.75113110000	0.00325676929	-0.09513476240
1.75945594400	-0.01200088077	-0.09464106962
1.76778078900	-0.02719648324	-0.09218055467
1.77610563400	-0.04154184276	-0.08694434137
1.78443047900	-0.05538804221	-0.07980576756
1.79275532400	-0.06747934041	-0.07012846737
1.80108016800	-0.07850301493	-0.05852533150
1.80940501300	-0.08763429120	-0.04527204852
1.81772985800	-0.09419938943	-0.03098794352
1.82605470300	-0.09916528585	-0.01553691231
1.83396330500	-0.10073813680	-0.00011693961
1.84228815000	-0.10027742490	0.01556822438
1.85061299500	-0.09698099783	0.03039427023
1.85893784000	-0.09181039877	0.04458814853
1.86726268400	-0.08425613386	0.05759212353
1.87558752900	-0.07501976055	0.06968121148
1.88391237400	-0.06404632683	0.08018047452
1.89223721900	-0.05135656007	0.08858837706
1.90056206300	-0.03781506364	0.09503078264
1.90888690800	-0.02299989364	0.09905421283
1.91721175300	-0.00770053323	0.10095575610
1.92553659800	0.00792987692	0.10062245370
1.93386144300	0.02327249853	0.09790258474
1.94218628700	0.03768508273	0.09273004235
1.95051113200	0.05116113379	0.08539439658
1.95883597700	0.06324209287	0.07603512394
1.96716082200	0.07381210260	0.06472107568
1.97548566600	0.08245766079	0.05216144744
1.98381051100	0.08926185162	0.03770250100
1.99213535600	0.09387585910	0.02251678509
2.00046020100	0.09584301851	0.00636043864
2.00878504600	0.09527221453	-0.01021773721
2.01710989000	0.09151714418	-0.02544156808
2.02543473500	0.08570014335	-0.04020760795
2.03375958000	0.07732165436	-0.05406128250
2.04208442500	0.06779502310	-0.06535022585
2.05040926900	0.05602151905	-0.07562379968
2.05873411400	0.04310700908	-0.08417919883
2.06705895900	0.02904385683	-0.09044040181
2.07538380400	0.01391660968	-0.09405716137
2.08370864900	-0.00135047191	-0.09541178630
2.09203349300	-0.01738490054	-0.09416898131
2.10035833800	-0.03261134907	-0.09048436859
2.10868318300	-0.04768885337	-0.08432368261
2.11700802800	-0.06101938586	-0.07606578001
2.12533287300	-0.07291403085	-0.06532160803
2.13365771700	-0.08277667813	-0.05342658085
2.14198256200	-0.09107761829	-0.03973352014
2.15030740700	-0.09640454971	-0.02522822439
2.15863225200	-0.09967376290	-0.01012314508
2.16695709600	-0.10046538390	0.00515297926
2.17528194100	-0.09875976707	0.02001187436
2.18360678600	-0.09480823904	0.03459739788
2.19193163100	-0.08904935500	0.04819122606
2.20025647600	-0.08093521078	0.06056860047
2.20858132000	-0.07128807602	0.07208402227
2.21690616500	-0.05990246798	0.08185736916
2.22523101000	-0.04681246001	0.08970866390
2.23355585500	-0.03326469794	0.09564148633
2.24188069900	-0.01847600586	0.09915336837
2.25020554400	-0.00311141921	0.10053889690
2.25853038900	0.01243983614	0.09967717104
2.26685523400	0.02777031857	0.09624179389
2.27518007900	0.04188339932	0.09041979067
2.28350492300	0.05470787956	0.08247918110
2.29182976800	0.06624850992	0.07259052667
2.30015461300	0.07630266033	0.06061415912
2.30847945800	0.08447101093	0.04812909315
2.31680430200	0.09061937353	0.03320608112
2.32512914700	0.09429120180	0.01760530218
2.33345399200	0.09568102460	0.00142510224
2.34177883700	0.09413937538	-0.01382366605
2.35010368200	0.09034867934	-0.02901663129
2.35842852600	0.08353549034	-0.04399979044
2.36675337100	0.07530377949	-0.05685531382
2.37507821600	0.06520180503	-0.06836763811
2.38340306100	0.05275443368	-0.07859541666
2.39131166300	0.03998841487	-0.08594510059
2.39963650800	0.02540522555	-0.09162055130
2.40796135300	0.01024032986	-0.09467031084
2.41628619800	-0.00548485825	-0.09512279053
2.42461104200	-0.02118948423	-0.09349998833
2.43293588700	-0.03647671683	-0.08909910916
2.44126073200	-0.05039257458	-0.08232346753
2.44958557700	-0.06420091819	-0.07325578676
2.45791042200	-0.07544976973	-0.06213497450
2.46623526600	-0.08495161774	-0.04925503473
2.47456011100	-0.09258197711	-0.03550915382
2.48288495600	-0.09711025380	-0.02107873220
2.49120980100	-0.09992935374	-0.00565129554
2.49953464500	-0.10022011590	0.00935675615
2.50785949000	-0.09767628487	0.02405610619
2.51618433500	-0.09353818505	0.03865894357
2.52450918000	-0.08703037481	0.05183164101
2.53283402500	-0.07863889885	0.06412553477
2.54115886900	-0.06860766079	0.07550269908
2.54948371400	-0.05678094756	0.08420709587
2.55780855900	-0.04375407482	0.09139140670
2.56613340400	-0.02971718689	0.09685180321
2.57445824800	-0.01484846384	0.09969927189
2.58278309300	0.00060418434	0.10079588520
2.59110793800	0.01593857903	0.09918382959
2.59943278300	0.03105449866	0.09481026352
2.60775762800	0.04521239848	0.08871674876
2.61608247200	0.05831599547	0.07960479873
2.62440731700	0.06922751258	0.06932403285
2.63273216200	0.07836047852	0.05783007699
2.64105700700	0.08621841775	0.04401514672
2.64938185100	0.09159247954	0.02975982221
2.65770669600	0.09446272678	0.01365848842
2.66603154100	0.09535124734	-0.00207398679
2.67435638600	0.09307576761	-0.01843184731
2.68268123100	0.08839673119	-0.03326773764
2.69100607500	0.08151903163	-0.04736665762
2.69933092000	0.07270350388	-0.06014683991
2.70765576500	0.06152975224	-0.07154219625
2.71598061000	0.04969761079	-0.08035654993
2.72430545500	0.03546502629	-0.08776981594
2.73263029900	0.02066496002	-0.09283934953
2.74095514400	0.00519386242	-0.09513892094
2.74927998900	-0.01005310244	-0.09515308502
2.75760483400	-0.02559201796	-0.09278385307
2.76592967800	-0.04056001954	-0.08763809246
2.77425452300	-0.05501003962	-0.08000318696
2.78257936800	-0.06782967815	-0.07041773327
2.79090421300	-0.07852303393	-0.05887059353
2.79922905800	-0.08795712334	-0.04597522256
2.80755390200	-0.09455692526	-0.03173133210
2.81587874700	-0.09902363777	-0.01675825036
2.82420359200	-0.10086346570	-0.00108872498
2.83252843700	-0.10010166410	0.01395345132
2.84085328100	-0.09685745717	0.02899508806
2.84917812600	-0.09223263864	0.04297829094
2.85750297100	-0.08484701762	0.05602535786
2.86582781600	-0.07594113599	0.06774735635
2.87415266100	-0.06559619852	0.07828810023
2.88247750500	-0.05342133593	0.08640037169
2.89080235000	-0.04038932704	0.09323846171
2.89912719500	-0.02635272668	0.09787830603
2.90703579700	-0.01163480014	0.09980117627
2.91536064200	0.00369230501	0.10025102140
2.92368548700	0.01869808326	0.09787262534
2.93201033200	0.03331606431	0.09325701820
2.94033517700	0.04727849026	0.08647875989
2.94866002100	0.05964944931	0.07722753986
2.95698486600	0.07064786492	0.06624243997
2.96530971100	0.08000564476	0.05428088522
2.97363455600	0.08721951517	0.04043306498
2.98195940000	0.09259202523	0.02546434177
2.99028424500	0.09502157045	0.00968410898
2.99860909000	0.09535470199	-0.00659192652
3.00693393500	0.09233785403	-0.02199902226
3.01525878000	0.08743782640	-0.03682581932
3.02358362400	0.07988226497	-0.05109374579
3.03190846900	0.07050338750	-0.06321839677
3.04023331400	0.05875189618	-0.07422599537
3.04855815900	0.04625296779	-0.08307806869
3.05688300300	0.03217535235	-0.08990145650
3.06520784800	0.01760540682	-0.09392332362
3.07353269300	0.00212134705	-0.09568405407
3.08185753800	-0.01371248444	-0.09508143231
3.09018238300	-0.02938921278	-0.09184566448
3.09850722700	-0.04425567426	-0.08612708696
3.10683207200	-0.05796436426	-0.07835165779
3.11515691700	-0.07012676480	-0.06850500107
3.12348176200	-0.08104013909	-0.05636143441
3.13180660700	-0.08966027130	-0.04302195773
3.14013145100	-0.09574007734	-0.02859842418
3.14845629600	-0.09984601008	-0.01345696688
3.15678114100	-0.10102083230	0.00189704904
3.16510598600	-0.09995180993	0.01695698309
3.17343083000	-0.09637774217	0.03171822027
3.18175567500	-0.09068442346	0.04584227358
3.19008052000	-0.08275713504	0.05936060293
3.19840536500	-0.07326849520	0.07075934826
3.20673021000	-0.06187188049	0.08116911282
3.21505505400	-0.04896308718	0.08934278622
3.22337989900	-0.03493239052	0.09543947444
3.23170474400	-0.02085152613	0.09904046649
3.24002958900	-0.00562532209	0.10064153260
3.24835443300	0.00942052943	0.10021636290
3.25667927800	0.02439268740	0.09728017498
3.26500412300	0.03884740882	0.09178475198
3.27332896800	0.05263430361	0.08410334581
3.28165381300	0.06464301179	0.07454540290
3.28997865700	0.07471632102	0.06279705682
3.29830350200	0.08367716176	0.04982815360
3.30662834700	0.08990865904	0.03567376207
3.31495319200	0.09401440279	0.01991826589
3.32327803600	0.09557550366	0.00462400389
3.33160288100	0.09444847379	-0.01149642604
3.33992772600	0.09099054482	-0.02629355575
3.34825257100	0.08522085012	-0.04081922242
3.35657741600	0.07709653783	-0.05415088237
3.36490226000	0.06714058741	-0.06589485710
3.37322710500	0.05540130875	-0.07634204112
3.38155195000	0.04241357633	-0.08446525718
3.38987679500	0.02788122256	-0.09052355579
3.39820164000	0.01237443386	-0.09388692278
3.40652648400	-0.00268785527	-0.09522357111
3.41485132900	-0.01842923060	-0.09374035665
3.42275993200	-0.03351466978	-0.09014682097
3.43108477600	-0.04845699802	-0.08377497336
3.43940962100	-0.06189034209	-0.07510853581
3.44773446600	-0.07391513654	-0.06426700786
3.45605931100	-0.08382766200	-0.05206348138
3.46438415600	-0.09186876693	-0.03800116525
3.47270900000	-0.09722125386	-0.02321471706
3.48103384500	-0.10013439770	-0.00805405022
3.48935869000	-0.10051608070	0.00684218302
3.49768353500	-0.09845839565	0.02189324711
3.50600837900	-0.09417934683	0.03632473395
3.51433322400	-0.08813846945	0.04986329678
3.52265806900	-0.08005928145	0.06252336097
3.53098291400	-0.07024338035	0.07385424148
3.53930775900	-0.05851890601	0.08341782760
3.54763260300	-0.04579981031	0.09086092103
3.55595744800	-0.03187428161	0.09650208233
3.56428229300	-0.01685287410	0.09976124828
3.57260713800	-0.00165014436	0.10082319780
3.58093198200	0.01353777722	0.09962150772
3.58925682700	0.02865030037	0.09605512015
3.59758167200	0.04292991202	0.08998608335
3.60590651700	0.05555737942	0.08187175725
3.61423136200	0.06724072367	0.07156258241
3.62255620600	0.07701072945	0.05989357031
3.63088105100	0.08516763878	0.04679308778
3.63920589600	0.09119177700	0.03172149617
3.64753074100	0.09464056468	0.01655038857
3.65585558500	0.09575981348	-0.00027956857
3.66418043000	0.09393467312	-0.01550368608
3.67250527500	0.09023274973	-0.03006197044
3.68083012000	0.08337848167	-0.04441938022
3.68915496500	0.07430986591	-0.05774263171
3.69747980900	0.06410288608	-0.06889888853
3.70580465400	0.05215548874	-0.07872663865
3.71412949900	0.03812829012	-0.08637808877
3.72245434400	0.02393937055	-0.09183225905
3.73077918800	0.00773099023	-0.09466867402
3.73910403300	-0.00769916092	-0.09517540616
3.74742887800	-0.02409456431	-0.09290538115
3.75575372300	-0.03881163868	-0.08831239013
3.76407856800	-0.05312333174	-0.08135358163
3.77240341200	-0.06595387215	-0.07175216520
3.78072825700	-0.07691368184	-0.06073251791
3.78905310200	-0.08631823982	-0.04777630758
3.79737794700	-0.09321539801	-0.03395053789
3.80570279200	-0.09779894858	-0.01916686275
3.81402763600	-0.10008075540	-0.00361821312
3.82235248100	-0.10004981290	0.01137754359
3.83067732600	-0.09741830620	0.02638041570
3.83900217100	-0.09290428621	0.04025636651
3.84732701500	-0.08609344837	0.05370517837
3.85565186000	-0.07749059932	0.06573550570
3.86397670500	-0.06711573139	0.07670285809
3.87230155000	-0.05524237927	0.08509544372
3.88062639500	-0.04204177802	0.09217443552
3.88895123900	-0.02776719975	0.09718310088
3.89727608400	-0.01332932336	0.09957373595
3.90560092900	0.00198285220	0.10046395990
3.91392577400	0.01701992355	0.09906367203
3.92225061800	0.03177445098	0.09454454072
3.93057546300	0.04570645792	0.08791340046
3.93890030800	0.05877089083	0.07937205382
3.94722515300	0.06961723197	0.06858847093
3.95554999800	0.07958674478	0.05610938375
3.96387484200	0.08718439678	0.04218528180
3.97219968700	0.09214115094	0.02766161022
3.98010829000	0.09488002231	0.01264375023
3.98843313400	0.09546130676	-0.00357479528
3.99675797900	0.09309794245	-0.01899232417
4.00508282400	0.08820733577	-0.03405090604
4.01340766900	0.08125701896	-0.04759164011
4.02173251400	0.07249236353	-0.06060769629
4.03005735800	0.06175601126	-0.07164589837
4.03838220300	0.04914122660	-0.08098798429
4.04670704800	0.03497828054	-0.08830705440
4.05503189300	0.01974407030	-0.09273230019
4.06335673700	0.00411194828	-0.09498003732
4.07168158200	-0.01158815456	-0.09459373068
4.08000642700	-0.02699576504	-0.09183097797
4.08833127200	-0.04185177276	-0.08652944167
4.09665611700	-0.05566382451	-0.07922854571
4.10498096100	-0.06797897385	-0.06953253394
4.11330580600	-0.07854269651	-0.05800490204
4.12163065100	-0.08760134482	-0.04506069396
4.12995549600	-0.09407556123	-0.03075604486
4.13828034100	-0.09849015446	-0.01597084775
4.14660518500	-0.10050633250	-0.00076489051
4.15493003000	-0.09958498243	0.01481751529
4.16325487500	-0.09652943195	0.02954444605
4.17157972000	-0.09134089819	0.04352369981
4.17990456400	-0.08409306807	0.05661160913
4.18822940900	-0.07480511137	0.06871708685
4.19655425400	-0.06388667434	0.07910336289
4.20487909900	-0.05137674943	0.08743691531
4.21320394400	-0.03762578117	0.09434305567
4.22152878800	-0.02343907082	0.09880200658
4.22985363300	-0.00880809787	0.10071611370
4.23817847800	0.00633792628	0.10066710090
4.24650332300	0.02160877171	0.09796235127
4.25482816700	0.03608631554	0.09318671483
4.26315301200	0.04965725369	0.08557067552
4.27147785700	0.06224567852	0.07624058295
4.27980270200	0.07285813856	0.06516894093
4.28812754700	0.08174333637	0.05261861319
4.29645239100	0.08888056834	0.03871305374
4.30477723600	0.09332430341	0.02360930404
4.31310208100	0.09563093339	0.00787079550
4.32142692600	0.09513643900	-0.00915719672
4.32975177000	0.09195452746	-0.02384471717
4.33807661500	0.08631800431	-0.03874004718
4.34640146000	0.07865777944	-0.05195238014
4.35472630500	0.06930179623	-0.06434081393
4.36305115000	0.05791293858	-0.07467438213
4.37137599400	0.04504123494	-0.08317492835
4.37970083900	0.03071794176	-0.08957363171
4.38802568400	0.01502031764	-0.09328970590
4.39635052900	0.00025825619	-0.09480425007
4.40467537300	-0.01596183557	-0.09384509738
4.41300021800	-0.03166866760	-0.09048178246
4.42132506300	-0.04629261410	-0.08438912712
4.42964990800	-0.05984303365	-0.07629484322
4.43797475300	-0.07193103819	-0.06605853183
4.44629959700	-0.08226624473	-0.05358410418
4.45462444200	-0.09047649834	-0.04011024307
4.46294928700	-0.09606655087	-0.02584117843
4.47127413200	-0.09963242430	-0.01051858852
4.47959897700	-0.10046996800	0.00464796941
4.48792382100	-0.09865221757	0.01950547501
4.49583242400	-0.09479269392	0.03423491131
4.50415726900	-0.08894294472	0.04786516945
4.51248211300	-0.08130568363	0.06068029198
4.52080695800	-0.07200208570	0.07214886262
4.52913180300	-0.06103178708	0.08151394870
4.53745664800	-0.04811961579	0.08907672239
4.54578149300	-0.03472847795	0.09503962712
4.55410633700	-0.02020201671	0.09853405767
4.56243118200	-0.00505619382	0.10003558140
4.57075602700	0.00976544437	0.09961627054
4.57908087200	0.02458703447	0.09662474217
4.58740571600	0.03895911586	0.09112916075
4.59573056100	0.05241010853	0.08354877089
4.60405540600	0.06446480182	0.07368385958
4.61238025100	0.07493338057	0.06197674863
4.62070509600	0.08363171010	0.04928907386
4.62902994000	0.08949456162	0.03494706106
4.63735478500	0.09388764632	0.01974186671
4.64567963000	0.09536772899	0.00370987679
4.65400447500	0.09416775585	-0.01245991643
4.66232931900	0.09035022653	-0.02730721416
4.67065416400	0.08405518650	-0.04196109247
4.67897900900	0.07615623442	-0.05523916976
4.68730385400	0.06627190145	-0.06663200393
4.69562869900	0.05456096768	-0.07729723327
4.70395354300	0.04087719734	-0.08552551578
4.71227838800	0.02637064223	-0.09161621704
4.72060323300	0.01111248519	-0.09460089656
4.72892807800	-0.00502350626	-0.09553589755
4.73725292200	-0.02088339789	-0.09383184280
4.74557776700	-0.03597019028	-0.08989602356
4.75390261200	-0.05014441107	-0.08324221238
4.76222745700	-0.06318881572	-0.07456891199
4.77055230200	-0.07472050320	-0.06367248807
4.77887714600	-0.08443213297	-0.05125833510
4.78720199100	-0.09194184513	-0.03736763828
4.79552683600	-0.09719103595	-0.02217028222
4.80385168100	-0.09986587886	-0.00702972430
4.81217652600	-0.10018542410	0.00832316553
4.82050137000	-0.09804100001	0.02320454694
4.82882621500	-0.09363742024	0.03784070714
4.83715106000	-0.08733618577	0.05140849134
4.84547590500	-0.07899759692	0.06355857538
4.85380074900	-0.06893114207	0.07481783479
4.86212559400	-0.05747886058	0.08364357655
4.87045043900	-0.04468328695	0.09093081451
4.87877528400	-0.03057926609	0.09648156286
4.88710012900	-0.01573306232	0.09959206517
4.89542497300	-0.00062012800	0.10068116050
4.90374981800	0.01429665119	0.09913713049
4.91207466300	0.02921498222	0.09506840940
4.92039950800	0.04381939649	0.08872007871
4.92872435200	0.05660251786	0.08036222377
4.93704919700	0.06804711921	0.06997171560
4.94537404200	0.07776892940	0.05795864595
4.95369888700	0.08581331045	0.04459444431
4.96202373200	0.09136359650	0.02978811222
4.97034857600	0.09446037578	0.01403998570
4.97867342100	0.09524742783	-0.00185861931
4.98699826600	0.09311310665	-0.01756768182
4.99532311100	0.08870443014	-0.03243859524
5.00323171300	0.08188012376	-0.04656343163
5.01155655800	0.07354470945	-0.05891201327
5.01988140300	0.06355641280	-0.07010370613
5.02820624800	0.05034292741	-0.08019373315
5.03653109200	0.03715763127	-0.08733464047
5.04485593700	0.02217622715	-0.09233750047
5.05318078200	0.00663744433	-0.09497360869
5.06150562700	-0.00907406351	-0.09515923153
5.06983047100	-0.02463122972	-0.09277393515
5.07815531600	-0.03979234559	-0.08781412793
5.08648016100	-0.05400178192	-0.08054444819
5.09480500600	-0.06704401693	-0.07103523297
5.10312985100	-0.07792479202	-0.05954731059
5.11145469500	-0.08740495153	-0.04649751320
5.11977954000	-0.09399963940	-0.03235952823
5.12810438500	-0.09857105417	-0.01747304939
5.13642923000	-0.10057638880	-0.00212897681
5.14475407500	-0.09977205974	0.01317172044
5.15307891900	-0.09703970898	0.02806138013
5.16140376400	-0.09185979088	0.04194032890
5.16972860900	-0.08481675642	0.05511195914
5.17805345400	-0.07611825762	0.06688762744
5.18637829800	-0.06560484268	0.07776236546
5.19470314300	-0.05341315894	0.08626372616
5.20302798800	-0.04040788185	0.09317009332
5.21135283300	-0.02605058212	0.09775343339
5.21967767800	-0.01122203166	0.09971843096
5.22800252200	0.00436174207	0.10012608030
5.23632736700	0.01951817271	0.09789965535
5.24465221200	0.03446511495	0.09283414386
5.25297705700	0.04791124874	0.08626297620
5.26130190100	0.06011431861	0.07731316613
5.26962674600	0.07132998452	0.06627635539
5.27795159100	0.08053609063	0.05390162334
5.28627643600	0.08744563695	0.04052897930
5.29460128100	0.09254769769	0.02555569616
5.30292612500	0.09503443982	0.00959921294
5.31125097000	0.09521518044	-0.00561584220
5.31957581500	0.09216760164	-0.02136090555
5.32790066000	0.08684340765	-0.03615050196
5.33622550400	0.07937312891	-0.05028183218
5.34455034900	0.07049923099	-0.06214147122
5.35287519400	0.05920306568	-0.07322488673
5.36120003900	0.04691231231	-0.08194026175
5.36952488400	0.03267179300	-0.08878754750
5.37784972800	0.01750694169	-0.09309671308
5.38617457300	0.00201974857	-0.09481768879
5.39449941800	-0.01363434493	-0.09447164462
5.40282426300	-0.02932525415	-0.09129186610
5.41114910700	-0.04391758768	-0.08593403547
5.41947395200	-0.05812530240	-0.07819161387
5.42779879700	-0.07011903828	-0.06807129568
5.43612364200	-0.08057329793	-0.05611289616
5.44444848700	-0.08936287518	-0.04284432669
5.45277333100	-0.09528496265	-0.02821871107
5.46109817600	-0.09935644757	-0.01281858894
5.46942302100	-0.10047739900	0.00236149437
5.47774786600	-0.09924910133	0.01734029950
5.48607271100	-0.09580357628	0.03234118038
5.49439755500	-0.08998920963	0.04593307668
5.50272240000	-0.08264764108	0.05843693820
5.51104724500	-0.07341698183	0.06971878608
5.51937209000	-0.06254914262	0.07995795741
5.52769693400	-0.05006661064	0.08798725475
5.53976795900	-0.03676831065	0.09423536558
5.54809280400	-0.01412710903	0.09976948808
5.55641764900	0.00069861319	0.10050561160
5.56474249400	0.01609728906	0.09881203464
5.57306733800	0.03114755418	0.09486830906
5.58139218300	0.04515498137	0.08812872532
5.58971702800	0.05808224799	0.07964803390
5.59804187300	0.06943747904	0.06927705800
5.60636671800	0.07909615256	0.05736471332
5.61469156200	0.08634692385	0.04401814560
5.62301640700	0.09242150826	0.02942051551
5.63134125200	0.09522974206	0.01431094716
5.63966609700	0.09588256024	-0.00106270200
5.64799094200	0.09377314982	-0.01686325237
5.65631578600	0.08875718656	-0.03261164981
5.66464063100	0.08231938410	-0.04601784572
5.67296547600	0.07380870327	-0.05852426886
5.68129032100	0.06298606387	-0.07002258412
5.68961516500	0.05043782494	-0.07972420143
5.69794001000	0.03625526325	-0.08716709002
5.70626485500	0.02087639922	-0.09224066325
5.71458970000	0.00508723396	-0.09461464816
5.72291454500	-0.01086549298	-0.09463675027
5.73123938900	-0.02624907944	-0.09209705789
5.73956423400	-0.04144223540	-0.08658996371
5.74788907900	-0.05515007311	-0.07959182519
5.75621392400	-0.06767074706	-0.06978250672
5.76453876800	-0.07820744803	-0.05830778752
5.77286361300	-0.08736854401	-0.04503781687
5.78118845800	-0.09366956972	-0.03109407714
5.78951330300	-0.09795702072	-0.01611496654
5.79783814800	-0.09982624040	-0.00092046041
5.80616299200	-0.09882550578	0.01424846451
5.81448783700	-0.09592803000	0.02917779094
5.82281268200	-0.09064239985	0.04307114525
5.83113752700	-0.08376611386	0.05614802424
5.83946237100	-0.07454623104	0.06814934290
5.84778721600	-0.06384584278	0.07850743706
5.85611206100	-0.05125253050	0.08691517318
5.86443690600	-0.03809485392	0.09373278542
5.87276175100	-0.02347724263	0.09797409267
5.88108659500	-0.00848348982	0.10021374710
5.88941144000	0.00635244903	0.10016553680
5.89773628500	0.02165023261	0.09780572038
5.90606113000	0.03635494586	0.09318975739
5.91438597400	0.04950853161	0.08590627996
5.92271081900	0.06153770959	0.07733216794
5.93103566400	0.07240840537	0.06588854223
5.93936050900	0.08123835174	0.05402106057
5.94768535400	0.08811052044	0.04049073621
5.95601019800	0.09291327791	0.02552239063
5.96433504300	0.09548967942	0.00964891077
5.97265988800	0.09524356409	-0.00637125543
5.98098473300	0.09256121428	-0.02169106160
5.98930957800	0.08752157479	-0.03654175504
5.99763442200	0.07996361279	-0.05039402123
6.00595926700	0.07015551240	-0.06289153710
6.01428411200	0.05953563482	-0.07356720567
6.02260895700	0.04631833768	-0.08246851152
6.03093380100	0.03227435757	-0.08890263321
6.03925864600	0.01710106327	-0.09335530494
6.04758349100	0.00189247018	-0.09515908708
6.05590833600	-0.01410185910	-0.09435796889
6.06423318100	-0.02941105476	-0.09105263226
6.07255802500	-0.04419399788	-0.08517794053
6.08046662800	-0.05785861742	-0.07740896211
6.08879147300	-0.07011966717	-0.06707871073
6.09711631700	-0.08047789328	-0.05501270764
6.10544116200	-0.08899864269	-0.04140974192
6.11376600700	-0.09475289403	-0.02688180674
6.12209085200	-0.09867318117	-0.01163418368
6.13041569700	-0.09985892652	0.00373265439
6.13874054100	-0.09819722653	0.01879569588
6.14706538600	-0.09484751295	0.03362953187
6.15539023100	-0.08907665671	0.04707309983
6.16371507600	-0.08143649767	0.05958424420
6.17203992000	-0.07221772410	0.07103445182
6.18036476500	-0.06104675194	0.08078971220
6.18868961000	-0.04859562313	0.08862086384
6.19701445500	-0.03521750493	0.09491756923
6.20533930000	-0.02066818339	0.09887289405
6.21366414400	-0.00555847529	0.10059879170
6.22198898900	0.00939512118	0.10003952860
6.23031383400	0.02481198070	0.09698535139
6.23863867900	0.03928725671	0.09143449604
6.24696352300	0.05256732307	0.08392446631
6.25528836800	0.06489818249	0.07371590040
6.26361321300	0.07526806763	0.06227787161
6.27193805800	0.08350964738	0.05015502945
6.28026290300	0.08994792449	0.03617086185
6.28858774700	0.09413073816	0.02123467885
6.29691259200	0.09610004960	0.00603642732
6.30523743700	0.09543276467	-0.00965256331
6.31356228200	0.09196622720	-0.02513116221
6.32188712700	0.08644672221	-0.03963983831
6.33021197100	0.07815291344	-0.05336014092
6.33853681600	0.06822936063	-0.06524614163
6.34686166100	0.05631617112	-0.07598987566
6.35518650600	0.04319040624	-0.08416542530
6.36351135000	0.02834109670	-0.09037908776
6.37183619500	0.01319330742	-0.09392541004
6.38016104000	-0.00272179444	-0.09492485849
6.38848588500	-0.01853364299	-0.09363430508
6.39681073000	-0.03416774113	-0.08958604332
6.40513557400	-0.04837303012	-0.08318984912
6.41346041900	-0.06176065203	-0.07447806511
6.42178526400	-0.07338798848	-0.06391505020
6.43011010900	-0.08306939941	-0.05196565147
6.43843495300	-0.09071592342	-0.03850824284
6.44675979800	-0.09629133615	-0.02359999647
6.45508464300	-0.09924737845	-0.00845973007
6.46340948800	-0.09981578786	0.00655849579
6.47173433300	-0.09762796577	0.02159793163
6.48005917700	-0.09363787621	0.03617146831
6.48838402200	-0.08721812219	0.04980966357
6.49670886700	-0.07867587339	0.06279696817
6.50503371200	-0.06847655839	0.07434769595
6.51335855600	-0.05732473193	0.08366046567
6.52168340100	-0.04425718407	0.09115275935
6.53000824600	-0.03048347956	0.09666890354
6.53833309100	-0.01545656692	0.09991672748
6.54665793600	-0.00029490761	0.10075939520
6.55498278000	0.01516691368	0.09928001516
6.56330762500	0.03014125691	0.09551016335
6.57163247000	0.04402458774	0.08952437098
6.57995731500	0.05688581930	0.08171334918
6.58828215900	0.06802058397	0.07166166824
6.59660700400	0.07766785367	0.06019011561
6.60493184900	0.08564286216	0.04706418187
6.61325669400	0.09153278485	0.03255718595
6.62116529600	0.09517863973	0.01760806169
6.62949014100	0.09611861137	0.00137390813
6.63781498600	0.09453746923	-0.01405948685
6.64613983100	0.09022732244	-0.02960597618
6.65446467500	0.08339076025	-0.04456712743
6.66278952000	0.07446400158	-0.05809254685
6.67111436500	0.06406717875	-0.06933813184
6.67943921000	0.05178879791	-0.07912731880
6.68776405500	0.03778150529	-0.08712499349
6.69608889900	0.02350933032	-0.09242380403
6.70441374400	0.00893033053	-0.09482718096
6.71273858900	-0.00707728090	-0.09515525322
6.72106343400	-0.02275753449	-0.09325547727
6.72938827900	-0.03796049692	-0.08837420016
6.73771312300	-0.05209755111	-0.08138657102
6.74603796800	-0.06499099964	-0.07223860227
6.75436281300	-0.07588928053	-0.06128193899
6.76268765800	-0.08516342702	-0.04867940294
6.77101250200	-0.09235571568	-0.03446127685
6.77933734700	-0.09703679211	-0.01939723995
6.78766219200	-0.09943252785	-0.00389857036
6.79598703700	-0.09918174569	0.01156796432
6.80431188200	-0.09651622710	0.02711902810
6.81263672600	-0.09187768863	0.04097657622
6.82096157100	-0.08500403687	0.05409610166
6.82928641600	-0.07678082842	0.06576876931
6.83761126100	-0.06644539766	0.07672296301
6.84593610500	-0.05463556844	0.08569894486
6.85426095000	-0.04130186848	0.09257384802
6.86258579500	-0.02706143735	0.09777369182
6.87091064000	-0.01207585291	0.10010139230
6.87923548500	0.00315421192	0.10053892850
6.88756032900	0.01858213003	0.09852487457
6.89588517400	0.03322596503	0.09425375250
6.90421001900	0.04695521738	0.08754103585
6.91253486400	0.05924510214	0.07935864720
6.92085970800	0.07030950641	0.06881782950
6.92918455300	0.07932558565	0.05667545708
6.93750939800	0.08672924688	0.04322659051
6.94583424300	0.09204594673	0.02872536498
6.95415908800	0.09500905184	0.01286697687
6.96248393200	0.09533610168	-0.00267717123
6.97080877700	0.09283162226	-0.01895348884
6.97913362200	0.08854535383	-0.03350187437
6.98745846700	0.08145975680	-0.04742189814
6.99578331200	0.07231734449	-0.06019524883
7.00410815600	0.06117020686	-0.07160213783
7.01243300100	0.04835357463	-0.08078421057
7.02075784600	0.03470569172	-0.08784408253
7.02908269100	0.01951587912	-0.09275011124
7.03740753500	0.00375168864	-0.09485239683
7.04573238000	-0.01213278521	-0.09472272505
7.05405722500	-0.02743333437	-0.09167104055
7.06238207000	-0.04221503380	-0.08655784601
7.07070691500	-0.05568467411	-0.07903401701
7.07903175900	-0.06810678915	-0.06925916350
7.08735660400	-0.07875720159	-0.05755638067
7.09568144900	-0.08770015362	-0.04408558772
7.10400629400	-0.09415989613	-0.02988688392
7.11233113800	-0.09828262612	-0.01490089963
7.12065598300	-0.09978202931	0.00037147572
7.12898082800	-0.09878425586	0.01542294320
7.13730567300	-0.09571730411	0.02986264299
7.14563051800	-0.09022375712	0.04403143699
7.15353912000	-0.08315198077	0.05711517901
7.16186396500	-0.07403174824	0.06925868662
7.17018881000	-0.06318795928	0.07968091031
7.17851365400	-0.05070756550	0.08798868138
7.18683849900	-0.03752632322	0.09436975227
7.19516334400	-0.02308446949	0.09834784311
7.20348818900	-0.00778009915	0.10016042650
7.21181303400	0.00723874450	0.09998515839
7.22013787800	0.02265212948	0.09736635227
7.22846272300	0.03740655218	0.09206256025
7.23678756800	0.05087295682	0.08511986146
7.24511241300	0.06278339675	0.07595077615
7.25343725700	0.07310125106	0.06475333477
7.26176210200	0.08222876563	0.05243235450
7.27008694700	0.08904328606	0.03829921592
7.27841179200	0.09398575953	0.02305785921
7.28673663700	0.09595668471	0.00792042654
7.29506148100	0.09548506548	-0.00790435511
7.30338632600	0.09227865268	-0.02351017274
7.31171117100	0.08692222633	-0.03781994151
7.32003601600	0.07948775859	-0.05118766806
7.32836086000	0.07010966201	-0.06351574218
7.33668570500	0.05833036000	-0.07446716814
7.34501055000	0.04521514003	-0.08320397653
7.35333539500	0.03048319635	-0.08945626188
7.36166024000	0.01477013960	-0.09341028747
7.36998508400	-0.00053535576	-0.09467381514
7.37830992900	-0.01676052955	-0.09344315890
7.38663477400	-0.03209337332	-0.08991425209
7.39495961900	-0.04645157613	-0.08413826883
7.40328446400	-0.05969902735	-0.07612107479
7.41160930800	-0.07174630626	-0.06572160103
7.41993415300	-0.08198456215	-0.05344674653
7.42825899800	-0.09009698599	-0.04014254662
7.43658384300	-0.09575386249	-0.02549851541
7.44490868700	-0.09924127466	-0.01072134325
7.45323353200	-0.09994682042	0.00439480373
7.46155837700	-0.09823140882	0.01945220170
7.46988322200	-0.09455463467	0.03374989088
7.47820806700	-0.08846855640	0.04759404894
7.48653291100	-0.08041309938	0.06050777296
7.49485775600	-0.07047561226	0.07198147953
7.50318260100	-0.05928382575	0.08189771732
7.51150744600	-0.04647767987	0.08984786231
7.51983229000	-0.03239620851	0.09559783049
7.52815713500	-0.01748533670	0.09916840361
7.53648198000	-0.00230504050	0.10046857110
7.54480682500	0.01295682330	0.09958666082
7.55313167000	0.02777725916	0.09609127145
7.56145651400	0.04176610053	0.09063520298
7.56978135900	0.05463509538	0.08285720246
7.57810620400	0.06619048550	0.07305574463
7.58643104900	0.07595626256	0.06189910276
7.59475589300	0.08421687044	0.04927489448
7.60308073800	0.09038504909	0.03492938384
7.61140558300	0.09432391937	0.01970850324
7.61973042800	0.09575545944	0.00412489328
7.62805527300	0.09472292779	-0.01157209978
7.63638011700	0.09065379404	-0.02731566600
7.64470496200	0.08477508957	-0.04199334561
7.65302980700	0.07601965590	-0.05557447417
7.66093840900	0.06600540470	-0.06704180830
7.66926325400	0.05386098579	-0.07736960206
7.67758809900	0.04079471765	-0.08475906148
7.68591294400	0.02646434394	-0.09058911897
7.69423778900	0.01112549229	-0.09395630323
7.70256263300	-0.00443638766	-0.09474446638
7.71088747800	-0.02044628212	-0.09289688449
7.71921232300	-0.03588350590	-0.08853540862
7.72753716800	-0.05009448995	-0.08201313916
7.73586201300	-0.06336031156	-0.07299431268
7.74418685700	-0.07426873080	-0.06257458428
7.75251170200	-0.08391646842	-0.05013262755
7.76083654700	-0.09113041254	-0.03649376703
7.76916139200	-0.09638622299	-0.02186440276
7.77748623600	-0.09906752983	-0.00660349691
7.78581108100	-0.09962738400	0.00861190204
7.79413592600	-0.09739332585	0.02380709198
7.80246077100	-0.09311981287	0.03842675455
7.81078561600	-0.08645198765	0.05211671668
7.81911046000	-0.07763415729	0.06477219899
7.82743530500	-0.06765132708	0.07563708125
7.83576015000	-0.05529172784	0.08513758591
7.84408499500	-0.04257413515	0.09211773467
7.85240983900	-0.02875547959	0.09726939739
7.86073468400	-0.01368616883	0.10022675440
7.86905952900	0.00127495859	0.10091200610
7.87738437400	0.01631119047	0.09940775357
7.88570921900	0.03113477096	0.09547977647
7.89403406300	0.04536487353	0.08923760877
7.90235890800	0.05788477049	0.08083890201
7.91068375300	0.06861007462	0.07084393286
7.91900859800	0.07831197115	0.05917620389
7.92733344200	0.08579805540	0.04614580586
7.93565828700	0.09150061791	0.03160853621
7.94398313200	0.09477827175	0.01655668079
7.95230797700	0.09583429722	0.00084640527
7.96063282200	0.09395941328	-0.01496822484
7.96895766600	0.08983632635	-0.02990836448
7.97728251100	0.08291674746	-0.04462183366
7.98560735600	0.07384245772	-0.05798476481
7.99393220100	0.06299006195	-0.07000622025
8.00225704500	0.05056165056	-0.07975168542
8.01058189000	0.03630968004	-0.08711695610
8.01890673500	0.02164941621	-0.09226482414
8.02723158000	0.00578416291	-0.09451628093
8.03555642500	-0.00982507415	-0.09461616490
8.04388126900	-0.02552010263	-0.09180060747
8.05220611400	-0.04027805925	-0.08668866739
8.06053095900	-0.05413204729	-0.07979773756
8.06885580400	-0.06636083217	-0.06980548351
8.07718064900	-0.07698901329	-0.05882088076
8.08550549300	-0.08590383277	-0.04596921057
8.09383033800	-0.09259619591	-0.03227433872
8.10215518300	-0.09719966839	-0.01704873089
8.11048002800	-0.09920701367	-0.00190072801
8.11880487200	-0.09862731992	0.01305757098
8.12712971700	-0.09587291898	0.02797969562
8.13545456200	-0.09072460111	0.04231460215
8.14377940700	-0.08340949315	0.05597656769
8.15210425200	-0.07451934149	0.06752731566
8.16042909600	-0.06367047506	0.07853920382
8.16875394100	-0.05166180348	0.08689029572
8.17707878600	-0.03862448490	0.09375472113
8.18498738800	-0.02436230884	0.09842459712
8.19331223300	-0.00938596122	0.10067314710
8.20163707800	0.00561383619	0.10090450410
8.20996192300	0.02103088666	0.09842506849
8.21828676800	0.03593265375	0.09347534664
8.22661161200	0.04956317288	0.08650196286
8.23493645700	0.06153410681	0.07772824524
8.24326130200	0.07247460458	0.06716864924
8.25158614700	0.08102066966	0.05511418546
8.25991099100	0.08808074636	0.04135926935
8.26823583600	0.09297748719	0.02672338789
8.27656068100	0.09560419850	0.01072133688
8.28488552600	0.09562337653	-0.00569792588
8.29321037100	0.09277852250	-0.02112843621
8.30153521500	0.08791264323	-0.03549787449
8.30986006000	0.08009670470	-0.04989756169
8.31818490500	0.07097748934	-0.06255028929
8.32650975000	0.05963249140	-0.07352607436
8.33483459400	0.04697068112	-0.08258626221
8.34315943900	0.03265107706	-0.08926332761
8.35148428400	0.01787528742	-0.09362503577
8.35980912900	0.00237947661	-0.09538207895
8.36813397400	-0.01320799206	-0.09455906376
8.37645881800	-0.02876183301	-0.09127210117
8.38478366300	-0.04364106332	-0.08555390894
8.39310850800	-0.05694119465	-0.07787053207
8.40143335300	-0.06939029414	-0.06778034932
8.40975819800	-0.07977910632	-0.05580185706
8.41808304200	-0.08844107380	-0.04255235712
8.42640788700	-0.09456161418	-0.02791628378
8.43473273200	-0.09836643186	-0.01250010566
8.44305757700	-0.09977811805	0.00329535651
8.45138242100	-0.09833331260	0.01852377609
8.45970726600	-0.09477602643	0.03315076898
8.46803211100	-0.08903271634	0.04695473805
8.47635695600	-0.08150220372	0.05930084777
8.48468180100	-0.07195571349	0.07092900683
8.49300664500	-0.06141956011	0.08072217158
8.50133149000	-0.04894443916	0.08855282607
8.50965633500	-0.03572114010	0.09475972192
8.51798118000	-0.02178334149	0.09882554870
8.52630602400	-0.00717908237	0.10071133780
8.53463086900	0.00799375897	0.10045431820
8.54295571400	0.02289056082	0.09734872251
8.55128055900	0.03703333825	0.09199896162
8.55960540400	0.05053233134	0.08453286735
8.56793024800	0.06234081961	0.07536160612
8.57625509300	0.07309713478	0.06399477515
8.58457993800	0.08171453638	0.05177461384
8.59290478300	0.08862139177	0.03794403230
8.60122962700	0.09325397031	0.02236394961
8.60955447200	0.09529517555	0.00733257210
8.61787931700	0.09497289790	-0.00870985610
8.62620416200	0.09205074483	-0.02450234869
8.63452900700	0.08637983394	-0.03911576826
8.64285385100	0.07843889638	-0.05294360531
8.65117869600	0.06905893604	-0.06427772856
8.65950354100	0.05758497463	-0.07465475249
8.66782838600	0.04366214216	-0.08358970235
8.67615323100	0.02844027375	-0.08976829755
8.68447807500	0.01303981568	-0.09358629837
8.69280292000	-0.00308097602	-0.09460320713
8.70112776500	-0.01884021586	-0.09320939717
8.70945261000	-0.03450997608	-0.08932897349
8.71777745400	-0.04911041894	-0.08307753114
8.72610229900	-0.06223050844	-0.07459835749
8.73442714400	-0.07361228941	-0.06422035754
8.74275198900	-0.08315979087	-0.05222026269
8.75066059100	-0.09107351720	-0.03845188984
8.75898543600	-0.09644406914	-0.02393354044
8.76731028100	-0.09958237572	-0.00872077929
8.77563512600	-0.10040520690	0.00656374569
8.78395997000	-0.09818847223	0.02153711045
8.79228481500	-0.09423053919	0.03616632991
8.80060966000	-0.08736936897	0.04979740697
8.80893450500	-0.07904832986	0.06236255527
8.81725935000	-0.06883816079	0.07382156562
8.82558419400	-0.05703892060	0.08355787053
8.83390903900	-0.04404603025	0.09087404169
8.84223388400	-0.03048348294	0.09637532044
8.85055872900	-0.01561490035	0.09946228898
8.85888357300	-0.00042488140	0.10035878940
8.86720841800	0.01455276713	0.09899346191
8.87553326300	0.02966515733	0.09517239043
8.88385810800	0.04342445419	0.08950131516
8.89218295300	0.05564892388	0.08161088661
8.90050779700	0.06681641192	0.07188653354
8.90883264200	0.07639738027	0.06012171799
8.91715748700	0.08414572437	0.04741832006
8.92548233200	0.09019255048	0.03302450980
8.93380717600	0.09388553182	0.01842023575
8.94213202100	0.09519836062	0.00324463212
8.95045686600	0.09368816279	-0.01211430522
8.95878171100	0.09000291710	-0.02677859096
8.96710655600	0.08356448627	-0.04136762919
8.97543140000	0.07541534271	-0.05446115170
8.98375624500	0.06486158696	-0.06634519846
8.99208109000	0.05251383949	-0.07681938545
9.00040593500	0.03898230671	-0.08485227917
9.00873077900	0.02400101506	-0.09054277213
9.01705562400	0.00840938285	-0.09380231279
9.02538046900	-0.00673957516	-0.09412957455
9.03370531400	-0.02242954852	-0.09213845132
9.04203015900	-0.03729358689	-0.08784140536
9.05035500300	-0.05093454598	-0.08125089543
9.05867984800	-0.06414750055	-0.07230212177
9.06700469300	-0.07522288476	-0.06149822113
9.07532953800	-0.08443002675	-0.04911557634
9.08365438300	-0.09194287651	-0.03532753696
9.09197922700	-0.09694269438	-0.02046709328
9.10030407200	-0.09944078196	-0.00540910320
9.10862891700	-0.09935881190	0.00989621260
9.11695376200	-0.09682549259	0.02500052434
9.12527860600	-0.09195637894	0.03987596269
9.13360345100	-0.08496241764	0.05361519263
9.14192829600	-0.07634984533	0.06631790224
9.15025314100	-0.06592720114	0.07700117235
9.15857798600	-0.05406075513	0.08623166650
9.16690283000	-0.04077785214	0.09302981374
9.17522767500	-0.02696442325	0.09787074144
9.18355252000	-0.01189913632	0.10049826460
9.19187736500	0.00326289597	0.10068987910
9.20020220900	0.01830201402	0.09890528159
9.20852705400	0.03307717567	0.09448095794
9.21685189900	0.04671189040	0.08813887797
9.22517674400	0.05901074745	0.07973386898
9.23350158900	0.06972846425	0.06931946126
9.24182643300	0.07889731067	0.05767366697
9.25015127800	0.08681811783	0.04384170976
9.25847612300	0.09232806964	0.02921486000
9.26680096800	0.09538207018	0.01400001762
9.27470957000	0.09599515445	-0.00176616379
9.28303441500	0.09380289046	-0.01772119713
9.29135926000	0.08898359458	-0.03281731652
9.29968410500	0.08208618518	-0.04701850735
9.30800894900	0.07284236924	-0.05969305785
9.31633379400	0.06211737907	-0.07061196268
9.32465863900	0.04907548809	-0.08011095397
9.33298348400	0.03509611316	-0.08699823883
9.34130832800	0.02023959080	-0.09198916147
9.34963317300	0.00504306395	-0.09413761835
9.35795801800	-0.01099901826	-0.09403100223
9.36628286300	-0.02664142894	-0.09122216174
9.37460770800	-0.04125609917	-0.08601681288
9.38293255200	-0.05515329571	-0.07852515194
9.39125739700	-0.06778853509	-0.06867027700
9.39958224200	-0.07872034069	-0.05684254322
9.40790708700	-0.08761459027	-0.04350286228
9.41623193200	-0.09387543909	-0.02908673416
9.42455677600	-0.09805438116	-0.01415444842
9.43288162100	-0.09969015852	0.00115851267
9.44120646600	-0.09865104747	0.01610853139
9.44953131100	-0.09552845416	0.03094709213
9.45785615500	-0.09016302037	0.04456529915
9.46618100000	-0.08294795790	0.05722551645
9.47450584500	-0.07361765151	0.06873998890
9.48283069000	-0.06275462459	0.07886419922
9.49115553500	-0.05051227075	0.08662169331
9.49948037900	-0.03688527527	0.09299705373
9.50780522400	-0.02278128042	0.09747308485
9.51613006900	-0.00756718945	0.09940146387
9.52445491400	0.00671773603	0.09988822486
9.53277975800	0.02139307294	0.09765115933
9.54110460300	0.03560934728	0.09300052869
9.54942944800	0.04946544512	0.08593936903
9.55775429300	0.06156417499	0.07698772896
9.56607913800	0.07243367020	0.06564321075
9.57440398200	0.08192663226	0.05280695206
9.58272882700	0.08879806728	0.03896983186
9.59105367200	0.09352555917	0.02405785606
9.59937851700	0.09568808471	0.00863735618
9.60770336100	0.09502602490	-0.00728569011
9.61602820600	0.09189806682	-0.02195973351
9.62435305100	0.08644421538	-0.03676946343
9.63267789600	0.07853262292	-0.05064753047
9.64100274100	0.06893006583	-0.06291022657
9.64932758500	0.05759316394	-0.07391299116
9.65765243000	0.04455803491	-0.08252489060
9.66597727500	0.03045716637	-0.08921972915
9.67430212000	0.01555197585	-0.09304010652
9.68262696400	-0.00000972728	-0.09465461334
9.69095180900	-0.01574551361	-0.09381364591
9.69927665400	-0.03089589428	-0.09043451978
9.70760149900	-0.04543594122	-0.08483540014
9.71592634400	-0.05897036733	-0.07680128816
9.72425118800	-0.07119495285	-0.06662014782
9.73257603300	-0.08152185879	-0.05441821138
9.74090087800	-0.08962943008	-0.04118429015
9.74922572300	-0.09558083894	-0.02643837340
9.75755056800	-0.09907874934	-0.01145275681
9.76545917000	-0.09974714785	0.00395849784
9.77378401500	-0.09798313927	0.01930804777
9.78210886000	-0.09417587801	0.03383121497
9.79043370400	-0.08839306975	0.04755479664
9.79875854900	-0.08048860419	0.06020489410
9.80708339400	-0.07085150378	0.07156261968
9.81540823900	-0.05965267672	0.08135107230
9.82373308400	-0.04732226114	0.08890447284
9.83205792800	-0.03356767360	0.09496956887
9.84038277300	-0.01896720060	0.09863225993
9.84870761800	-0.00411467873	0.10029389190
9.85703246300	0.01139573728	0.09972840489
9.86535730700	0.02602369961	0.09651595653
9.87368215200	0.04098338160	0.09102956931
9.88200699700	0.05390773112	0.08346385125
9.89033184200	0.06555984885	0.07364959356
9.89865668700	0.07566505747	0.06231345686
9.90698153100	0.08399626915	0.04926942537
9.91530637600	0.09016739933	0.03486634148
9.92363122100	0.09385621285	0.01870777592
9.93195606600	0.09509764487	0.00339123774
9.94028091000	0.09364780829	-0.01210035816
9.94860575500	0.08972155148	-0.02804956708
9.95693060000	0.08367116808	-0.04264769601
9.96525544500	0.07505796165	-0.05633064469
9.97358029000	0.06538306200	-0.06755449286
9.98190513400	0.05380640730	-0.07752599636
9.99022997900	0.03982219952	-0.08545040513
9.99855482400	0.02515109258	-0.09112285771
10.00687967000	0.01012105720	-0.09417850943
10.01520451000	-0.00579548252	-0.09475868960
10.02352936000	-0.02097439040	-0.09290591184
10.03185420000	-0.03579459132	-0.08879447445
10.04017905000	-0.05028647195	-0.08217106507
10.04850389000	-0.06260240112	-0.07327531523
10.05682874000	-0.07393010079	-0.06282866360
10.06515358000	-0.08329361993	-0.05018150926
10.07347843000	-0.09065928307	-0.03647450113
10.08180327000	-0.09571607324	-0.02161807941
10.09012812000	-0.09858823380	-0.00610053254
10.09845296000	-0.09883260606	0.00955380382
10.10677781000	-0.09665913684	0.02468356948
10.11510265000	-0.09227180400	0.03878344529
10.12342750000	-0.08603379364	0.05203043611
10.13175234000	-0.07753268540	0.06388779650
10.14007719000	-0.06742131527	0.07494750968
10.14840203000	-0.05569617139	0.08403408987
10.15672687000	-0.04250801039	0.09098838133
10.16505172000	-0.02878713019	0.09637199766
10.17337656000	-0.01367457464	0.09899596975
10.18170141000	0.00127397670	0.09992070193
10.19002625000	0.01651113019	0.09831344730
10.19835110000	0.03141531510	0.09410958321
10.20667594000	0.04522692692	0.08800768745
10.21500079000	0.05774319596	0.07952290308
10.22332563000	0.06906760409	0.06905470696
10.23165048000	0.07799856533	0.05752152860
10.23997532000	0.08569523833	0.04461657359
10.24830017000	0.09131069010	0.03001609070
10.25662501000	0.09437745719	0.01514212768
10.26494986000	0.09498525654	-0.00117770008
10.27327470000	0.09301240633	-0.01659663121
10.28159955000	0.08862725765	-0.03178600225
10.28992439000	0.08183728969	-0.04603507837
10.29783299000	0.07248431138	-0.05892158875
10.30615784000	0.06142883605	-0.07021895557
10.31448268000	0.04958557506	-0.07972642850
10.32280753000	0.03590457852	-0.08669861216
10.33113237000	0.02073793970	-0.09175541469
10.33945722000	0.00512618906	-0.09406958516
10.34778206000	-0.01048891359	-0.09409640207
10.35610691000	-0.02594961209	-0.09147485354
10.36443175000	-0.04046061035	-0.08655796523
10.37275660000	-0.05428061947	-0.07912063558
10.38108144000	-0.06669099338	-0.06941867588
10.38940629000	-0.07760358567	-0.05807941760
10.39773113000	-0.08621739869	-0.04536700887
10.40605598000	-0.09293579654	-0.03129831654
10.41438082000	-0.09752199940	-0.01622438602
10.42270567000	-0.09925826896	-0.00109011167
10.43103051000	-0.09865426630	0.01406398778
10.43935536000	-0.09576549263	0.02861634524
10.44768020000	-0.09058709646	0.04249771928
10.45600504000	-0.08326228863	0.05583402747
10.46432989000	-0.07424012608	0.06774376425
10.47265473000	-0.06328063376	0.07832327901
10.48097958000	-0.05115447190	0.08650776692
10.48930442000	-0.03789479960	0.09323463566
10.49762927000	-0.02341685943	0.09767327019
10.50595411000	-0.00866717122	0.09973640080
10.51427896000	0.00664257154	0.09978818870
10.52260380000	0.02192385872	0.09719844101
10.53092865000	0.03625363457	0.09259007143
10.53925349000	0.04936242394	0.08526565383
10.54757834000	0.06166373428	0.07634623797
10.55590318000	0.07206512335	0.06584303539
10.56422803000	0.08115341051	0.05319272358
10.57255287000	0.08843823293	0.03918980725
10.58087772000	0.09311805779	0.02448523706
10.58920256000	0.09551739702	0.00871387806
10.59752741000	0.09543697510	-0.00676262754
10.60585225000	0.09241766100	-0.02175940024
10.61417710000	0.08728079024	-0.03620143376
10.62250194000	0.07950061310	-0.04988189455
10.63082679000	0.06970929262	-0.06233639815
10.63915163000	0.05868801165	-0.07282737671
10.64747647000	0.04524092947	-0.08193805595
10.65580132000	0.03144157604	-0.08830401469
10.66412616000	0.01598728150	-0.09251134215
10.67245101000	0.00033701460	-0.09428353306
10.68077585000	-0.01536795365	-0.09330552017
10.68910070000	-0.03059744361	-0.08995077311
10.69742554000	-0.04527284644	-0.08412695244
10.70575039000	-0.05872015238	-0.07614411593
10.71407523000	-0.07070048004	-0.06619184395
10.72240008000	-0.08035984151	-0.05424514698
10.73072492000	-0.08849877394	-0.04104434199
10.73904977000	-0.09438358741	-0.02637360337
10.74737461000	-0.09774210165	-0.01115210314
10.75569946000	-0.09869157140	0.00413585054
10.76402430000	-0.09729579726	0.01881924400
10.77234915000	-0.09406511275	0.03322903706
10.78067399000	-0.08785831344	0.04687778143
10.78899884000	-0.07993186371	0.06005463943
10.79732368000	-0.07049395786	0.07103589294
10.80564853000	-0.05887426291	0.08118635620
10.81397337000	-0.04603747310	0.08882168049
10.82229821000	-0.03239339605	0.09458810006
10.83062306000	-0.01809034677	0.09804187141
10.83894790000	-0.00333242430	0.09962335861
10.84727275000	0.01163714035	0.09894476105
10.85559759000	0.02612247329	0.09561586215
10.86392244000	0.03989474291	0.09042921939
10.87599346000	0.05918644881	0.07789145396
10.88431831000	0.07015022280	0.06728112300
10.89264315000	0.07979996788	0.05486154867
10.90096800000	0.08718595506	0.04317582111
10.90929284000	0.09249877495	0.02840755589
10.91761769000	0.09527653811	0.01292117617
10.92594253000	0.09550557292	-0.00261274235
10.93426738000	0.09348825147	-0.01831658345
10.94259222000	0.08841799210	-0.03354950477
10.95091707000	0.08168937378	-0.04735376974
10.95924191000	0.07238104666	-0.05984826845
10.96756676000	0.06175912860	-0.07052687524
10.97589160000	0.04916701535	-0.07990431842
10.98421645000	0.03540256151	-0.08687300347
10.99254129000	0.02763026608	-0.08990355547
11.00086614000	0.00479405907	-0.09370666098
11.00919098000	-0.01075916708	-0.09360909940
11.01751583000	-0.02628998156	-0.09099854038
11.02584067000	-0.04102812750	-0.08560797978
11.03416551000	-0.05485986158	-0.07818206373
11.04249036000	-0.06737695644	-0.06865070468
11.05081520000	-0.07785364260	-0.05718429949
11.05914005000	-0.08688496153	-0.04403019687
11.06746489000	-0.09304306256	-0.02947623322
11.07578974000	-0.09734220917	-0.01532475663
11.08411458000	-0.09882444574	0.00024156037
11.09243943000	-0.09789603357	0.01576190712
11.10076427000	-0.09476784433	0.03066640416
11.10908912000	-0.08937789631	0.04437604918
11.11741396000	-0.08520645444	0.05215940743
11.12573881000	-0.07299206497	0.06886317965
11.13406365000	-0.06223619208	0.07929490560
11.14238850000	-0.04992933439	0.08735910556
11.15071334000	-0.03691959004	0.09359573859
11.15903819000	-0.02229126858	0.09772674544
11.16736303000	-0.00768135587	0.09968201563
11.17568788000	0.00709051473	0.09962970906
11.18401272000	0.02240266715	0.09688013478
11.19233757000	0.03686067478	0.09195405959
11.20066241000	0.05043137586	0.08485623356
11.20898726000	0.06256877803	0.07577894308
11.21731210000	0.07340674511	0.06436938503
11.22563694000	0.08206019692	0.05219264872
11.23396179000	0.08880631973	0.03785699144
11.24228663000	0.09133289562	0.03031502021
11.25061148000	0.09530941287	0.00749418985
11.25893632000	0.09473671258	-0.00853437214
11.26726117000	0.09160971691	-0.02394415677
11.27558601000	0.08637172891	-0.03861180854
11.28391086000	0.07871460748	-0.05213206050
11.29223570000	0.06906398932	-0.06447275342
11.30056055000	0.05718828026	-0.07518167421
11.30888539000	0.04427124932	-0.08354544816
11.31721024000	0.02943076115	-0.08972376514
11.32553508000	0.01423071545	-0.09337729020
11.33385993000	-0.00153370104	-0.09453825631
11.34218477000	-0.01757250791	-0.09328179301
11.35050962000	-0.03215642641	-0.08987943329
11.35883446000	-0.04765816116	-0.08345524525
11.36715931000	-0.05540996438	-0.07892053015
11.37548415000	-0.07311321241	-0.06409666952
11.38339275000	-0.08293352265	-0.05149903058
11.39171760000	-0.09083409085	-0.03791858551
11.40004244000	-0.09606276847	-0.02341256999
11.40836729000	-0.09901126941	-0.00855771446
11.41669213000	-0.09968520883	0.00628022016
11.42501698000	-0.09760078891	0.02078594851
11.43334182000	-0.09362778122	0.03578757636
11.44166667000	-0.08727894519	0.04928479545
