t
0.00000000000
0.01664968956
0.02497453434
0.03329937912
0.04162422390
0.04994906868
0.05827391347
0.06659875825
0.07492360303
0.08324844781
0.09157329259
0.09989813737
0.10822298210
0.11654782690
0.12487267170
0.13319751650
0.14152236130
0.14984720610
0.15817205080
0.16649689560
0.17482174040
0.18314658520
0.19147143000
0.19979627470
0.20812111950
0.21644596430
0.22477080910
0.23309565390
0.24142049860
0.24974534340
0.25807018820
0.26639503300
0.27846605790
0.28679090270
0.29511574750
0.30344059230
0.31176543700
0.32009028180
0.32841512660
0.33673997140
0.34506481620
0.35338966090
0.36171450570
0.37003935050
0.37836419530
0.38668904010
0.39501388480
0.40333872960
0.41166357440
0.41998841920
0.42831326400
0.43663810880
0.44496295350
0.45328779830
0.46161264310
0.46993748790
0.47826233270
0.48658717740
0.49491202220
0.50323686700
0.51156171180
0.51988655660
0.52821140130
0.53653624610
0.54486109090
0.55318593570
0.56151078050
0.56983562520
0.57816047000
0.58648531480
0.59481015960
0.60313500440
0.61145984910
0.61978469390
0.62810953870
0.63643438350
0.64475922830
0.65308407310
0.66140891780
0.66973376260
0.67805860740
0.68638345220
0.69470829700
0.70303314170
0.71135798650
0.71968283130
0.72800767610
0.73633252090
0.74465736560
0.75298221040
0.76130705520
0.76963190000
0.77795674480
0.78628158950
0.79460643430
0.80251503690
0.81083988160
0.81916472640
0.82748957120
0.83581441600
0.84413926080
0.85246410550
0.86078895030
0.86911379510
0.87743863990
0.88576348470
0.89408832950
0.90241317420
0.91073801900
0.91906286380
0.92738770860
0.93571255340
0.94403739810
0.95236224290
0.96068708770
0.96901193250
0.97733677730
0.98566162200
0.99398646680
1.00231131200
1.01063615600
1.01896100100
1.02728584600
1.03561069100
1.04393553600
1.05226038000
1.06058522500
1.06891007000
1.07723491500
1.08555975900
1.09388460400
1.10220944900
1.11053429400
1.11885913900
1.12718398300
1.13550882800
1.14383367300
1.15215851800
1.16048336200
1.16880820700
1.17713305200
1.18545789700
1.19378274200
1.20210758600
1.21043243100
1.21875727600
1.22708212100
1.23540696500
1.24373181000
1.25205665500
1.26038150000
1.26870634500
1.27703118900
1.28535603400
1.29326463700
1.30158948100
1.30991432600
1.31823917100
1.32656401600
1.33488886100
1.34321370500
1.35153855000
1.35986339500
1.36818824000
1.37651308400
1.38483792900
1.39316277400
1.40148761900
1.40981246400
1.41813730800
1.42646215300
1.43478699800
1.44311184300
1.45143668800
1.45976153200
1.46808637700
1.47641122200
1.48473606700
1.49306091100
1.50138575600
1.50971060100
1.51803544600
1.52636029100
1.53468513500
1.54300998000
1.55133482500
1.55965967000
1.56798451400
1.57630935900
1.58463420400
1.59295904900
1.60128389400
1.60960873800
1.61793358300
1.62625842800
1.63458327300
1.64290811700
1.65123296200
1.65955780700
1.66788265200
1.67620749700
1.68453234100
1.69285718600
1.70118203100
1.70950687600
1.71783172100
1.72615656500
1.73448141000
1.74280625500
1.75113110000
1.75945594400
1.76778078900
1.77610563400
1.78443047900
1.79275532400
1.80108016800
1.80940501300
1.81772985800
1.82605470300
1.83396330500
1.84228815000
1.85061299500
1.85893784000
1.86726268400
1.87558752900
1.88391237400
1.89223721900
1.90056206300
1.90888690800
1.91721175300
1.92553659800
1.93386144300
1.94218628700
1.95051113200
1.95883597700
1.96716082200
1.97548566600
1.98381051100
1.99213535600
2.00046020100
2.00878504600
2.01710989000
2.02543473500
2.03375958000
2.04208442500
2.05040926900
2.05873411400
2.06705895900
2.07538380400
2.08370864900
2.09203349300
2.10035833800
2.10868318300
2.11700802800
2.12533287300
2.13365771700
2.14198256200
2.15030740700
2.15863225200
2.16695709600
2.17528194100
2.18360678600
2.19193163100
2.20025647600
2.20858132000
2.21690616500
2.22523101000
2.23355585500
2.24188069900
2.25020554400
2.25853038900
2.26685523400
2.27518007900
2.28350492300
2.29182976800
2.30015461300
2.30847945800
2.31680430200
2.32512914700
2.33345399200
2.34177883700
2.35010368200
2.35842852600
2.36675337100
2.37507821600
2.38340306100
2.39131166300
2.39963650800
2.40796135300
2.41628619800
2.42461104200
2.43293588700
2.44126073200
2.44958557700
2.45791042200
2.46623526600
2.47456011100
2.48288495600
2.49120980100
2.49953464500
2.50785949000
2.51618433500
2.52450918000
2.53283402500
2.54115886900
2.54948371400
2.55780855900
2.56613340400
2.57445824800
2.58278309300
2.59110793800
2.59943278300
2.60775762800
2.61608247200
2.62440731700
2.63273216200
2.64105700700
2.64938185100
2.65770669600
2.66603154100
2.67435638600
2.68268123100
2.69100607500
2.69933092000
2.70765576500
2.71598061000
2.72430545500
2.73263029900
2.74095514400
2.74927998900
2.75760483400
2.76592967800
2.77425452300
2.78257936800
2.79090421300
2.79922905800
2.80755390200
2.81587874700
2.82420359200
2.83252843700
2.84085328100
2.84917812600
2.85750297100
2.86582781600
2.87415266100
2.88247750500
2.89080235000
2.89912719500
2.90703579700
2.91536064200
2.92368548700
2.93201033200
2.94033517700
2.94866002100
2.95698486600
2.96530971100
2.97363455600
2.98195940000
2.99028424500
2.99860909000
3.00693393500
3.01525878000
3.02358362400
3.03190846900
3.04023331400
3.04855815900
3.05688300300
3.06520784800
3.07353269300
3.08185753800
3.09018238300
3.09850722700
3.10683207200
3.11515691700
3.12348176200
3.13180660700
3.14013145100
3.14845629600
3.15678114100
3.16510598600
3.17343083000
3.18175567500
3.19008052000
3.19840536500
3.20673021000
3.21505505400
3.22337989900
3.23170474400
3.24002958900
3.24835443300
3.25667927800
3.26500412300
3.27332896800
3.28165381300
3.28997865700
3.29830350200
3.30662834700
3.31495319200
3.32327803600
3.33160288100
3.33992772600
3.34825257100
3.35657741600
3.36490226000
3.37322710500
3.38155195000
3.38987679500
3.39820164000
3.40652648400
3.41485132900
3.42275993200
3.43108477600
3.43940962100
3.44773446600
3.45605931100
3.46438415600
3.47270900000
3.48103384500
3.48935869000
3.49768353500
3.50600837900
3.51433322400
3.52265806900
3.53098291400
3.53930775900
3.54763260300
3.55595744800
3.56428229300
3.57260713800
3.58093198200
3.58925682700
3.59758167200
3.60590651700
3.61423136200
3.62255620600
3.63088105100
3.63920589600
3.64753074100
3.65585558500
3.66418043000
3.67250527500
3.68083012000
3.68915496500
3.69747980900
3.70580465400
3.71412949900
3.72245434400
3.73077918800
3.73910403300
3.74742887800
3.75575372300
3.76407856800
3.77240341200
3.78072825700
3.78905310200
3.79737794700
3.80570279200
3.81402763600
3.82235248100
3.83067732600
3.83900217100
3.84732701500
3.85565186000
3.86397670500
3.87230155000
3.88062639500
3.88895123900
3.89727608400
3.90560092900
3.91392577400
3.92225061800
3.93057546300
3.93890030800
3.94722515300
3.95554999800
3.96387484200
3.97219968700
3.98010829000
3.98843313400
3.99675797900
4.00508282400
4.01340766900
4.02173251400
4.03005735800
4.03838220300
4.04670704800
4.05503189300
4.06335673700
4.07168158200
4.08000642700
4.08833127200
4.09665611700
4.10498096100
4.11330580600
4.12163065100
4.12995549600
4.13828034100
4.14660518500
4.15493003000
4.16325487500
4.17157972000
4.17990456400
4.18822940900
4.19655425400
4.20487909900
4.21320394400
4.22152878800
4.22985363300
4.23817847800
4.24650332300
4.25482816700
4.26315301200
4.27147785700
4.27980270200
4.28812754700
4.29645239100
4.30477723600
4.31310208100
4.32142692600
4.32975177000
4.33807661500
4.34640146000
4.35472630500
4.36305115000
4.37137599400
4.37970083900
4.38802568400
4.39635052900
4.40467537300
4.41300021800
4.42132506300
4.42964990800
4.43797475300
4.44629959700
4.45462444200
4.46294928700
4.47127413200
4.47959897700
4.48792382100
4.49583242400
4.50415726900
4.51248211300
4.52080695800
4.52913180300
4.53745664800
4.54578149300
4.55410633700
4.56243118200
4.57075602700
4.57908087200
4.58740571600
4.59573056100
4.60405540600
4.61238025100
4.62070509600
4.62902994000
4.63735478500
4.64567963000
4.65400447500
4.66232931900
4.67065416400
4.67897900900
4.68730385400
4.69562869900
4.70395354300
4.71227838800
4.72060323300
4.72892807800
4.73725292200
4.74557776700
4.75390261200
4.76222745700
4.77055230200
4.77887714600
4.78720199100
4.79552683600
4.80385168100
4.81217652600
4.82050137000
4.82882621500
4.83715106000
4.84547590500
4.85380074900
4.86212559400
4.87045043900
4.87877528400
4.88710012900
4.89542497300
4.90374981800
4.91207466300
4.92039950800
4.92872435200
4.93704919700
4.94537404200
4.95369888700
4.96202373200
4.97034857600
4.97867342100
4.98699826600
4.99532311100
5.00323171300
5.01155655800
5.01988140300
5.02820624800
5.03653109200
5.04485593700
5.05318078200
5.06150562700
5.06983047100
5.07815531600
5.08648016100
5.09480500600
5.10312985100
5.11145469500
5.11977954000
5.12810438500
5.13642923000
5.14475407500
5.15307891900
5.16140376400
5.16972860900
5.17805345400
5.18637829800
5.19470314300
5.20302798800
5.21135283300
5.21967767800
5.22800252200
5.23632736700
5.24465221200
5.25297705700
5.26130190100
5.26962674600
5.27795159100
5.28627643600
5.29460128100
5.30292612500
5.31125097000
5.31957581500
5.32790066000
5.33622550400
5.34455034900
5.35287519400
5.36120003900
5.36952488400
5.37784972800
5.38617457300
5.39449941800
5.40282426300
5.41114910700
5.41947395200
5.42779879700
5.43612364200
5.44444848700
5.45277333100
5.46109817600
5.46942302100
5.47774786600
5.48607271100
5.49439755500
5.50272240000
5.51104724500
5.51937209000
5.52769693400
5.53976795900
5.54809280400
5.55641764900
5.56474249400
5.57306733800
5.58139218300
5.58971702800
5.59804187300
5.60636671800
5.61469156200
5.62301640700
5.63134125200
5.63966609700
5.64799094200
5.65631578600
5.66464063100
5.67296547600
5.68129032100
5.68961516500
5.69794001000
5.70626485500
5.71458970000
5.72291454500
5.73123938900
5.73956423400
5.74788907900
5.75621392400
5.76453876800
5.77286361300
5.78118845800
5.78951330300
5.79783814800
5.80616299200
5.81448783700
5.82281268200
5.83113752700
5.83946237100
5.84778721600
5.85611206100
5.86443690600
5.87276175100
5.88108659500
5.88941144000
5.89773628500
5.90606113000
5.91438597400
5.92271081900
5.93103566400
5.93936050900
5.94768535400
5.95601019800
5.96433504300
5.97265988800
5.98098473300
5.98930957800
5.99763442200
6.00595926700
6.01428411200
6.02260895700
6.03093380100
6.03925864600
6.04758349100
6.05590833600
6.06423318100
6.07255802500
6.08046662800
6.08879147300
6.09711631700
6.10544116200
6.11376600700
6.12209085200
6.13041569700
6.13874054100
6.14706538600
6.15539023100
6.16371507600
6.17203992000
6.18036476500
6.18868961000
6.19701445500
6.20533930000
6.21366414400
6.22198898900
6.23031383400
6.23863867900
6.24696352300
6.25528836800
6.26361321300
6.27193805800
6.28026290300
6.28858774700
6.29691259200
6.30523743700
6.31356228200
6.32188712700
6.33021197100
6.33853681600
6.34686166100
6.35518650600
6.36351135000
6.37183619500
6.38016104000
6.38848588500
6.39681073000
6.40513557400
6.41346041900
6.42178526400
6.43011010900
6.43843495300
6.44675979800
6.45508464300
6.46340948800
6.47173433300
6.48005917700
6.48838402200
6.49670886700
6.50503371200
6.51335855600
6.52168340100
6.53000824600
6.53833309100
6.54665793600
6.55498278000
6.56330762500
6.57163247000
6.57995731500
6.58828215900
6.59660700400
6.60493184900
6.61325669400
6.62116529600
6.62949014100
6.63781498600
6.64613983100
6.65446467500
6.66278952000
6.67111436500
6.67943921000
6.68776405500
6.69608889900
6.70441374400
6.71273858900
6.72106343400
6.72938827900
6.73771312300
6.74603796800
6.75436281300
6.76268765800
6.77101250200
6.77933734700
6.78766219200
6.79598703700
6.80431188200
6.81263672600
6.82096157100
6.82928641600
6.83761126100
6.84593610500
6.85426095000
6.86258579500
6.87091064000
6.87923548500
6.88756032900
6.89588517400
6.90421001900
6.91253486400
6.92085970800
6.92918455300
6.93750939800
6.94583424300
6.95415908800
6.96248393200
6.97080877700
6.97913362200
6.98745846700
6.99578331200
7.00410815600
7.01243300100
7.02075784600
7.02908269100
7.03740753500
7.04573238000
7.05405722500
7.06238207000
7.07070691500
7.07903175900
7.08735660400
7.09568144900
7.10400629400
7.11233113800
7.12065598300
7.12898082800
7.13730567300
7.14563051800
7.15353912000
7.16186396500
7.17018881000
7.17851365400
7.18683849900
7.19516334400
7.20348818900
7.21181303400
7.22013787800
7.22846272300
7.23678756800
7.24511241300
7.25343725700
7.26176210200
7.27008694700
7.27841179200
7.28673663700
7.29506148100
7.30338632600
7.31171117100
7.32003601600
7.32836086000
7.33668570500
7.34501055000
7.35333539500
7.36166024000
7.36998508400
7.37830992900
7.38663477400
7.39495961900
7.40328446400
7.41160930800
7.41993415300
7.42825899800
7.43658384300
7.44490868700
7.45323353200
7.46155837700
7.46988322200
7.47820806700
7.48653291100
7.49485775600
7.50318260100
7.51150744600
7.51983229000
7.52815713500
7.53648198000
7.54480682500
7.55313167000
7.56145651400
7.56978135900
7.57810620400
7.58643104900
7.59475589300
7.60308073800
7.61140558300
7.61973042800
7.62805527300
7.63638011700
7.64470496200
7.65302980700
7.66093840900
7.66926325400
7.67758809900
7.68591294400
7.69423778900
7.70256263300
7.71088747800
7.71921232300
7.72753716800
7.73586201300
7.74418685700
7.75251170200
7.76083654700
7.76916139200
7.77748623600
7.78581108100
7.79413592600
7.80246077100
7.81078561600
7.81911046000
7.82743530500
7.83576015000
7.84408499500
7.85240983900
7.86073468400
7.86905952900
7.87738437400
7.88570921900
7.89403406300
7.90235890800
7.91068375300
7.91900859800
7.92733344200
7.93565828700
7.94398313200
7.95230797700
7.96063282200
7.96895766600
7.97728251100
7.98560735600
7.99393220100
8.00225704500
8.01058189000
8.01890673500
8.02723158000
8.03555642500
8.04388126900
8.05220611400
8.06053095900
8.06885580400
8.07718064900
8.08550549300
8.09383033800
8.10215518300
8.11048002800
8.11880487200
8.12712971700
8.13545456200
8.14377940700
8.15210425200
8.16042909600
8.16875394100
8.17707878600
8.18498738800
8.19331223300
8.20163707800
8.20996192300
8.21828676800
8.22661161200
8.23493645700
8.24326130200
8.25158614700
8.25991099100
8.26823583600
8.27656068100
8.28488552600
8.29321037100
8.30153521500
8.30986006000
8.31818490500
8.32650975000
8.33483459400
8.34315943900
8.35148428400
8.35980912900
8.36813397400
8.37645881800
8.38478366300
8.39310850800
8.40143335300
8.40975819800
8.41808304200
8.42640788700
8.43473273200
8.44305757700
8.45138242100
8.45970726600
8.46803211100
8.47635695600
8.48468180100
8.49300664500
8.50133149000
8.50965633500
8.51798118000
8.52630602400
8.53463086900
8.54295571400
8.55128055900
8.55960540400
8.56793024800
8.57625509300
8.58457993800
8.59290478300
8.60122962700
8.60955447200
8.61787931700
8.62620416200
8.63452900700
8.64285385100
8.65117869600
8.65950354100
8.66782838600
8.67615323100
8.68447807500
8.69280292000
8.70112776500
8.70945261000
8.71777745400
8.72610229900
8.73442714400
8.74275198900
8.75066059100
8.75898543600
8.76731028100
8.77563512600
8.78395997000
8.79228481500
8.80060966000
8.80893450500
8.81725935000
8.82558419400
8.83390903900
8.84223388400
8.85055872900
8.85888357300
8.86720841800
8.87553326300
8.88385810800
8.89218295300
8.90050779700
8.90883264200
8.91715748700
8.92548233200
8.93380717600
8.94213202100
8.95045686600
8.95878171100
8.96710655600
8.97543140000
8.98375624500
8.99208109000
9.00040593500
9.00873077900
9.01705562400
9.02538046900
9.03370531400
9.04203015900
9.05035500300
9.05867984800
9.06700469300
9.07532953800
9.08365438300
9.09197922700
9.10030407200
9.10862891700
9.11695376200
9.12527860600
9.13360345100
9.14192829600
9.15025314100
9.15857798600
9.16690283000
9.17522767500
9.18355252000
9.19187736500
9.20020220900
9.20852705400
9.21685189900
9.22517674400
9.23350158900
9.24182643300
9.25015127800
9.25847612300
9.26680096800
9.27470957000
9.28303441500
9.29135926000
9.29968410500
9.30800894900
9.31633379400
9.32465863900
9.33298348400
9.34130832800
9.34963317300
9.35795801800
9.36628286300
9.37460770800
9.38293255200
9.39125739700
9.39958224200
9.40790708700
9.41623193200
9.42455677600
9.43288162100
9.44120646600
9.44953131100
9.45785615500
9.46618100000
9.47450584500
9.48283069000
9.49115553500
9.49948037900
9.50780522400
9.51613006900
9.52445491400
9.53277975800
9.54110460300
9.54942944800
9.55775429300
9.56607913800
9.57440398200
9.58272882700
9.59105367200
9.59937851700
9.60770336100
9.61602820600
9.62435305100
9.63267789600
9.64100274100
9.64932758500
9.65765243000
9.66597727500
9.67430212000
9.68262696400
9.69095180900
9.69927665400
9.70760149900
9.71592634400
9.72425118800
9.73257603300
9.74090087800
9.74922572300
9.75755056800
9.76545917000
9.77378401500
9.78210886000
9.79043370400
9.79875854900
9.80708339400
9.81540823900
9.82373308400
9.83205792800
9.84038277300
9.84870761800
9.85703246300
9.86535730700
9.87368215200
9.88200699700
9.89033184200
9.89865668700
9.90698153100
9.91530637600
9.92363122100
9.93195606600
9.94028091000
9.94860575500
9.95693060000
9.96525544500
9.97358029000
9.98190513400
9.99022997900
9.99855482400
10.00687967000
10.01520451000
10.02352936000
10.03185420000
10.04017905000
10.04850389000
10.05682874000
10.06515358000
10.07347843000
10.08180327000
10.09012812000
10.09845296000
10.10677781000
10.11510265000
10.12342750000
10.13175234000
10.14007719000
10.14840203000
10.15672687000
10.16505172000
10.17337656000
10.18170141000
10.19002625000
10.19835110000
10.20667594000
10.21500079000
10.22332563000
10.23165048000
10.23997532000
10.24830017000
10.25662501000
10.26494986000
10.27327470000
10.28159955000
10.28992439000
10.29783299000
10.30615784000
10.31448268000
10.32280753000
10.33113237000
10.33945722000
10.34778206000
10.35610691000
10.36443175000
10.37275660000
10.38108144000
10.38940629000
10.39773113000
10.40605598000
10.41438082000
10.42270567000
10.43103051000
10.43935536000
10.44768020000
10.45600504000
10.46432989000
10.47265473000
10.48097958000
10.48930442000
10.49762927000
10.50595411000
10.51427896000
10.52260380000
10.53092865000
10.53925349000
10.54757834000
10.55590318000
10.56422803000
10.57255287000
10.58087772000
10.58920256000
10.59752741000
10.60585225000
10.61417710000
10.62250194000
10.63082679000
10.63915163000
10.64747647000
10.65580132000
10.66412616000
10.67245101000
10.68077585000
10.68910070000
10.69742554000
10.70575039000
10.71407523000
10.72240008000
10.73072492000
10.73904977000
10.74737461000
10.75569946000
10.76402430000
10.77234915000
10.78067399000
10.78899884000
10.79732368000
10.80564853000
10.81397337000
10.82229821000
10.83062306000
10.83894790000
10.84727275000
10.85559759000
10.86392244000
10.87599346000
10.88431831000
10.89264315000
10.90096800000
10.90929284000
10.91761769000
10.92594253000
10.93426738000
10.94259222000
10.95091707000
10.95924191000
10.96756676000
10.97589160000
10.98421645000
10.99254129000
11.00086614000
11.00919098000
11.01751583000
11.02584067000
11.03416551000
11.04249036000
11.05081520000
11.05914005000
11.06746489000
11.07578974000
11.08411458000
11.09243943000
11.10076427000
11.10908912000
11.11741396000
11.12573881000
11.13406365000
11.14238850000
11.15071334000
11.15903819000
11.16736303000
11.17568788000
11.18401272000
11.19233757000
11.20066241000
11.20898726000
11.21731210000
11.22563694000
11.23396179000
11.24228663000
11.25061148000
11.25893632000
11.26726117000
11.27558601000
11.28391086000
11.29223570000
11.30056055000
11.30888539000
11.31721024000
11.32553508000
11.33385993000
11.34218477000
11.35050962000
11.35883446000
11.36715931000
11.37548415000
11.38339275000
11.39171760000
11.40004244000
11.40836729000
11.41669213000
11.42501698000
11.43334182000
11.44166667000
