th
56.08468535324673
55.5656030948126
55.437370035029986
55.18671660980532
54.7774251602956
53.87368264789851
53.699748768642685
53.75301430212518
53.881754661101844
54.570350371376065
54.82303442536326
54.97656746687564
54.844572995171916
54.79757665848838
55.04303663051012
55.41352326937197
55.67145914202029
56.254451144148234
56.572423359976185
56.966982435272485
57.655819579015244
58.107149456553685
58.41905293787959
58.90575079854666
59.11205183758832
59.406358650993674
59.749018921845234
59.954854624867934
60.108042277362685
60.124740533391616
59.87794087039917
59.76285677958144
59.38250902321019
58.835806985035966
58.64194159274307
58.835431058072885
58.26918759752815
57.68693921713042
57.60781786818181
57.25187557117245
56.861813337966296
56.737334383874746
56.33317941762612
55.97884621276183
55.63985953449886
55.32444666936375
55.02493820360804
54.96863445002069
54.809177446090864
55.128719074541166
54.9476365338867
55.10381856895899
55.18971535255
55.36013628918396
55.70446696363384
56.053099355792725
56.3875139603639
56.92488545943802
57.20843884323739
57.41247473575835
57.9530485538049
57.97646708151172
58.454446340816865
58.8644662870463
59.159024242619665
59.67999457657031
59.90670732656237
60.01573652887327
60.182556158595446
59.670764498081894
59.47781688948022
59.47707839578194
59.32405335228791
59.09829331658154
58.612416526277364
58.15670023773794
57.513105344808956
57.33780663810275
56.97629567822515
56.555851385023
56.30059799113468
56.08548642274657
55.71787631844891
55.55692214070745
55.14481334762795
54.82602123267746
54.715793887979906
54.378935887109456
54.363815876402725
54.28418869597152
54.384960078641214
54.65128200810477
55.11727656413888
55.54827489129567
56.10442306209069
56.37310147686135
56.90089001026162
57.58185231744848
57.79245174762625
58.39286111102218
58.8684769484041
58.89132902169093
59.30437901831453
59.36287176596474
59.349718292079146
59.736681085131785
59.791608147989805
59.99540783602524
60.03199447235134
59.72512011690922
59.61001884001616
59.165312766736825
58.71596151284295
58.14341175543982
57.63994133571107
57.07539583204464
56.71484159091094
56.33275222404525
55.82237045402477
55.714891704228386
55.39454567489967
55.37587900205432
55.35887037934954
55.106641876187645
54.741836345930125
54.680225358230345
54.52742452974265
54.573567881311895
54.55358422462236
54.676098413062604
54.695282218227426
54.97676577363316
55.31939680290489
55.700698562444906
56.25132028874374
56.57668418728512
57.08158791736758
57.696374455534894
58.395921284731955
58.99611784930364
59.44790898471721
59.555469271780126
60.00454531097921
60.22927099496868
60.53469900486717
61.03484783389561
60.674383617002604
60.54536288924629
60.23549068891973
59.50477096353072
59.32566380987046
58.83387525054164
58.67843963253142
58.58806506783314
57.84413636902467
57.68220646066763
56.8785551574484
56.9256891431848
56.47458004296748
55.83333138305804
55.65192613048337
55.349793315977905
54.926923071037514
54.54460517137315
54.287700342418674
54.29810674861987
54.148002652897475
54.277420231751144
54.27420571187787
54.30356272409172
54.55201079229966
54.82694010636425
55.30715874521136
55.75721448604002
56.14546713610016
56.797699351443335
57.24115822190048
57.86368697950781
58.243497751832784
58.691646467833024
58.965371320482014
58.946318207264895
59.28890084670368
59.5095479483937
59.80476722758659
60.218804826928505
60.06073202038639
60.02076631617302
59.888309963191276
59.27697785133707
59.051190882364864
58.76728752494217
58.45758412896992
58.13179121792478
57.652566007932286
57.07112372323172
56.39078208296207
55.74296923881035
55.17067635447503
54.72317829842612
54.382143722153714
54.07923454180494
53.74118513837256
53.498920414154135
53.459140397340434
53.56273514361445
53.97062788979
53.920475208858704
54.24930769749077
54.38016150576526
54.55563890325577
55.15907294524979
55.373866019180724
56.055051440325265
56.21157829053553
56.74010184646973
57.38744879161729
57.870021883379934
59.000715936838816
59.347475993973376
60.06577682832705
60.21671314377388
60.645686049818515
60.63931269269561
60.97042544663454
61.20443988198053
60.9800827361377
60.85924514616638
60.27299222307775
59.84130227487551
59.53633037709533
59.24439946689789
58.73576658641115
58.223094101124325
57.62525249856209
56.96419387137914
56.43169496444118
55.84052153330244
55.52879929631769
55.112018118128454
54.9112603067376
54.21013554760765
53.93973163643512
53.6771042455261
53.52644604556473
53.48516445428653
53.86593912441195
54.21168064532185
54.288389345338295
54.57456569861756
54.861684781621804
55.22155574040115
55.82053041271484
56.38312758397042
56.719288713019985
57.28192639230529
58.056360979953844
58.31947766997775
58.82206789219631
59.21265795430026
59.37501956263573
59.52591416052126
59.845241360895216
59.686198525576245
59.9700401079925
60.02232958906004
59.78212222928885
59.853188552424996
59.46463135561592
59.20270114170937
59.07240432355124
58.804790070901234
58.31787511240507
57.69396490787671
57.061203131895255
56.32335663961011
56.12257912679731
55.50566440824587
54.99827558056794
54.80336943449499
54.34524634537409
54.13172517167858
53.73359008086447
53.68553346042193
53.78288094483139
53.935795642967214
54.047218962620214
54.285432804609805
54.40709533026791
54.456093785833765
54.95588854471162
55.303118723729305
55.51484165316831
56.2871279870152
56.58305156230562
56.99067465105834
57.86327244131321
58.060219523277794
58.73005277810531
59.26862803664136
59.21031240271178
59.80545114152918
59.88673512468385
60.05722182938398
60.598848714014615
60.14787640130993
59.915641574631465
59.89914592766213
59.4057924442085
59.4046184874023
59.078007675439586
58.427410978562584
58.247169807348236
57.425895878793014
56.78718829574137
56.27135627559044
55.75869555816062
55.3282426407424
54.59459746576004
54.53445345585946
54.122849699237456
53.76235066453375
53.62324094278012
53.6866538695322
53.68995690327628
53.78997389483709
53.94035671516639
54.31380014832023
54.455923898271735
54.795763109915555
55.27898419072488
55.55507682971445
56.00914788754198
56.61077900933271
56.93937438476652
57.946140324649775
58.40175877303473
59.05455112673015
59.47356345923737
59.666918888202574
59.70067323134953
60.33737305314668
60.25904527509047
60.350818924104196
60.71730345667642
60.167006688330396
60.19531206021704
59.95332519851327
59.0977880275164
58.94750690175642
58.31185202773477
57.7451590466623
57.3161787082697
56.441070084907714
55.79568264570964
55.652636134936316
55.18212625144431
55.091432593620716
54.65266249343053
54.71064520362385
54.15543369349717
54.11705538223642
54.074096571367704
53.96663599923924
53.94024701316094
54.292272478484115
54.628954714144065
54.69101334834935
54.816894328585306
55.121688781920774
55.437826633184436
55.78336259561851
56.33548021306225
56.843871658719195
57.45554007042726
58.130712800600215
58.57121015925799
59.3576220678238
59.637045551530456
59.96911207150992
60.050237905929016
60.197589865078655
60.42699924482498
60.44030403054475
60.64227397722452
60.46153372592976
60.215935768614195
59.80494249098064
59.405509368993584
59.270745799875044
58.92167718347143
58.33472524519849
57.916264580352895
57.416948280770114
56.45852980743449
56.27149151254099
55.692412595901274
55.15257642271199
54.7996832344601
54.34245101509288
53.98129243169698
53.797752378840904
53.56743776367339
53.45293394528726
53.660259467703845
53.81743155103053
53.986767413160415
53.96921638547498
54.4398596109944
54.67041887476611
55.21603261668805
55.73793974692222
56.21267795056685
56.766337904510024
57.425912922510925
58.10325644311512
58.60344459365357
59.0794056338727
59.35753755502318
59.46757559412816
59.54338020391969
59.857538146756916
60.16601838706504
60.505702914708394
60.47848181004727
60.33414963972605
60.214271352778816
59.769034597429915
59.44213554510309
59.15505554748761
58.86967553057211
58.3670476773748
57.665479661786016
56.98922185874156
56.421763846777814
56.0835787713515
55.54004277952558
55.131668968467636
54.861632530575825
54.39277226489278
54.31153286357683
53.78131730144824
53.479913584802176
53.48021568479391
53.75075808770287
53.73701131163077
54.13792291109757
54.20689858033828
54.629440859889755
55.048004742932186
55.464974622150514
56.07173095335269
56.332929303453696
56.81401429336689
57.40625851126565
57.90701209750543
58.32743654475038
58.783931395538126
59.30570667949429
59.52911950861669
59.843315270064785
60.058030507739645
60.201324819297405
60.50213619069228
60.04173996737059
59.90037223873727
59.66946169810477
59.08336038585606
59.103930672530396
59.13404753210817
58.40361432519522
57.79616754463502
57.500821095013244
56.571756401251214
56.260637321677486
55.8025824783128
55.24044438589014
54.82640962864278
54.664880341936616
54.23336643805464
53.84684341022888
53.53016179195983
53.796145436773614
53.877292575688
53.99571603476187
54.20553302120023
54.06249197951165
54.278224869684784
54.473013093562855
54.824709410503516
55.168037280409116
55.77969645911761
56.14132926923958
56.492674610462736
57.27312353267114
57.69571373534391
58.436828129654806
59.12844503595123
59.29292361008749
59.55088687017354
59.77453916154111
59.96243338692739
60.162065810912935
60.26385729165729
60.00230167456628
60.15465456915088
60.13004955039241
59.697009157546645
59.470748605339715
58.94590362870796
58.58038453785932
57.65889848346297
57.19365634749731
56.59158009418016
56.11774980616593
55.88234758168822
55.29250731180534
55.02694903821472
54.70543330367461
54.21693825042338
53.89769364975556
53.61074342190201
53.857725446620314
53.80375612628736
53.87659881058148
53.96546825818087
53.796774671556804
54.057237022552755
54.38216025109248
54.94973555672931
55.282269264960505
55.898707402586595
56.51210344144683
56.973095286119246
57.689621911453834
58.16191801599937
58.82170752455695
59.193521349821246
59.178826090783026
59.392738680205355
59.60407374929324
60.04056664684217
60.511442650216495
60.412294180951086
59.835516774032904
59.779946682066
59.199524614189265
58.80011810685039
58.73453765483116
58.36887475899389
57.816974712824084
57.37773586398265
56.72681930130181
56.142298920844176
55.995904295027835
55.130875223691746
55.015414207064836
54.59019931262031
54.21081682787088
53.7103230884199
53.34825517534755
53.457944241850626
53.373477904613765
53.89844994979528
54.046891357182446
54.502540996839215
54.43131027449783
54.78320763159121
55.17523816437707
55.77756616461049
56.08632260486309
56.5827164217159
56.96554336297605
57.51124821648337
57.94366311928013
58.35369838775736
58.75265042728721
59.14878199642291
59.35844627709735
59.59432692336448
59.9331484553015
59.9807302739486
60.314145125777365
60.07609618547713
59.90697663987387
59.80486243260703
59.43291917658788
59.294604095014456
58.79956285489146
58.13846898305931
57.673731271483085
57.07806408748805
56.46058233306094
55.921748400385944
55.67627992141493
55.1489817760587
54.63939472298364
54.44327725611162
54.01663159052661
53.7624117236803
53.55132061392531
53.581672930209834
53.908042416771416
53.958519687331055
54.1457194673231
54.1896063009699
54.392573298707
54.71793495413943
55.05575862124469
55.417258142012635
55.90549755968665
56.526182004435135
56.877905869384044
57.72115192055966
58.099122840289915
58.74770137044486
59.21406418076006
59.25121169559903
59.614722745851346
59.58153412886523
59.744471407958265
59.92111146241324
60.32274125341297
60.048698786912915
60.14087062089899
59.75962501287667
58.97493018308099
58.85471657886538
58.483329598960665
57.741413529452544
57.4217954846836
56.75431311719664
56.252536862754916
55.85081994343544
55.39305643539821
55.07564882871099
54.65624350571562
54.540229581825635
53.89578892443884
53.44701919233881
53.35850095042746
53.373107648692326
53.526751314247186
53.73714629751096
53.893680701454734
53.99385879427569
54.08608561883044
54.599136569489346
54.96892533362305
55.50073326120246
56.30663871615678
56.56922763661264
56.98096955872778
57.81244760179268
58.063967786171034
58.81585532445518
59.12453845672529
59.361216459748704
59.711201970019616
59.63272517400549
59.81315267331326
59.838414033341415
60.10317796788461
59.827162458545104
59.74928430027266
59.37291905520391
59.12729752211314
58.75420560331375
58.506140134981166
57.73966462260961
57.33238541599192
56.890319136697414
56.55346602476691
55.85955169931191
55.92215760271844
55.32233798757036
54.97078926640483
54.45319621981917
53.852806554334016
53.64586452958453
53.55266226529723
53.542134781793806
53.67124702941182
53.72652039465934
53.8651155235437
54.012841727039046
54.43730005996186
54.865459784695894
55.06279023191656
55.78313520245976
56.10979085183579
56.414105440898744
57.07685236292007
57.44040554807237
57.96980213196687
58.48719244817685
58.5030126220642
58.89850268548479
58.9818779260322
59.448445842027326
59.60192746345186
59.78528576368247
59.50434792717799
59.772525883288516
59.356612374699324
59.18851856251893
58.992855123048535
58.80959062555043
58.67451572090852
57.857062983621226
57.56177031299506
56.72342764650726
56.42200217057787
55.90263051623647
55.370409711476285
55.04543523863584
54.60419120376421
54.278070316815324
54.089834428485155
53.819385354919284
53.57157924591003
53.9197980701177
53.87511699216709
53.87015318290389
54.14409269231217
54.36958784775175
54.561544960841644
54.79761492317223
55.032136369129546
55.618779960437145
55.962770254681466
56.35468054005999
56.957250473003946
57.256041197657886
58.04643032999995
58.57921952575521
58.62730801373553
59.24663791383476
59.35863121464353
59.5096806732436
59.889083707350515
59.85246447951282
59.66763848505166
59.832908992334225
59.609345138511465
59.360946960483176
59.10031134084401
58.74879700845515
58.195525000085475
57.744269897336466
57.00426868433505
56.539401097937855
56.29264879064975
55.884617007931794
55.49220526106125
55.31408246392204
54.99741808393985
54.50439828006001
54.305718889464295
53.91346413107814
53.72546461029143
53.87304858194217
53.887341611898684
53.98553983082078
54.09300141418658
54.19021338930486
54.59954367030106
54.96411774244056
55.26428706058246
55.71564293911831
56.209169894992236
56.799425529480466
57.30897141111225
57.847777323554155
58.278863525130845
58.67542082771339
58.63537823568751
59.00676150917248
59.061579729411136
59.27686529203066
59.674477830306415
60.00429862321593
59.919088452112646
59.95086906157793
59.70151615709396
59.3682332906502
59.054725871959434
58.790708030104184
58.424644836839455
58.23897861320726
57.5388871797978
57.04699349521479
56.566302463698804
56.06147992049328
55.75002135033435
55.17588010942079
54.70634584879566
54.187336578254815
53.84793749934128
53.75756187112263
53.72579429410506
53.860940167595395
54.19052031641901
54.52864613482174
54.4274604516363
54.571811819976446
55.05926905851109
55.22190147911298
55.61053984934172
56.07963520000256
56.4071057932473
56.89771344206191
57.33147037723062
57.67835525310008
58.18745986124483
58.50928386083888
58.88571948696447
59.21618778368686
59.36600227016349
59.69465200618448
60.082555403591556
60.21782235869341
59.958785321405564
60.03720681837457
59.43294908777122
59.20400500996481
58.893382904139095
58.5885971066464
58.03002993141652
57.74953557784512
57.15774172195465
56.36177718304649
55.846563524013945
55.43000556808457
54.96049701983254
54.53435503965734
54.00903319266637
53.946269063797345
53.603885899955685
53.467240079223096
53.53450205969517
53.514819733517704
53.76385546282116
54.03763244239578
54.15902555435053
54.638134593246065
54.80016757082793
55.32619060207706
55.65192340647263
56.04860553027447
56.410618124251855
56.954192064766765
57.525590104426215
58.09185934795096
58.4425097900559
58.62835570367308
58.898735687209125
59.0193847730894
59.48202316282773
59.96699938202472
60.27800661225512
60.13991280888201
60.14286354330989
59.61972555021502
59.083555789440325
58.879144222979605
58.614863464882134
58.06045593700399
57.86849549413815
57.299833900495
56.507488128383024
56.389260493801174
55.869214864362704
55.73192792221031
55.30854879468545
54.90539563692093
54.410387770032216
54.04804434743215
53.840189607898246
53.889027458695935
53.881023431967925
53.9667117974881
53.81022787967447
53.8628117512695
53.94961754695946
54.16557047317273
54.61581994298461
55.15949109214322
55.702319601659724
56.19077961842823
56.694950147785654
57.3854403611285
57.80140387528575
58.476186349406866
58.687069093582366
58.77709134008389
59.02194253019802
59.07994420501996
59.248829737884954
59.347282781522196
59.69935890456855
59.75216622139468
59.53966927747907
59.309018103074855
59.11487539747658
59.04916287746317
58.67026142311577
58.45448432854888
57.946758115070104
57.33682417267905
56.7989636025918
56.43357266013169
55.84215026342777
55.37558033048407
54.933141310301984
54.57949234099822
53.953297666886805
53.89184751614492
53.52947525903401
53.45872859054581
53.61496511476287
53.445583589366166
53.70113848830334
53.89758118409497
54.09365863603853
54.321279689610876
54.66711352546952
55.153323438646375
55.631923634445556
56.030824092579785
56.59137464476524
56.96192196148252
57.56731866515119
57.98240284363503
58.64520465497198
58.8923961979921
59.34618576716881
59.54750509002045
59.70267804372404
60.06451377808625
60.10275978431272
60.06723814245708
60.018848116698564
59.75168817496972
59.522455461111385
59.34638292021343
59.05095996388814
58.7465821532231
58.110782037104364
57.37308221517668
56.95296690202442
56.298774370691326
55.76100390728389
55.24886639115994
54.92783754854831
54.34129134423507
53.95689762812206
53.52416409435169
53.29999345616531
53.53432035654112
53.745208136293094
53.70554774846535
54.02902829055319
53.96439869974063
54.325112486718794
54.45696930166382
54.71629171880948
55.43159099646266
55.33599618891841
55.831742414010755
56.30735183293948
56.86664463059586
57.42937468230284
57.92509317269218
58.167977266431514
58.52637545891413
58.74731806657351
59.073502425325245
59.180473871344795
59.70189045265877
59.68524784140949
59.987896411302444
59.983675169860526
59.7059332811693
59.65825468632527
59.2599333209322
58.781796045311935
58.3606157634892
57.843813611657055
57.54811999615274
56.80384084954127
56.19957256062079
55.70483599071724
55.24023679706484
54.889497334314754
54.34943388243631
54.060839432741375
53.69456520750851
53.89222399615778
53.94390849712376
54.22808176357898
54.2602390944827
54.485887379612244
54.56647245162162
54.621618473856095
54.807583804983054
55.10166294491265
55.46809663334625
55.930651537007265
56.243632367906294
56.943546451538445
57.35014007119188
57.86273937197266
58.48909925513832
58.70537297023816
59.03062867181328
59.26839730034082
59.39996570874483
59.63580664663567
60.01990068690836
59.773045427018936
59.86074521566778
59.79150139095721
59.56766165194067
59.37980245746883
58.64977044407979
57.876977824731846
57.24951918796909
56.63909784295974
56.062838935535844
55.70000476119266
55.411664737644486
54.9790328860957
54.7060571643278
54.532469069120914
54.4352302773252
54.07309369109541
53.91567316539708
53.67492654667609
53.62502862870028
53.643667162725386
53.528103545615366
53.79612972590329
53.93135907157983
54.2995152394048
54.86422446392228
55.5020601804915
56.058458255489285
56.53580482296396
56.989169415486906
57.588448342665544
58.05816490129746
58.61193136977848
59.23376592232704
59.14132697478712
59.534594034171455
59.18103303043442
59.29767878085997
59.53898277709206
59.76437710187533
59.58599324663585
59.678438402126915
59.29218395026184
58.986130688229906
58.70027987275449
58.354571089882086
58.160146268380025
57.515571573685406
56.94162704283815
56.11995808539428
55.5705289821362
55.10745415540008
54.78965929691122
54.43324670123271
53.77770470432211
53.31166402547747
52.77540403168812
52.59854172544037
52.40482898968708
52.62205672946853
52.88486908684745
53.121832577937475
53.538572591291036
53.69697302793553
54.07775392769755
54.58204722799135
54.977195911912816
55.63102635121414
56.071821061056546
56.52556773263107
57.25964599611915
57.79126437510387
58.26073411930295
58.50586966504316
58.64718756077146
58.863265851637586
59.086211562230666
59.726007357655355
59.957892115689724
60.35910570448034
60.15982345522395
60.10362256323267
59.793844183832846
59.35182211060407
59.20017272805468
58.743889757021485
58.41380502742974
57.897770210304536
57.10240542582218
56.57221154275082
56.15743795822197
55.790285088633354
55.41273378872396
55.07573365499282
54.609030619201626
54.088648989495304
53.88581388131638
53.53717518985003
53.42947401778941
53.34895671671789
53.23674561286586
53.54755678748044
53.61611378677634
53.94693870783888
54.247963343894355
54.555659327616
55.030777463920515
55.4894529808269
56.01524346650475
56.65304545508616
57.06297280457499
57.78302908396433
58.36235680463673
58.606351252467945
59.039812519233834
59.19170727225589
59.3805327854064
59.33108682294008
59.39283809746521
58.904534035832626
58.68845397708082
58.740300972805066
58.355075867183714
58.75347322797692
58.61527212336982
58.257915662147674
57.86365703517198
57.33193122522188
56.59325501340535
56.34316719049943
55.90614547768161
55.55624236262137
55.131943482882626
54.47640366754585
53.791976755568854
53.34209647650515
52.9413964822719
52.83938175424992
53.1482120945955
53.216466154829156
53.6181934427888
53.66425615604188
53.93239823165368
54.325864897309856
54.69729265405318
55.26860983867087
55.78112637604881
56.37223974013938
56.827707055646385
57.38861364864599
57.87422813337627
58.40117200400803
58.48268088687278
58.521760542311505
58.710439905165764
58.99903076928538
59.13288884842575
59.31394410743598
59.48222959316146
59.32469199708131
59.33710160844741
59.06193020133246
59.00377206094487
59.002930775484906
58.611279451312186
58.48669798962756
58.048789358902184
57.35537709192384
56.832326550425606
56.26306467577262
55.64592693037517
54.81259677688247
54.35295190689689
53.74310018993644
53.395062641837306
53.32070109621251
53.264672725220144
53.40300316539777
53.69526932426742
53.61723210946797
53.82910158409395
53.987429461531946
54.16670426915608
54.425201851004765
54.842509924264256
55.35496809580321
55.38856432497781
55.94826655173834
56.14176651924193
56.565201919371965
56.927012241254296
57.51426560203789
57.98787575230222
58.42225648296186
58.732070884438194
59.16105354656765
59.08510506205664
59.41695846317181
59.42186583412057
59.051219574039706
59.19562402666029
58.58606741995634
58.5793687521997
58.356188961365476
57.91530355084323
57.67112410687244
57.060833056149285
56.51701870410203
55.85556706794343
55.59433233646469
55.16666778114509
54.71248728584944
54.21420881139
53.78878285769987
53.5191193893449
53.30709594904458
52.91178969722616
52.81834874844492
53.30039085102305
53.26009191546203
53.44912413868759
53.5638106977105
53.95283312485068
54.29107639871755
54.681274816450156
55.02354981314772
55.291687461254746
55.86920823004801
56.30268310752272
56.87101957734774
57.5923161412629
57.961077796950995
58.320223277211625
58.598885202282325
58.70305510114615
58.8820529631117
59.12230700379743
59.303617661268454
59.12021920366637
59.25480158953566
59.06353925753077
58.75198486722283
58.654730501039346
58.30962448908111
58.11857309862193
57.28423563219999
56.93732058861118
56.47072643777917
55.95835955074677
55.69680028441727
55.30891050872504
54.99261724180852
54.79032974318049
54.174181916965814
53.796340635892776
53.27213368470244
52.99643916221067
53.009034280524
53.06328956638757
53.174635437905636
53.29563381462084
53.62562721139154
53.856035804754534
54.230766834894375
54.67078972903673
55.199537586156175
55.79899194029381
55.890375073536454
56.416227079658526
56.81253362928919
57.15117382654172
57.51553460237135
57.8090940250675
58.42294491377147
58.25551406501089
58.62584660512515
58.71914467064317
58.916798942474735
58.68734502361894
58.62856438695117
58.36235370999018
58.34574618314253
58.296989157882216
57.82828432235714
57.57044864553003
56.65895507081367
56.10471336821602
55.78958371254181
56.184819511302784
55.72305998758155
55.193264699207106
54.67595388731361
54.44338067454217
53.86137192751677
53.73960712373058
53.325676348425525
53.18359900891146
53.24399975531885
53.2360021596491
53.4358610151724
53.251956204345504
53.577184325613025
53.98685859551001
54.163343882411915
54.64893778950233
55.22892482094265
55.58053672857787
56.284804783430914
56.45789853281125
57.30019486102048
57.557965496167114
57.86210649025234
58.27775878225469
58.44743235908516
58.55577068564212
58.97625270451061
59.408672658062336
59.23501803045617
59.22868073586947
58.86963592598155
58.62511769712818
58.53517014455675
58.120402282334695
57.779547592200956
57.45456621372625
57.056856615468966
56.4856132441117
56.15051611111174
55.5289411953501
55.26516706425486
54.72869868222479
54.321273594482115
53.959475686482754
53.89487720503396
53.73175672795538
53.78797048965206
53.77137351897113
53.845909835320995
53.743945990352145
53.767201990298474
53.84612351433577
54.155652321691974
54.60604470331115
55.15539681028992
55.434975017956056
56.13234702549589
56.47722419795691
57.20053925371352
57.603550389870584
58.06837146397612
58.53623861819947
58.448967053217615
58.867250054127524
58.865802214338515
