x
0.08855451440
0.09500056316
0.09642539398
0.09505174256
0.09090839034
0.08394844677
0.07546218788
0.06470219799
0.05288900085
0.03969837631
0.02535027171
0.00982037614
-0.00608008852
-0.02207017711
-0.03755368059
-0.05175445718
-0.06437384379
-0.07594155184
-0.08499499822
-0.09215983885
-0.09707651583
-0.09936237828
-0.09904077737
-0.09649206578
-0.09144113334
-0.08453135233
-0.07587377154
-0.06504983413
-0.05311894769
-0.03992513491
-0.02571906281
-0.01082792532
0.01256238090
0.02728076236
0.04162912512
0.05548525831
0.06726411143
0.07722978893
0.08553994422
0.09197886360
0.09598814038
0.09783946159
0.09666495092
0.09308380744
0.08693931673
0.07871341138
0.06852378959
0.05650920066
0.04284464969
0.02800698587
0.01219403167
-0.00379410175
-0.02008280542
-0.03568745233
-0.05044591945
-0.06371311040
-0.07508882029
-0.08482740049
-0.09196605386
-0.09662362581
-0.09917244449
-0.09861287535
-0.09591298830
-0.09078381262
-0.08355704029
-0.07476076206
-0.06475787243
-0.05240436582
-0.03914924886
-0.02509921902
-0.01018916152
0.00517794182
0.01973817796
0.03418654629
0.04837348555
0.06096325961
0.07172301903
0.08139199289
0.08859551994
0.09370508286
0.09668629543
0.09711368398
0.09488980050
0.09040465805
0.08345669763
0.07439797541
0.06343807812
0.05062871383
0.03657223739
0.02111281840
0.00515148660
-0.01101304907
-0.02702175369
-0.04200924004
-0.05637538955
-0.06880627661
-0.07969912770
-0.08858564113
-0.09472982750
-0.09877290798
-0.10022145020
-0.09881086345
-0.09545220187
-0.08976073807
-0.08185927961
-0.07266382567
-0.06132570260
-0.04897070154
-0.03549485365
-0.02091714114
-0.00578470974
0.00949900194
0.02484822462
0.03913357657
0.05294647851
0.06503194895
0.07536647267
0.08365221211
0.09018372910
0.09451698381
0.09628120329
0.09578876786
0.09287766405
0.08698518927
0.07939457936
0.06917909802
0.05745316686
0.04426601664
0.03023333891
0.01473052871
-0.00083948388
-0.01695603455
-0.03257017945
-0.04722909271
-0.06108178887
-0.07295257049
-0.08319876195
-0.09127609113
-0.09701787818
-0.10004670220
-0.10059971240
-0.09858446009
-0.09461515113
-0.08834785841
-0.08025837106
-0.07028970093
-0.05853588707
-0.04510254898
-0.03078192891
-0.01566234184
-0.00021977454
0.01490137238
0.02979603166
0.04404386932
0.05708285419
0.06903927192
0.07843028856
0.08700255010
0.09255936679
0.09559318058
0.09667849285
0.09502658135
0.09080966898
0.08420368360
0.07577680571
0.06515667821
0.05255870018
0.03920198386
0.02435934991
0.00839888183
-0.00721933468
-0.02327174143
-0.03843106998
-0.05253274872
-0.06535178555
-0.07651734936
-0.08579414722
-0.09298703913
-0.09755767791
-0.09994579571
-0.09975470887
-0.09702250650
-0.09245878934
-0.08553657048
-0.07688468554
-0.06664676356
-0.05467470160
-0.04125816237
-0.02696780198
-0.01178239570
0.00370820415
0.01919317323
0.03416086983
0.04812276671
0.06013400065
0.07087347764
0.08002687703
0.08699011278
0.09209092246
0.09483774162
0.09509611737
0.09266984503
0.08760544292
0.08009412299
0.07086221893
0.05963177226
0.04746227869
0.03304920032
0.01832903266
0.00325676929
-0.01200088077
-0.02719648324
-0.04154184276
-0.05538804221
-0.06747934041
-0.07850301493
-0.08763429120
-0.09419938943
-0.09916528585
-0.10073813680
-0.10027742490
-0.09698099783
-0.09181039877
-0.08425613386
-0.07501976055
-0.06404632683
-0.05135656007
-0.03781506364
-0.02299989364
-0.00770053323
0.00792987692
0.02327249853
0.03768508273
0.05116113379
0.06324209287
0.07381210260
0.08245766079
0.08926185162
0.09387585910
0.09584301851
0.09527221453
0.09151714418
0.08570014335
0.07732165436
0.06779502310
0.05602151905
0.04310700908
0.02904385683
0.01391660968
-0.00135047191
-0.01738490054
-0.03261134907
-0.04768885337
-0.06101938586
-0.07291403085
-0.08277667813
-0.09107761829
-0.09640454971
-0.09967376290
-0.10046538390
-0.09875976707
-0.09480823904
-0.08904935500
-0.08093521078
-0.07128807602
-0.05990246798
-0.04681246001
-0.03326469794
-0.01847600586
-0.00311141921
0.01243983614
0.02777031857
0.04188339932
0.05470787956
0.06624850992
0.07630266033
0.08447101093
0.09061937353
0.09429120180
0.09568102460
0.09413937538
0.09034867934
0.08353549034
0.07530377949
0.06520180503
0.05275443368
0.03998841487
0.02540522555
0.01024032986
-0.00548485825
-0.02118948423
-0.03647671683
-0.05039257458
-0.06420091819
-0.07544976973
-0.08495161774
-0.09258197711
-0.09711025380
-0.09992935374
-0.10022011590
-0.09767628487
-0.09353818505
-0.08703037481
-0.07863889885
-0.06860766079
-0.05678094756
-0.04375407482
-0.02971718689
-0.01484846384
0.00060418434
0.01593857903
0.03105449866
0.04521239848
0.05831599547
0.06922751258
0.07836047852
0.08621841775
0.09159247954
0.09446272678
0.09535124734
0.09307576761
0.08839673119
0.08151903163
0.07270350388
0.06152975224
0.04969761079
0.03546502629
0.02066496002
0.00519386242
-0.01005310244
-0.02559201796
-0.04056001954
-0.05501003962
-0.06782967815
-0.07852303393
-0.08795712334
-0.09455692526
-0.09902363777
-0.10086346570
-0.10010166410
-0.09685745717
-0.09223263864
-0.08484701762
-0.07594113599
-0.06559619852
-0.05342133593
-0.04038932704
-0.02635272668
-0.01163480014
0.00369230501
0.01869808326
0.03331606431
0.04727849026
0.05964944931
0.07064786492
0.08000564476
0.08721951517
0.09259202523
0.09502157045
0.09535470199
0.09233785403
0.08743782640
0.07988226497
0.07050338750
0.05875189618
0.04625296779
0.03217535235
0.01760540682
0.00212134705
-0.01371248444
-0.02938921278
-0.04425567426
-0.05796436426
-0.07012676480
-0.08104013909
-0.08966027130
-0.09574007734
-0.09984601008
-0.10102083230
-0.09995180993
-0.09637774217
-0.09068442346
-0.08275713504
-0.07326849520
-0.06187188049
-0.04896308718
-0.03493239052
-0.02085152613
-0.00562532209
0.00942052943
0.02439268740
0.03884740882
0.05263430361
0.06464301179
0.07471632102
0.08367716176
0.08990865904
0.09401440279
0.09557550366
0.09444847379
0.09099054482
0.08522085012
0.07709653783
0.06714058741
0.05540130875
0.04241357633
0.02788122256
0.01237443386
-0.00268785527
-0.01842923060
-0.03351466978
-0.04845699802
-0.06189034209
-0.07391513654
-0.08382766200
-0.09186876693
-0.09722125386
-0.10013439770
-0.10051608070
-0.09845839565
-0.09417934683
-0.08813846945
-0.08005928145
-0.07024338035
-0.05851890601
-0.04579981031
-0.03187428161
-0.01685287410
-0.00165014436
0.01353777722
0.02865030037
0.04292991202
0.05555737942
0.06724072367
0.07701072945
0.08516763878
0.09119177700
0.09464056468
0.09575981348
0.09393467312
0.09023274973
0.08337848167
0.07430986591
0.06410288608
0.05215548874
0.03812829012
0.02393937055
0.00773099023
-0.00769916092
-0.02409456431
-0.03881163868
-0.05312333174
-0.06595387215
-0.07691368184
-0.08631823982
-0.09321539801
-0.09779894858
-0.10008075540
-0.10004981290
-0.09741830620
-0.09290428621
-0.08609344837
-0.07749059932
-0.06711573139
-0.05524237927
-0.04204177802
-0.02776719975
-0.01332932336
0.00198285220
0.01701992355
0.03177445098
0.04570645792
0.05877089083
0.06961723197
0.07958674478
0.08718439678
0.09214115094
0.09488002231
0.09546130676
0.09309794245
0.08820733577
0.08125701896
0.07249236353
0.06175601126
0.04914122660
0.03497828054
0.01974407030
0.00411194828
-0.01158815456
-0.02699576504
-0.04185177276
-0.05566382451
-0.06797897385
-0.07854269651
-0.08760134482
-0.09407556123
-0.09849015446
-0.10050633250
-0.09958498243
-0.09652943195
-0.09134089819
-0.08409306807
-0.07480511137
-0.06388667434
-0.05137674943
-0.03762578117
-0.02343907082
-0.00880809787
0.00633792628
0.02160877171
0.03608631554
0.04965725369
0.06224567852
0.07285813856
0.08174333637
0.08888056834
0.09332430341
0.09563093339
0.09513643900
0.09195452746
0.08631800431
0.07865777944
0.06930179623
0.05791293858
0.04504123494
0.03071794176
0.01502031764
0.00025825619
-0.01596183557
-0.03166866760
-0.04629261410
-0.05984303365
-0.07193103819
-0.08226624473
-0.09047649834
-0.09606655087
-0.09963242430
-0.10046996800
-0.09865221757
-0.09479269392
-0.08894294472
-0.08130568363
-0.07200208570
-0.06103178708
-0.04811961579
-0.03472847795
-0.02020201671
-0.00505619382
0.00976544437
0.02458703447
0.03895911586
0.05241010853
0.06446480182
0.07493338057
0.08363171010
0.08949456162
0.09388764632
0.09536772899
0.09416775585
0.09035022653
0.08405518650
0.07615623442
0.06627190145
0.05456096768
0.04087719734
0.02637064223
0.01111248519
-0.00502350626
-0.02088339789
-0.03597019028
-0.05014441107
-0.06318881572
-0.07472050320
-0.08443213297
-0.09194184513
-0.09719103595
-0.09986587886
-0.10018542410
-0.09804100001
-0.09363742024
-0.08733618577
-0.07899759692
-0.06893114207
-0.05747886058
-0.04468328695
-0.03057926609
-0.01573306232
-0.00062012800
0.01429665119
0.02921498222
0.04381939649
0.05660251786
0.06804711921
0.07776892940
0.08581331045
0.09136359650
0.09446037578
0.09524742783
0.09311310665
0.08870443014
0.08188012376
0.07354470945
0.06355641280
0.05034292741
0.03715763127
0.02217622715
0.00663744433
-0.00907406351
-0.02463122972
-0.03979234559
-0.05400178192
-0.06704401693
-0.07792479202
-0.08740495153
-0.09399963940
-0.09857105417
-0.10057638880
-0.09977205974
-0.09703970898
-0.09185979088
-0.08481675642
-0.07611825762
-0.06560484268
-0.05341315894
-0.04040788185
-0.02605058212
-0.01122203166
0.00436174207
0.01951817271
0.03446511495
0.04791124874
0.06011431861
0.07132998452
0.08053609063
0.08744563695
0.09254769769
0.09503443982
0.09521518044
0.09216760164
0.08684340765
0.07937312891
0.07049923099
0.05920306568
0.04691231231
0.03267179300
0.01750694169
0.00201974857
-0.01363434493
-0.02932525415
-0.04391758768
-0.05812530240
-0.07011903828
-0.08057329793
-0.08936287518
-0.09528496265
-0.09935644757
-0.10047739900
-0.09924910133
-0.09580357628
-0.08998920963
-0.08264764108
-0.07341698183
-0.06254914262
-0.05006661064
-0.03676831065
-0.01412710903
0.00069861319
0.01609728906
0.03114755418
0.04515498137
0.05808224799
0.06943747904
0.07909615256
0.08634692385
0.09242150826
0.09522974206
0.09588256024
0.09377314982
0.08875718656
0.08231938410
0.07380870327
0.06298606387
0.05043782494
0.03625526325
0.02087639922
0.00508723396
-0.01086549298
-0.02624907944
-0.04144223540
-0.05515007311
-0.06767074706
-0.07820744803
-0.08736854401
-0.09366956972
-0.09795702072
-0.09982624040
-0.09882550578
-0.09592803000
-0.09064239985
-0.08376611386
-0.07454623104
-0.06384584278
-0.05125253050
-0.03809485392
-0.02347724263
-0.00848348982
0.00635244903
0.02165023261
0.03635494586
0.04950853161
0.06153770959
0.07240840537
0.08123835174
0.08811052044
0.09291327791
0.09548967942
0.09524356409
0.09256121428
0.08752157479
0.07996361279
0.07015551240
0.05953563482
0.04631833768
0.03227435757
0.01710106327
0.00189247018
-0.01410185910
-0.02941105476
-0.04419399788
-0.05785861742
-0.07011966717
-0.08047789328
-0.08899864269
-0.09475289403
-0.09867318117
-0.09985892652
-0.09819722653
-0.09484751295
-0.08907665671
-0.08143649767
-0.07221772410
-0.06104675194
-0.04859562313
-0.03521750493
-0.02066818339
-0.00555847529
0.00939512118
0.02481198070
0.03928725671
0.05256732307
0.06489818249
0.07526806763
0.08350964738
0.08994792449
0.09413073816
0.09610004960
0.09543276467
0.09196622720
0.08644672221
0.07815291344
0.06822936063
0.05631617112
0.04319040624
0.02834109670
0.01319330742
-0.00272179444
-0.01853364299
-0.03416774113
-0.04837303012
-0.06176065203
-0.07338798848
-0.08306939941
-0.09071592342
-0.09629133615
-0.09924737845
-0.09981578786
-0.09762796577
-0.09363787621
-0.08721812219
-0.07867587339
-0.06847655839
-0.05732473193
-0.04425718407
-0.03048347956
-0.01545656692
-0.00029490761
0.01516691368
0.03014125691
0.04402458774
0.05688581930
0.06802058397
0.07766785367
0.08564286216
0.09153278485
0.09517863973
0.09611861137
0.09453746923
0.09022732244
0.08339076025
0.07446400158
0.06406717875
0.05178879791
0.03778150529
0.02350933032
0.00893033053
-0.00707728090
-0.02275753449
-0.03796049692
-0.05209755111
-0.06499099964
-0.07588928053
-0.08516342702
-0.09235571568
-0.09703679211
-0.09943252785
-0.09918174569
-0.09651622710
-0.09187768863
-0.08500403687
-0.07678082842
-0.06644539766
-0.05463556844
-0.04130186848
-0.02706143735
-0.01207585291
0.00315421192
0.01858213003
0.03322596503
0.04695521738
0.05924510214
0.07030950641
0.07932558565
0.08672924688
0.09204594673
0.09500905184
0.09533610168
0.09283162226
0.08854535383
0.08145975680
0.07231734449
0.06117020686
0.04835357463
0.03470569172
0.01951587912
0.00375168864
-0.01213278521
-0.02743333437
-0.04221503380
-0.05568467411
-0.06810678915
-0.07875720159
-0.08770015362
-0.09415989613
-0.09828262612
-0.09978202931
-0.09878425586
-0.09571730411
-0.09022375712
-0.08315198077
-0.07403174824
-0.06318795928
-0.05070756550
-0.03752632322
-0.02308446949
-0.00778009915
0.00723874450
0.02265212948
0.03740655218
0.05087295682
0.06278339675
0.07310125106
0.08222876563
0.08904328606
0.09398575953
0.09595668471
0.09548506548
0.09227865268
0.08692222633
0.07948775859
0.07010966201
0.05833036000
0.04521514003
0.03048319635
0.01477013960
-0.00053535576
-0.01676052955
-0.03209337332
-0.04645157613
-0.05969902735
-0.07174630626
-0.08198456215
-0.09009698599
-0.09575386249
-0.09924127466
-0.09994682042
-0.09823140882
-0.09455463467
-0.08846855640
-0.08041309938
-0.07047561226
-0.05928382575
-0.04647767987
-0.03239620851
-0.01748533670
-0.00230504050
0.01295682330
0.02777725916
0.04176610053
0.05463509538
0.06619048550
0.07595626256
0.08421687044
0.09038504909
0.09432391937
0.09575545944
0.09472292779
0.09065379404
0.08477508957
0.07601965590
0.06600540470
0.05386098579
0.04079471765
0.02646434394
0.01112549229
-0.00443638766
-0.02044628212
-0.03588350590
-0.05009448995
-0.06336031156
-0.07426873080
-0.08391646842
-0.09113041254
-0.09638622299
-0.09906752983
-0.09962738400
-0.09739332585
-0.09311981287
-0.08645198765
-0.07763415729
-0.06765132708
-0.05529172784
-0.04257413515
-0.02875547959
-0.01368616883
0.00127495859
0.01631119047
0.03113477096
0.04536487353
0.05788477049
0.06861007462
0.07831197115
0.08579805540
0.09150061791
0.09477827175
0.09583429722
0.09395941328
0.08983632635
0.08291674746
0.07384245772
0.06299006195
0.05056165056
0.03630968004
0.02164941621
0.00578416291
-0.00982507415
-0.02552010263
-0.04027805925
-0.05413204729
-0.06636083217
-0.07698901329
-0.08590383277
-0.09259619591
-0.09719966839
-0.09920701367
-0.09862731992
-0.09587291898
-0.09072460111
-0.08340949315
-0.07451934149
-0.06367047506
-0.05166180348
-0.03862448490
-0.02436230884
-0.00938596122
0.00561383619
0.02103088666
0.03593265375
0.04956317288
0.06153410681
0.07247460458
0.08102066966
0.08808074636
0.09297748719
0.09560419850
0.09562337653
0.09277852250
0.08791264323
0.08009670470
0.07097748934
0.05963249140
0.04697068112
0.03265107706
0.01787528742
0.00237947661
-0.01320799206
-0.02876183301
-0.04364106332
-0.05694119465
-0.06939029414
-0.07977910632
-0.08844107380
-0.09456161418
-0.09836643186
-0.09977811805
-0.09833331260
-0.09477602643
-0.08903271634
-0.08150220372
-0.07195571349
-0.06141956011
-0.04894443916
-0.03572114010
-0.02178334149
-0.00717908237
0.00799375897
0.02289056082
0.03703333825
0.05053233134
0.06234081961
0.07309713478
0.08171453638
0.08862139177
0.09325397031
0.09529517555
0.09497289790
0.09205074483
0.08637983394
0.07843889638
0.06905893604
0.05758497463
0.04366214216
0.02844027375
0.01303981568
-0.00308097602
-0.01884021586
-0.03450997608
-0.04911041894
-0.06223050844
-0.07361228941
-0.08315979087
-0.09107351720
-0.09644406914
-0.09958237572
-0.10040520690
-0.09818847223
-0.09423053919
-0.08736936897
-0.07904832986
-0.06883816079
-0.05703892060
-0.04404603025
-0.03048348294
-0.01561490035
-0.00042488140
0.01455276713
0.02966515733
0.04342445419
0.05564892388
0.06681641192
0.07639738027
0.08414572437
0.09019255048
0.09388553182
0.09519836062
0.09368816279
0.09000291710
0.08356448627
0.07541534271
0.06486158696
0.05251383949
0.03898230671
0.02400101506
0.00840938285
-0.00673957516
-0.02242954852
-0.03729358689
-0.05093454598
-0.06414750055
-0.07522288476
-0.08443002675
-0.09194287651
-0.09694269438
-0.09944078196
-0.09935881190
-0.09682549259
-0.09195637894
-0.08496241764
-0.07634984533
-0.06592720114
-0.05406075513
-0.04077785214
-0.02696442325
-0.01189913632
0.00326289597
0.01830201402
0.03307717567
0.04671189040
0.05901074745
0.06972846425
0.07889731067
0.08681811783
0.09232806964
0.09538207018
0.09599515445
0.09380289046
0.08898359458
0.08208618518
0.07284236924
0.06211737907
0.04907548809
0.03509611316
0.02023959080
0.00504306395
-0.01099901826
-0.02664142894
-0.04125609917
-0.05515329571
-0.06778853509
-0.07872034069
-0.08761459027
-0.09387543909
-0.09805438116
-0.09969015852
-0.09865104747
-0.09552845416
-0.09016302037
-0.08294795790
-0.07361765151
-0.06275462459
-0.05051227075
-0.03688527527
-0.02278128042
-0.00756718945
0.00671773603
0.02139307294
0.03560934728
0.04946544512
0.06156417499
0.07243367020
0.08192663226
0.08879806728
0.09352555917
0.09568808471
0.09502602490
0.09189806682
0.08644421538
0.07853262292
0.06893006583
0.05759316394
0.04455803491
0.03045716637
0.01555197585
-0.00000972728
-0.01574551361
-0.03089589428
-0.04543594122
-0.05897036733
-0.07119495285
-0.08152185879
-0.08962943008
-0.09558083894
-0.09907874934
-0.09974714785
-0.09798313927
-0.09417587801
-0.08839306975
-0.08048860419
-0.07085150378
-0.05965267672
-0.04732226114
-0.03356767360
-0.01896720060
-0.00411467873
0.01139573728
0.02602369961
0.04098338160
0.05390773112
0.06555984885
0.07566505747
0.08399626915
0.09016739933
0.09385621285
0.09509764487
0.09364780829
0.08972155148
0.08367116808
0.07505796165
0.06538306200
0.05380640730
0.03982219952
0.02515109258
0.01012105720
-0.00579548252
-0.02097439040
-0.03579459132
-0.05028647195
-0.06260240112
-0.07393010079
-0.08329361993
-0.09065928307
-0.09571607324
-0.09858823380
-0.09883260606
-0.09665913684
-0.09227180400
-0.08603379364
-0.07753268540
-0.06742131527
-0.05569617139
-0.04250801039
-0.02878713019
-0.01367457464
0.00127397670
0.01651113019
0.03141531510
0.04522692692
0.05774319596
0.06906760409
0.07799856533
0.08569523833
0.09131069010
0.09437745719
0.09498525654
0.09301240633
0.08862725765
0.08183728969
0.07248431138
0.06142883605
0.04958557506
0.03590457852
0.02073793970
0.00512618906
-0.01048891359
-0.02594961209
-0.04046061035
-0.05428061947
-0.06669099338
-0.07760358567
-0.08621739869
-0.09293579654
-0.09752199940
-0.09925826896
-0.09865426630
-0.09576549263
-0.09058709646
-0.08326228863
-0.07424012608
-0.06328063376
-0.05115447190
-0.03789479960
-0.02341685943
-0.00866717122
0.00664257154
0.02192385872
0.03625363457
0.04936242394
0.06166373428
0.07206512335
0.08115341051
0.08843823293
0.09311805779
0.09551739702
0.09543697510
0.09241766100
0.08728079024
0.07950061310
0.06970929262
0.05868801165
0.04524092947
0.03144157604
0.01598728150
0.00033701460
-0.01536795365
-0.03059744361
-0.04527284644
-0.05872015238
-0.07070048004
-0.08035984151
-0.08849877394
-0.09438358741
-0.09774210165
-0.09869157140
-0.09729579726
-0.09406511275
-0.08785831344
-0.07993186371
-0.07049395786
-0.05887426291
-0.04603747310
-0.03239339605
-0.01809034677
-0.00333242430
0.01163714035
0.02612247329
0.03989474291
0.05918644881
0.07015022280
0.07979996788
0.08718595506
0.09249877495
0.09527653811
0.09550557292
0.09348825147
0.08841799210
0.08168937378
0.07238104666
0.06175912860
0.04916701535
0.03540256151
0.02763026608
0.00479405907
-0.01075916708
-0.02628998156
-0.04102812750
-0.05485986158
-0.06737695644
-0.07785364260
-0.08688496153
-0.09304306256
-0.09734220917
-0.09882444574
-0.09789603357
-0.09476784433
-0.08937789631
-0.08520645444
-0.07299206497
-0.06223619208
-0.04992933439
-0.03691959004
-0.02229126858
-0.00768135587
0.00709051473
0.02240266715
0.03686067478
0.05043137586
0.06256877803
0.07340674511
0.08206019692
0.08880631973
0.09133289562
0.09530941287
0.09473671258
0.09160971691
0.08637172891
0.07871460748
0.06906398932
0.05718828026
0.04427124932
0.02943076115
0.01423071545
-0.00153370104
-0.01757250791
-0.03215642641
-0.04765816116
-0.05540996438
-0.07311321241
-0.08293352265
-0.09083409085
-0.09606276847
-0.09901126941
-0.09968520883
-0.09760078891
-0.09362778122
-0.08727894519
