a
-113.39746340027179
-119.53936281911025
-123.64599914607338
-127.52597312276207
-131.46048004931413
-135.60397904482312
-139.786546185751
-144.1832915215045
-148.2940004229272
-152.69521104266155
-156.85233497413762
-161.05858169890163
-164.9209004528708
-169.12699475541072
-173.42310647475708
-177.79575811003454
177.94196216973563
174.1096212990249
170.04633227041384
166.20663702269994
162.22046739047025
157.88608559821816
153.56738054178655
149.42835560436683
145.52129270386956
141.25185625041033
137.04386873669162
132.8110852197007
128.2602477234042
124.0232836934929
119.72133659855297
115.65073748811349
109.94945827492377
105.7453498549312
101.65019700007497
97.72933558213296
93.44690229972277
89.3527639365778
85.20113130530028
81.18316068070207
77.35302219845866
73.21015754844848
68.88667143398021
64.89303603299058
60.8370239755371
56.72573562935686
52.93375295152072
49.06735212724237
45.22348576709361
41.11046733987041
37.177064294049245
32.967923741833616
28.763597241919296
24.76926892229749
20.66996204791673
16.87627865884182
12.820359986631818
8.989224706420039
4.983106074547559
0.9822311666033704
-3.121319194474616
-7.087586139116422
-11.1128112119476
-14.903309590472954
-18.89406615807906
-22.920316811345344
-26.83401897823238
-30.95139360313288
-35.033131952777595
-39.18399120403433
-42.992348372109845
-47.308801815351885
-51.22437428340566
-55.14096731609355
-59.10680171293144
-63.23181403021173
-67.04578106995636
-70.99335945602483
-74.9948594469803
-79.34196981038588
-83.61355853629715
-87.75656127524958
-91.75658927280888
-95.88395348338179
-99.74396628230723
-103.62518938359743
-107.56469702272535
-111.87369717761163
-115.91143802559118
-119.87794723093977
-124.06207479937275
-128.0557367746933
-132.19891688938264
-136.4738200717532
-140.66493610214857
-144.86731380792514
-149.27277179378248
-153.50658431962418
-157.59988824650557
-161.28715402153418
-165.54114728794082
-169.42998301950564
-173.791633613425
-177.85820132664875
178.04215459145894
174.0604054115094
169.99239006624092
165.72032313090892
161.65279031198241
157.70946639439873
153.57216594102536
149.40228779362593
145.3483579134912
141.08468507971165
136.84790717398346
132.76393294687895
128.5294529576188
124.21499387569435
119.82959519596169
115.63742578181235
111.400819755029
107.43115407515437
103.181024397249
98.92580629686125
94.63311311679116
90.6777356342743
86.37735311520407
82.5282113377888
78.32303633525063
74.36392497481825
70.04285191719597
66.06310073915708
61.71752829950738
57.650589284753636
53.545934259716674
49.38306157733056
45.44924855718008
41.75634348737055
37.761741208379355
33.87872337675841
30.28593464830336
26.428351365747744
22.1840714664129
18.165527817074324
14.533523277109477
10.541817824736771
6.538339498184446
2.498910579150694
-1.5589569921016844
-5.603991985196544
-9.690662571603333
-13.691753999903236
-17.907813179258454
-21.959131998006526
-25.894325267655212
-29.693885271338466
-33.51456513117602
-37.481935493317025
-41.40905144590659
-45.58097386257471
-49.40039518438712
-53.43425229456141
-57.60981155280218
-61.71129434532025
-65.69733656404793
-69.63586513130807
-73.44646384871515
-77.62703939977987
-81.73536537147206
-85.81581479937925
-90.32150044671177
-94.4697870312784
-98.62348847717156
-102.70966246956067
-106.52819191498334
-110.57483151831538
-114.41544729830612
-118.5183007067737
-122.67652664842434
-126.64373530867138
-131.07951999097725
-135.31146579139812
-139.63218854576144
-143.32024316450065
-147.56843897243948
-151.45578680839986
-155.66458413742131
-160.22689171898784
-164.3856940597569
-168.4775487494446
-172.55229704220963
-176.64953260520036
179.16889563629326
175.0688369839186
170.92694866487665
166.79564760522894
162.69426056314663
158.77827437343714
154.67149102783372
150.5471475676905
146.48019404350947
142.04004195413506
137.86611058212029
133.6482206389883
129.2245110604487
124.92953941169444
120.55545869517074
116.30674504495177
112.1724145502851
107.9207799400677
103.8004861370374
99.56186894164138
95.62581771532703
91.60942445730575
87.59820981861102
83.6686323358027
79.7393996176548
75.59211984100033
71.38334629367
67.24198879969202
63.11970985682043
58.991121627039384
54.768651152676334
50.869641870768994
46.91995332811566
43.15210480781374
39.320676316742635
35.59832000257021
31.47027014906314
27.639346785424326
23.69719000143287
19.922849731953914
15.927569861523068
11.888327850452862
7.7482005602971
3.7277855787020346
-0.2650314460723402
-3.9404028648584246
-7.802356129690758
-11.584470103882207
-15.593807003361114
-19.986249806669537
-23.772239257409588
-28.017973812134812
-31.95650918052673
-35.77553158916237
-39.50081704312807
-43.683406972747825
-47.607304755717934
-51.87123718979122
-56.071061169622084
-60.001385471937056
-64.09810965902166
-67.90418727872279
-72.13900164113655
-75.9085747920481
-79.97944290673517
-84.13149145541128
-88.37488445077194
-92.12952968757524
-96.27693733344395
-100.1246839584329
-104.12673276843404
-108.0696008566115
-112.19329719475932
-116.13643421067636
-120.28797620648099
-124.54143908801666
-128.55171391492468
-132.51089332279008
-136.65277366978643
-140.9030742185766
-145.0465626671637
-149.23895681624083
-153.3960041450132
-157.58575679724024
-161.95973496174386
-165.98246592794712
-170.40633571384387
-174.45702140769052
-178.53598787294814
177.34124113899682
173.15886650814778
169.15985349371908
164.8519395369703
160.87464346930196
156.82105877521016
152.64672364693632
148.52087433729616
144.24481424540446
139.98136986029007
135.8791963863175
131.67524387338202
127.25733437790667
123.0467968590577
118.56297023887294
114.37456171953177
110.166362066079
106.14543747362741
101.94208616927824
97.81681465466596
93.51364161135463
89.41062748959253
85.54761589495563
81.55917031207326
77.50438916889061
73.161427487732
68.8464767403885
64.81864569248314
60.76047017773208
56.64568578934641
52.75142051200735
48.87373725269297
44.71943989954545
40.95664034043759
37.129268963413665
33.283058522841834
29.361674060671582
25.751660905360986
21.58075367671814
17.582562485457462
13.445676669547835
9.489003038893534
5.347603099628379
1.4007073515967976
-2.594705098335368
-6.662448400414054
-10.464818792593357
-14.49272713473305
-18.497021964701432
-22.51483449137348
-26.399567968705124
-30.435629194082207
-34.43691820325554
-38.54875486971779
-42.585750617245154
-46.61880347427912
-50.41393075458208
-54.7431603458095
-58.421387432713914
-62.299478062489875
-66.12907805179881
-69.94265275972162
-74.12721515394098
-78.27463056011791
-82.32722222018785
-86.49425659296087
-90.64992427240553
-94.60405210153436
-98.58171541249492
-102.47927661326725
-106.51296914171175
-110.7266882953759
-114.72546134255228
-118.69374160422184
-122.8925131149211
-126.9906421225577
-131.1832361686464
-135.53781784685145
-139.5952943391364
-143.61840819451476
-147.86248244233997
-151.8495015659085
-156.15194939174452
-160.37824151685587
-164.2988084506025
-168.588975531851
-172.7393933145034
-176.81344353975814
179.01444987923486
174.90417797287702
170.70519925264304
166.54952115877032
162.55693350423016
158.44124270651974
154.18231102592154
150.01759715117083
145.74175289603662
141.4055064541869
137.24057740788587
132.885918666687
128.75934954807076
124.77208406254688
120.51934168753995
116.40372887654783
112.1447008819603
108.01600873585798
103.84254849577324
99.38964684767119
95.38058007275986
90.96801435348132
86.86797728797593
82.80549038915123
78.5692387828818
74.38948553438304
70.4772600301224
66.6283062558674
62.31236719274827
58.174327572746684
54.123528586997494
50.016070085351295
45.88819024924331
41.933502138368446
37.74439416761963
35.73676651207779
30.180083916305893
26.375041004808104
22.45857585032095
18.789750624808534
14.684177387515325
10.783977978813278
6.802865169724216
2.5809519250901207
-1.3155661110187835
-5.4500489943356465
-9.410199551031289
-13.089655705794272
-17.351561123799435
-21.344263533328114
-23.246701146612686
-29.129438161727904
-33.258964697179714
-36.83793690288409
-40.909237540735454
-45.16459299857715
-48.96112714157852
-52.515413297079014
-56.79508637089361
-60.61484432266365
-64.54637057238597
-68.69685678435914
-72.49264003568128
-76.58345250812532
-81.01117603033693
-82.77959986316672
-88.63347096339444
-92.82165426238245
-96.36564516547593
-100.48759178955798
-104.29936169166155
-108.31129070580596
-112.180623766256
-116.4852901504505
-120.4740815356772
-124.46557920661552
-128.62386961900066
-132.72211770868458
-137.11932549095323
-141.70127375642977
-144.05743786839517
-150.2646551519711
-154.42165212387735
-158.4125730441902
-162.46571631226226
-166.55572399671388
-170.60956768999674
-174.69570681984035
-178.98644548121737
176.7999653296451
172.4787468436438
168.43085001196573
164.3148516997853
159.7715741162614
155.6774388691337
153.11350929099942
147.02638756643339
143.1229110329293
138.96944325690572
134.2047332317777
130.24550704375423
125.84284501910115
121.62540128503248
117.1760310582851
112.80142500508532
108.53888674684623
104.36331145542371
100.1537067812192
95.86686096784219
91.28771500477897
88.94581596022681
83.16012578904787
78.72584594438592
74.8785250694039
70.71895908809064
66.60256976327763
62.82398513341151
58.91412983351806
54.978309244414326
50.70172874980997
46.61105800299915
42.67778134474073
38.680454767290776
34.81157227336571
30.83824304675186
29.076816898182024
23.190511896606
19.020226025814807
15.495926063948634
11.610024146589014
7.43543242286249
3.8891712974468806
0.018012225327398313
-3.7421219888045663
-7.706175484601062
-11.564345406685044
-15.464996624934418
-19.16997203870481
-23.332684383273467
-27.186018411037427
-28.85539087780964
-34.91560513780338
-38.64488705760137
-42.589904836951064
-46.58285368726472
-50.34158630371994
-54.442562353004476
-58.43895714871982
-62.73479033411006
-65.85974123232458
-69.50185652137267
-73.74605524362978
-77.72609662748452
-82.03298156544743
-85.85709027162679
-88.02962648904452
-93.73561006124248
-97.9366909224516
-102.0008290161785
-105.89637526955057
-109.66096939485438
-113.83213519586837
-117.6616341680321
-121.70342970050552
-125.92121823532177
-129.85534058168057
-133.8810232938409
-138.52381202099102
-142.69175155447226
-147.20598447418544
-149.6267855346872
-155.51400527978655
-159.47388560129397
-163.75500922222685
-167.77312633499676
-172.11683103007684
-176.27075975423324
179.4622756587419
175.24396023487762
170.6235256717609
166.30933264211626
162.34461697780998
157.9451479003798
153.62823959327798
149.48547075435087
146.73932553924774
140.8323799630866
136.3400808555661
132.0428718201736
127.56376378606261
123.04176233398725
119.06192583496416
114.74700121892522
110.47882923241886
106.12195318633394
102.00028716442611
97.63674585041154
93.31082613384211
89.3601374692452
85.08975841413042
83.25633768613875
76.87263374715424
72.67759411877938
68.58140246062332
64.61440247247832
60.500783019417284
56.71626445131201
52.56645936497641
48.18424059000697
44.47471905547818
40.521683505882834
36.82454203049534
33.089654454825926
29.57149032984344
25.671852462621942
23.804922927468784
17.29882333508532
13.216575264102005
9.15764799927278
5.054089110667204
1.3864588290740565
-2.6033656630358726
-6.653442438273778
-10.53511812164126
-14.353467384110218
-18.320146356762386
-22.283288649885428
-25.903885592285032
-29.777014239368707
-33.67833797286028
-35.363360460149934
-41.46220478404175
-45.399982671622716
-48.8120519884822
-52.93074180860834
-56.846877974261055
-60.541823691187936
-64.51634768773046
-68.45097949146678
-72.31650852371273
-76.44842670110833
-80.40071304672814
-84.46191730801392
-88.41146790825744
-92.53652294098036
-94.23097438642445
-100.06817710099857
-104.003956314154
-108.1325179287027
-112.27215511404911
-116.37622746158952
-120.29927904118794
-124.3748039324748
-128.53331839297562
-132.6632207062411
-136.8489063394898
-141.0424720706213
-145.07767556713125
-149.1530668699473
-153.44475296232193
-155.53698920243963
-162.0725116055377
-166.13594793160217
-169.71685224757877
-173.91248122984484
-178.20795403410392
177.30607739455775
173.0099213238676
168.59436585221937
164.59781042683682
160.41202632747746
155.94101876537894
151.69637724522295
147.21234415486188
142.80736112261351
140.67957708699305
134.32798554204126
129.91382330601468
125.49646627654607
120.83245817053279
116.51350200966324
112.14380539837803
107.89985856345056
103.4032297332775
99.02145244624188
94.65785304279835
90.71977170829335
86.59338519588705
82.72884037375448
78.73445156032723
77.09571705045991
71.01996038169823
66.973772709694
62.630334996067766
58.68386085031261
53.910519404733684
47.777837614137724
43.8522178663225
39.91833887155456
36.0222699104035
32.31902248984334
28.786521173145008
24.902564219071625
20.939067261238236
17.228789376828153
14.739400511304432
9.017305379954763
4.817363178803212
1.1442139124312756
-2.6461618510224163
-6.545894965069799
-10.27538379174171
-14.143864989811687
-18.09008580429248
-21.984391844456642
-25.64979911021119
-29.630162320614655
-33.316931551137365
-37.264255835980016
-41.12600222787855
-43.33883409250292
-48.77234366766492
-52.730897002427255
-56.42001596046144
-60.247197443288854
-64.1119251580408
-68.13999270164082
-71.96862854678977
-75.64790165432944
-79.72328700383382
-83.70334992951811
-87.49540259206898
-91.57198959340167
-95.497000698934
-99.67443937632004
-101.9082731251389
-107.70383775363268
-111.45216749363033
-115.35209486082042
-119.27553727988128
-123.12973616821628
-127.2684193925
-131.40976657947775
-135.69205428212533
-139.79511803623242
-144.0395185150559
-148.29918119069396
-152.77670977647315
-157.13761711952387
-162.08537532518145
-164.252223394454
-170.7210390632789
-174.57417367218375
-178.61874271411355
177.3770390962184
173.0519152213502
168.8733359794943
164.27196525539821
160.00910710074785
155.86458372557257
151.5987262444065
147.06050747333276
142.5559081102575
138.06049694104678
133.56790211588716
131.45714658304706
124.8276923038044
120.37093857102701
116.14745716055603
111.98316640100835
107.60427905709768
103.57758314076142
99.315081190383
95.11077109471171
91.03069254581618
86.60677035404622
82.66005152403997
78.32013757303359
74.30164770146973
69.87829410034087
67.35665329538037
61.50939550268419
57.36139754397038
53.23078439300101
49.501486856542
45.68174448872274
41.69046015051126
37.97160393283355
34.17837468916099
30.3223676248098
26.23813445435068
22.415859023969247
18.39381000067349
14.516127319127763
10.67194728040619
8.457654119036977
2.9580917283350296
-0.837874601364859
-4.797992171607024
-8.70314007079274
-12.39444232554873
-16.379097099891094
-20.172122216582686
-23.761013068912817
-27.443177509039028
-31.299056120876195
-35.132939426654154
-38.91551648976917
-42.60737604374169
-46.313386643587506
-48.32783328163626
-54.008640501922685
-58.055858652202886
-61.90296436938168
-66.02552898852036
-69.76639018734814
-73.70189811349675
-77.51680636064135
-81.13889412612376
-84.8307857136391
-88.63172076941697
-92.4143057152303
-96.36072503971293
-100.3832584766386
-104.42014305169783
-107.01169821435485
-112.89085844239835
-116.99388222303597
-121.3799849928034
-125.472194322812
-129.3398123302262
-133.18731154317106
-137.31146166655014
-141.15889522541545
-145.51583254629884
-149.72880905572285
-154.14026499630842
-158.44080878750833
-162.8202197504148
-167.24384746843327
-169.64042648639887
-176.27222937078434
179.42799510712837
175.2436363390402
170.84605494216518
166.51596598506853
162.214280662144
158.1092371113039
153.76532104520473
149.50636040506322
145.30320007523963
140.92235050937316
136.38467434972097
132.13915725224095
127.79039309142799
125.23177438268621
118.75881510279595
114.37356761730847
109.90540356603515
105.69477237482693
101.36712833395013
96.92650416457606
92.7353440690283
88.29395878484651
84.2585370534557
80.13973042977739
76.23424534617244
71.99971063184213
67.9745257814515
63.93828944781139
61.51602202715053
55.73523868644504
51.62357785778018
47.413288239448946
43.502158729362584
39.447293579715954
35.59403145155933
31.863805829482967
28.220614171562648
24.15619534992318
20.239104717325887
16.303981063204066
12.233340916859703
8.21304283916334
4.343742781925952
2.2460295207598975
-3.2050271162948936
-6.838006034630062
-10.702017886454563
-14.557716688985227
-18.26722447768353
-22.17101652851784
-25.711748243200557
-29.637312249764452
-33.50015614791126
-37.3877137811642
-41.20573663645777
-45.03856144387445
-48.96148568874299
-52.91829775959634
-54.98085028128069
-60.753150369210644
-64.03416821338774
-68.09902503752626
-71.65467390196173
-75.74886635299085
-79.74233560684198
-83.67268580098924
-87.4456332811768
-91.45684040082985
-95.18318804559426
-99.35539917055803
-103.38721736610812
-107.06410031862565
-110.85730156935303
-113.43508473983054
-119.14817543263351
-123.31827202682045
-127.52741487551725
-131.46251799963787
-135.361014416271
-139.33131331268387
-143.72698242048173
-147.9488612096522
-152.67201039831428
-156.77514008289108
-160.9785429526218
-165.26631483453303
-169.49569187631067
-173.9092907415478
-176.3997372385967
177.64013240674734
173.36924059047757
169.23774244030713
164.8445781049568
160.3991206751875
156.17119790780396
151.62436553230694
147.46261383487146
142.89801544622117
138.66776684713793
134.08011427287397
129.68251969343044
125.31793830837773
120.86455451256361
118.3283402912473
111.84855918801264
107.5350827099349
103.56098412451146
99.07734879976285
94.8903361913486
90.53188671661653
86.3318203965371
82.25273323380047
77.85381212597392
74.01618663377349
69.75424322173915
65.68947618267745
61.727285188904524
57.71099771428832
55.18874681756191
49.23722908384133
45.28637965158648
41.20521655346008
37.58911267585247
33.57282984750499
30.120504936380755
25.99277528053647
22.195718569539636
18.360597061154508
14.564703325269996
10.796497315192772
6.998789841257996
3.0803363151570675
-0.9886502305109255
-3.066783542501532
-8.366950169789392
-12.268378267014725
-16.277110997124336
-20.045432575518635
-23.9650525224215
-27.66564117893953
-31.330216899127127
-35.096772906432136
-38.74615582876158
-42.77561982443649
-46.57829114894791
-50.544446955385986
-54.63320642182887
-58.562676562881826
-60.64940272508404
-66.16815703471772
-69.85668126600066
-73.64951137184546
-77.54278180127716
-81.42323642716914
-85.7685616968878
-89.61715117389532
-93.33881803259956
-97.58387282621752
-101.3953626675577
-105.40071717779615
-109.23308946757766
-113.39478421897127
-117.07627606727789
-119.45156494044336
-125.34302840089427
-129.99074592213478
-134.36933270223733
-138.72444551179927
-143.03901634928286
-146.91988413923502
-151.20088124440164
-155.30153845879542
-159.6431637694821
-163.9655419110145
-168.1891357143158
-172.3609557821951
-176.64618254577627
179.15619774296442
176.65610738787075
170.62064809590746
165.94374011630995
161.6970155978539
157.65230336710127
153.6239180958939
149.35072910800253
145.1586711786428
140.62991608276204
136.33809079450575
132.02565563929943
127.77612226758292
123.46239127460558
119.05937799012973
114.8882072376321
112.37194679652627
106.41311888594663
102.60821949541223
98.08693798179867
93.47702634702587
89.27793484710519
84.88247981188
80.89840478256161
76.8422715545095
72.97142339014503
68.77916516434652
65.08441265413829
60.90089687845534
57.11012489999394
53.25866143316444
51.00214372453096
45.08388586763816
41.33784622087681
37.28855145863748
33.55577447725805
30.05179975347223
25.712744847301273
21.782234028081568
17.897673224383382
13.892492810790975
9.662133102112739
5.723888987295538
2.1643713493411574
-1.7523275275668964
-5.502807743077734
-7.4402688360943925
-13.220698678083208
-17.43378308776463
-21.14233966780356
-24.981565739450893
-28.93342388634349
-32.991661999701584
-37.10657997457822
-40.94989519944294
-44.93990778558012
-48.98497188583373
-52.782039035084026
-57.03221424011243
-60.37579548075977
-64.52829021826902
-66.33280161404923
-72.20607647806786
-76.51983754243213
-80.63906870967564
-85.21097798623039
-89.41876659768594
-93.6597430481879
-97.29494442546692
-100.96110769833855
-105.03527858836554
-108.67438569103582
-112.36550425243885
-116.44194249639459
-120.21888539790118
-124.32769572110861
-126.62787367667634
-132.97321897394318
-137.39345970328174
-141.76404094247928
-145.74648787199706
-149.69866582606315
-154.12666187395138
-158.1696159572816
-162.33425694924657
-166.08382378434564
-170.31983636338046
-174.5506682990824
-178.8436130056406
177.11667394175825
172.8571239577447
170.41635794784466
164.06388965056965
160.0896739945684
155.72871123324916
151.84244586995277
147.37385062790415
143.07719493353397
138.51608920286367
134.12761420899574
130.24499237823554
125.97522888587635
121.55236543734503
117.16391264050095
112.9991938430939
108.67553363948534
106.22383066460091
100.33093412397042
96.05217639520397
91.6622571400864
87.2411235968123
82.9941143676185
78.56601122528204
74.69720569838182
70.76727182766584
66.69243239494752
62.838099658577875
58.70033889787538
54.8483673452021
50.7443033001049
46.879346192269544
44.64716785323379
38.59526054859993
34.556353488582374
30.58588427940409
26.420223593559115
22.43166352457358
18.936318157040734
14.672233380556921
11.073306448574558
7.107437467057558
3.2816734062111568
-0.47962885766720526
-4.23806398471141
-8.348019808730314
-12.17813171041472
-14.090205841076068
-20.226056076875082
-23.943439238766032
-27.859486428026464
-31.620630353347313
-35.490814141551716
-39.208619369090606
-43.27753971782096
-47.106479611308956
-50.9799972538048
-54.97753547405955
-59.00508167150491
-62.550904140568825
-66.46969955290358
-70.11646084794597
-72.12957792509253
-78.01031233691616
-82.09616134784767
-86.09475051316431
-90.21736145097348
-94.15328909416735
-97.97988176773174
-102.28847528482899
-106.1220165191248
-110.16266879173105
-114.29600664322435
-118.3353109402015
-122.5051947331585
-126.6163594738434
-130.5000708696271
-132.81592307207202
-139.03669317976576
-142.7213331876217
-147.1815908696006
-151.72200475646554
-156.17353199647278
-160.28280056937123
-163.83387904405748
-167.6772669650848
-172.2779747392929
-176.81537335984135
178.84030922131723
174.81250393185215
170.75583568714654
166.41835742926844
164.14746969440165
157.85399834575955
153.96206413517322
149.96665271189892
146.109369911407
141.553787044801
136.99366066815006
133.0166240955325
128.48873567228807
124.03115820268293
119.9395690621636
115.6120574367084
111.36186636268836
107.26539212283242
102.95556411523386
100.73845652683728
94.47958923762134
90.44780428531395
85.95957111264678
81.57936189738076
77.19995547734435
73.24743471008166
69.04206709487228
65.18180712007388
61.140753247494956
57.134423532661096
53.264300078109265
48.99571233244612
44.93371815365957
41.2673262893549
39.364193502127826
32.85460041421198
28.75334124716968
24.757355632219184
20.702882013605155
16.945376257901767
12.767388865275791
8.983101541534223
4.858518547608892
1.1191512080310038
-2.6701144141267723
-6.563582333136269
-10.270412208771535
-14.24859857211198
-18.18448475695761
-19.72601467879213
-25.65620330458263
-29.753169419599452
-33.70169085812457
-37.492528725029565
-41.44940341890981
-45.501318282920685
-49.46963578937176
-53.52244764952793
-57.472863203119275
-61.33626128027073
-65.02474172853725
-69.09357566435688
-72.85820447569652
-76.68695168645785
-78.47908085341274
-84.81266529679574
-88.90687906798449
-93.13117946090163
-97.14472214703096
-101.24251975534852
-105.18124409058247
-109.20484060028218
-112.83167309557909
-116.75113376912847
-120.59694276693264
-124.70866933030788
-128.89389094762944
-133.16669295519105
-137.4409789021355
-139.30030248314935
-146.31813692564793
-150.37145580704507
-154.5709664984441
-158.8600931587094
-163.00139314017494
-166.73449155981615
-170.92338829351226
-175.13700053827586
-179.2519902711528
176.5989789782475
172.3470218013753
168.19580079928764
163.97081259120753
159.57386273522513
158.05000807522023
151.3274332596297
147.15626815108237
142.68267776933106
138.46284943316567
134.10085123865656
129.87197821480396
125.43381788270676
121.40857738956328
117.20091801734476
113.06142142034926
109.03145314087907
104.94788198823213
100.68226218644848
96.4508009787533
94.63193383981849
87.75213797605633
83.6296329270888
79.38126501929351
75.18317919859003
71.05763742001167
66.9621184399964
62.97986907167411
59.12260288300289
55.03582559443204
51.051565052935814
47.173390834559356
42.901256679228126
38.843347159058816
34.8409600458992
33.07128457082533
26.820897527885112
22.500153544402913
18.730770575913336
14.918349072415129
10.963906156086487
6.972658117251706
3.061458643182547
-0.8477054811098422
-4.6915188104715275
-8.470848353048599
-12.354047121371218
-16.321988163746006
-20.016237543836652
-24.065028721714018
-25.6401420927269
-31.62166390768014
-35.370238723229136
-41.13709820838782
-45.033733181915274
-48.84636990110885
-53.02360293100566
-57.4627832488306
-59.935112841351604
-63.25588689773526
-67.44344617827409
-71.98051364839974
-75.52475528348843
-80.37902798139719
