ra
-113.39746340027179
-119.53936281911025
-123.64599914607338
-127.52597312276207
-131.46048004931413
-135.60397904482312
-139.786546185751
-144.1832915215045
-148.2940004229272
-152.69521104266155
-156.85233497413762
-161.05858169890163
-164.9209004528708
-169.12699475541072
-173.42310647475708
-177.79575811003454
-182.05803783026437
-185.8903787009751
-189.95366772958616
-193.79336297730006
-197.77953260952975
-202.11391440178184
-206.43261945821345
-210.57164439563317
-214.47870729613044
-218.74814374958967
-222.95613126330838
-227.1889147802993
-231.7397522765958
-235.97671630650711
-240.27866340144703
-244.3492625118865
-250.05054172507624
-254.2546501450688
-258.34980299992503
-262.270664417867
-266.55309770027725
-270.6472360634222
-274.7988686946997
-278.8168393192979
-282.6469778015413
-286.7898424515515
-291.1133285660198
-295.1069639670094
-299.1629760244629
-303.27426437064315
-307.0662470484793
-310.9326478727576
-314.7765142329064
-318.8895326601296
-322.8229357059507
-327.0320762581664
-331.2364027580807
-335.2307310777025
-339.3300379520833
-343.12372134115816
-347.17964001336816
-351.01077529357997
-355.01689392545245
-359.01776883339664
-363.1213191944746
-367.0875861391164
-371.1128112119476
-374.90330959047293
-378.89406615807906
-382.92031681134534
-386.8340189782324
-390.9513936031329
-395.0331319527776
-399.1839912040343
-402.99234837210986
-407.3088018153519
-411.22437428340567
-415.14096731609357
-419.10680171293143
-423.23181403021175
-427.0457810699564
-430.99335945602485
-434.9948594469803
-439.3419698103859
-443.61355853629715
-447.75656127524957
-451.75658927280887
-455.8839534833818
-459.7439662823072
-463.62518938359744
-467.56469702272534
-471.87369717761163
-475.91143802559117
-479.87794723093975
-484.06207479937274
-488.0557367746933
-492.19891688938264
-496.4738200717532
-500.66493610214854
-504.86731380792514
-509.27277179378245
-513.5065843196242
-517.5998882465055
-521.2871540215342
-525.5411472879408
-529.4299830195057
-533.791633613425
-537.8582013266488
-541.9578454085411
-545.9395945884905
-550.0076099337591
-554.2796768690911
-558.3472096880175
-562.2905336056012
-566.4278340589747
-570.5977122063741
-574.6516420865088
-578.9153149202883
-583.1520928260165
-587.236067053121
-591.4705470423812
-595.7850061243057
-600.1704048040383
-604.3625742181877
-608.599180244971
-612.5688459248456
-616.818975602751
-621.0741937031387
-625.3668868832088
-629.3222643657257
-633.6226468847959
-637.4717886622112
-641.6769636647493
-645.6360750251818
-649.957148082804
-653.9368992608429
-658.2824717004926
-662.3494107152463
-666.4540657402833
-670.6169384226695
-674.5507514428199
-678.2436565126294
-682.2382587916206
-686.1212766232416
-689.7140653516966
-693.5716486342523
-697.8159285335871
-701.8344721829257
-705.4664767228905
-709.4581821752632
-713.4616605018156
-717.5010894208493
-721.5589569921017
-725.6039919851966
-729.6906625716033
-733.6917539999032
-737.9078131792585
-741.9591319980066
-745.8943252676552
-749.6938852713384
-753.514565131176
-757.481935493317
-761.4090514459066
-765.5809738625748
-769.4003951843871
-773.4342522945614
-777.6098115528022
-781.7112943453202
-785.6973365640479
-789.635865131308
-793.4464638487152
-797.6270393997798
-801.7353653714721
-805.8158147993793
-810.3215004467118
-814.4697870312784
-818.6234884771716
-822.7096624695607
-826.5281919149834
-830.5748315183154
-834.4154472983062
-838.5183007067737
-842.6765266484243
-846.6437353086714
-851.0795199909772
-855.3114657913982
-859.6321885457614
-863.3202431645007
-867.5684389724395
-871.4557868083998
-875.6645841374213
-880.2268917189879
-884.3856940597569
-888.4775487494446
-892.5522970422096
-896.6495326052004
-900.8311043637068
-904.9311630160814
-909.0730513351234
-913.204352394771
-917.3057394368534
-921.2217256265628
-925.3285089721662
-929.4528524323096
-933.5198059564905
-937.9599580458649
-942.1338894178797
-946.3517793610117
-950.7754889395513
-955.0704605883055
-959.4445413048293
-963.6932549550482
-967.8275854497149
-972.0792200599323
-976.1995138629626
-980.4381310583586
-984.374182284673
-988.3905755426943
-992.401790181389
-996.3313676641973
-1000.2606003823452
-1004.4078801589997
-1008.61665370633
-1012.7580112003079
-1016.8802901431795
-1021.0088783729606
-1025.2313488473237
-1029.130358129231
-1033.0800466718842
-1036.8478951921863
-1040.6793236832573
-1044.4016799974297
-1048.5297298509367
-1052.3606532145757
-1056.3028099985672
-1060.0771502680461
-1064.0724301384769
-1068.111672149547
-1072.2517994397028
-1076.272214421298
-1080.2650314460723
-1083.9404028648585
-1087.8023561296907
-1091.5844701038823
-1095.593807003361
-1099.9862498066695
-1103.7722392574096
-1108.0179738121349
-1111.9565091805268
-1115.7755315891623
-1119.500817043128
-1123.683406972748
-1127.607304755718
-1131.8712371897911
-1136.071061169622
-1140.001385471937
-1144.0981096590217
-1147.9041872787227
-1152.1390016411365
-1155.908574792048
-1159.9794429067351
-1164.1314914554114
-1168.374884450772
-1172.1295296875753
-1176.276937333444
-1180.1246839584328
-1184.126732768434
-1188.0696008566115
-1192.1932971947592
-1196.1364342106763
-1200.287976206481
-1204.5414390880167
-1208.5517139149247
-1212.51089332279
-1216.6527736697865
-1220.9030742185766
-1225.0465626671637
-1229.2389568162407
-1233.3960041450132
-1237.5857567972403
-1241.9597349617438
-1245.982465927947
-1250.4063357138439
-1254.4570214076905
-1258.5359878729482
-1262.6587588610032
-1266.8411334918521
-1270.840146506281
-1275.1480604630297
-1279.1253565306981
-1283.17894122479
-1287.3532763530636
-1291.4791256627038
-1295.7551857545955
-1300.01863013971
-1304.1208036136825
-1308.324756126618
-1312.7426656220932
-1316.9532031409424
-1321.4370297611272
-1325.6254382804682
-1329.833637933921
-1333.8545625263725
-1338.0579138307216
-1342.183185345334
-1346.4863583886454
-1350.5893725104074
-1354.4523841050443
-1358.4408296879267
-1362.4956108311094
-1366.838572512268
-1371.1535232596116
-1375.1813543075168
-1379.239529822268
-1383.3543142106537
-1387.2485794879926
-1391.126262747307
-1395.2805601004545
-1399.0433596595624
-1402.8707310365862
-1406.7169414771581
-1410.6383259393285
-1414.248339094639
-1418.4192463232819
-1422.4174375145426
-1426.5543233304522
-1430.5109969611065
-1434.6523969003715
-1438.5992926484032
-1442.5947050983355
-1446.662448400414
-1450.4648187925934
-1454.492727134733
-1458.4970219647014
-1462.5148344913734
-1466.399567968705
-1470.4356291940821
-1474.4369182032556
-1478.5487548697179
-1482.5857506172451
-1486.618803474279
-1490.413930754582
-1494.7431603458094
-1498.4213874327138
-1502.29947806249
-1506.1290780517988
-1509.9426527597216
-1514.127215153941
-1518.2746305601179
-1522.3272222201879
-1526.494256592961
-1530.6499242724055
-1534.6040521015343
-1538.581715412495
-1542.4792766132673
-1546.5129691417117
-1550.7266882953759
-1554.7254613425523
-1558.693741604222
-1562.892513114921
-1566.9906421225578
-1571.1832361686463
-1575.5378178468513
-1579.5952943391364
-1583.6184081945148
-1587.86248244234
-1591.8495015659084
-1596.1519493917444
-1600.378241516856
-1604.2988084506026
-1608.588975531851
-1612.7393933145033
-1616.813443539758
-1620.985550120765
-1625.095822027123
-1629.294800747357
-1633.4504788412296
-1637.44306649577
-1641.5587572934803
-1645.8176889740785
-1649.9824028488292
-1654.2582471039634
-1658.594493545813
-1662.759422592114
-1667.114081333313
-1671.2406504519292
-1675.2279159374532
-1679.48065831246
-1683.5962711234522
-1687.8552991180397
-1691.983991264142
-1696.1574515042269
-1700.6103531523288
-1704.6194199272402
-1709.0319856465187
-1713.132022712024
-1717.1945096108489
-1721.4307612171183
-1725.610514465617
-1729.5227399698776
-1733.3716937441327
-1737.6876328072517
-1741.8256724272533
-1745.8764714130025
-1749.9839299146488
-1754.1118097507567
-1758.0664978616317
-1762.2556058323803
-1764.2632334879222
-1769.8199160836941
-1773.624958995192
-1777.541424149679
-1781.2102493751916
-1785.3158226124847
-1789.2160220211867
-1793.1971348302757
-1797.4190480749098
-1801.3155661110188
-1805.4500489943357
-1809.4101995510314
-1813.0896557057943
-1817.3515611237995
-1821.344263533328
-1823.2467011466126
-1829.1294381617279
-1833.2589646971796
-1836.8379369028842
-1840.9092375407354
-1845.164592998577
-1848.9611271415786
-1852.515413297079
-1856.7950863708936
-1860.6148443226637
-1864.546370572386
-1868.6968567843592
-1872.4926400356812
-1876.5834525081252
-1881.0111760303369
-1882.7795998631668
-1888.6334709633945
-1892.8216542623825
-1896.3656451654758
-1900.4875917895579
-1904.2993616916615
-1908.311290705806
-1912.180623766256
-1916.4852901504505
-1920.4740815356772
-1924.4655792066155
-1928.6238696190007
-1932.7221177086847
-1937.1193254909533
-1941.7012737564298
-1944.0574378683953
-1950.264655151971
-1954.4216521238773
-1958.4125730441901
-1962.4657163122622
-1966.5557239967138
-1970.6095676899968
-1974.6957068198403
-1978.9864454812173
-1983.2000346703549
-1987.5212531563561
-1991.5691499880343
-1995.6851483002147
-2000.2284258837385
-2004.3225611308662
-2006.8864907090006
-2012.9736124335666
-2016.8770889670707
-2021.0305567430942
-2025.7952667682223
-2029.7544929562457
-2034.157154980899
-2038.3745987149675
-2042.8239689417148
-2047.1985749949147
-2051.4611132531536
-2055.6366885445764
-2059.846293218781
-2064.133139032158
-2068.712284995221
-2071.054184039773
-2076.839874210952
-2081.274154055614
-2085.121474930596
-2089.2810409119093
-2093.3974302367224
-2097.1760148665885
-2101.085870166482
-2105.0216907555855
-2109.29827125019
-2113.388941997001
-2117.3222186552593
-2121.319545232709
-2125.1884277266345
-2129.161756953248
-2130.923183101818
-2136.809488103394
-2140.9797739741853
-2144.5040739360516
-2148.3899758534108
-2152.5645675771375
-2156.110828702553
-2159.9819877746727
-2163.7421219888047
-2167.706175484601
-2171.564345406685
-2175.4649966249344
-2179.1699720387046
-2183.3326843832733
-2187.1860184110374
-2188.8553908778094
-2194.9156051378036
-2198.6448870576014
-2202.589904836951
-2206.5828536872646
-2210.34158630372
-2214.4425623530046
-2218.43895714872
-2222.73479033411
-2225.8597412323247
-2229.5018565213727
-2233.7460552436296
-2237.7260966274844
-2242.0329815654472
-2245.857090271627
-2248.0296264890444
-2253.7356100612424
-2257.936690922452
-2262.0008290161786
-2265.8963752695504
-2269.6609693948544
-2273.8321351958684
-2277.661634168032
-2281.7034297005057
-2285.9212182353217
-2289.8553405816806
-2293.881023293841
-2298.523812020991
-2302.6917515544724
-2307.2059844741852
-2309.6267855346873
-2315.5140052797865
-2319.473885601294
-2323.755009222227
-2327.773126334997
-2332.116831030077
-2336.270759754233
-2340.537724341258
-2344.7560397651223
-2349.376474328239
-2353.6906673578837
-2357.65538302219
-2362.0548520996203
-2366.371760406722
-2370.514529245649
-2373.2606744607524
-2379.1676200369134
-2383.659919144434
-2387.957128179826
-2392.4362362139373
-2396.958237666013
-2400.9380741650357
-2405.252998781075
-2409.521170767581
-2413.878046813666
-2417.999712835574
-2422.3632541495886
-2426.689173866158
-2430.6398625307547
-2434.9102415858697
-2436.743662313861
-2443.1273662528456
-2447.3224058812207
-2451.4185975393766
-2455.385597527522
-2459.499216980583
-2463.283735548688
-2467.4335406350237
-2471.815759409993
-2475.525280944522
-2479.4783164941173
-2483.175457969505
-2486.910345545174
-2490.4285096701565
-2494.328147537378
-2496.195077072531
-2502.701176664915
-2506.783424735898
-2510.8423520007273
-2514.945910889333
-2518.613541170926
-2522.6033656630357
-2526.653442438274
-2530.535118121641
-2534.3534673841104
-2538.3201463567625
-2542.2832886498854
-2545.903885592285
-2549.777014239369
-2553.6783379728604
-2555.36336046015
-2561.4622047840417
-2565.3999826716226
-2568.8120519884824
-2572.930741808608
-2576.846877974261
-2580.541823691188
-2584.5163476877306
-2588.4509794914666
-2592.316508523713
-2596.4484267011085
-2600.400713046728
-2604.461917308014
-2608.4114679082572
-2612.5365229409804
-2614.2309743864244
-2620.0681771009986
-2624.003956314154
-2628.132517928703
-2632.272155114049
-2636.3762274615897
-2640.299279041188
-2644.3748039324746
-2648.5333183929756
-2652.663220706241
-2656.84890633949
-2661.0424720706214
-2665.0776755671313
-2669.1530668699475
-2673.444752962322
-2675.5369892024396
-2682.072511605538
-2686.135947931602
-2689.7168522475786
-2693.912481229845
-2698.2079540341038
-2702.6939226054424
-2706.9900786761323
-2711.405634147781
-2715.402189573163
-2719.5879736725224
-2724.058981234621
-2728.3036227547773
-2732.787655845138
-2737.1926388773863
-2739.320422913007
-2745.6720144579585
-2750.086176693985
-2754.503533723454
-2759.167541829467
-2763.486497990337
-2767.856194601622
-2772.1001414365496
-2776.5967702667226
-2780.9785475537583
-2785.3421469572017
-2789.280228291707
-2793.406614804113
-2797.2711596262457
-2801.265548439673
-2802.90428294954
-2808.980039618302
-2813.026227290306
-2817.3696650039324
-2821.3161391496874
-2826.089480595266
-2832.2221623858622
-2836.1477821336775
-2840.0816611284454
-2843.9777300895967
-2847.6809775101565
-2851.213478826855
-2855.097435780928
-2859.060932738762
-2862.771210623172
-2865.260599488696
-2870.982694620045
-2875.182636821197
-2878.8557860875685
-2882.6461618510225
-2886.5458949650697
-2890.2753837917417
-2894.143864989812
-2898.0900858042924
-2901.9843918444567
-2905.649799110211
-2909.6301623206145
-2913.3169315511373
-2917.26425583598
-2921.1260022278784
-2923.338834092503
-2928.7723436676647
-2932.7308970024274
-2936.4200159604616
-2940.2471974432888
-2944.111925158041
-2948.139992701641
-2951.9686285467897
-2955.6479016543294
-2959.723287003834
-2963.703349929518
-2967.495402592069
-2971.5719895934017
-2975.497000698934
-2979.67443937632
-2981.9082731251387
-2987.703837753633
-2991.4521674936304
-2995.35209486082
-2999.275537279881
-3003.1297361682164
-3007.2684193925
-3011.409766579478
-3015.6920542821254
-3019.7951180362325
-3024.039518515056
-3028.299181190694
-3032.776709776473
-3037.137617119524
-3042.0853753251813
-3044.252223394454
-3050.721039063279
-3054.574173672184
-3058.6187427141135
-3062.6229609037814
-3066.94808477865
-3071.126664020506
-3075.7280347446017
-3079.9908928992522
-3084.1354162744274
-3088.4012737555936
-3092.9394925266674
-3097.4440918897426
-3101.939503058953
-3106.432097884113
-3108.5428534169528
-3115.1723076961957
-3119.629061428973
-3123.852542839444
-3128.0168335989915
-3132.3957209429022
-3136.4224168592386
-3140.684918809617
-3144.8892289052883
-3148.9693074541838
-3153.393229645954
-3157.33994847596
-3161.6798624269663
-3165.69835229853
-3170.121705899659
-3172.6433467046195
-3178.490604497316
-3182.6386024560297
-3186.769215606999
-3190.498513143458
-3194.318255511277
-3198.309539849489
-3202.0283960671663
-3205.821625310839
-3209.67763237519
-3213.7618655456495
-3217.5841409760305
-3221.6061899993265
-3225.483872680872
-3229.328052719594
-3231.5423458809632
-3237.041908271665
-3240.837874601365
-3244.797992171607
-3248.703140070793
-3252.394442325549
-3256.379097099891
-3260.1721222165825
-3263.7610130689127
-3267.443177509039
-3271.2990561208762
-3275.132939426654
-3278.9155164897693
-3282.6073760437416
-3286.3133866435874
-3288.3278332816362
-3294.008640501923
-3298.055858652203
-3301.9029643693816
-3306.0255289885204
-3309.766390187348
-3313.7018981134966
-3317.5168063606416
-3321.138894126124
-3324.830785713639
-3328.631720769417
-3332.4143057152305
-3336.360725039713
-3340.3832584766387
-3344.420143051698
-3347.011698214355
-3352.8908584423984
-3356.993882223036
-3361.379984992803
-3365.472194322812
-3369.3398123302263
-3373.187311543171
-3377.3114616665503
-3381.1588952254156
-3385.515832546299
-3389.7288090557226
-3394.1402649963084
-3398.440808787508
-3402.8202197504147
-3407.243847468433
-3409.640426486399
-3416.2722293707843
-3420.5720048928715
-3424.75636366096
-3429.153945057835
-3433.4840340149312
-3437.785719337856
-3441.890762888696
-3446.234678954795
-3450.4936395949367
-3454.6967999247604
-3459.0776494906268
-3463.615325650279
-3467.860842747759
-3472.209606908572
-3474.768225617314
-3481.241184897204
-3485.6264323826917
-3490.094596433965
-3494.305227625173
-3498.63287166605
-3503.0734958354237
-3507.264655930972
-3511.7060412151536
-3515.7414629465443
-3519.8602695702225
-3523.7657546538276
-3528.000289368158
-3532.0254742185484
-3536.0617105521887
-3538.4839779728495
-3544.264761313555
-3548.37642214222
-3552.586711760551
-3556.4978412706373
-3560.5527064202843
-3564.405968548441
-3568.1361941705172
-3571.779385828437
-3575.843804650077
-3579.760895282674
-3583.696018936796
-3587.7666590831404
-3591.7869571608367
-3595.656257218074
-3597.7539704792403
-3603.205027116295
-3606.83800603463
-3610.7020178864545
-3614.5577166889852
-3618.2672244776836
-3622.1710165285176
-3625.7117482432004
-3629.6373122497644
-3633.500156147911
-3637.387713781164
-3641.205736636458
-3645.0385614438746
-3648.961485688743
-3652.9182977595965
-3654.9808502812807
-3660.7531503692107
-3664.0341682133876
-3668.099025037526
-3671.654673901962
-3675.7488663529907
-3679.742335606842
-3683.6726858009893
-3687.445633281177
-3691.45684040083
-3695.1831880455943
-3699.355399170558
-3703.387217366108
-3707.0641003186256
-3710.8573015693532
-3713.4350847398305
-3719.1481754326337
-3723.3182720268205
-3727.527414875517
-3731.462517999638
-3735.361014416271
-3739.331313312684
-3743.726982420482
-3747.948861209652
-3752.6720103983143
-3756.775140082891
-3760.978542952622
-3765.266314834533
-3769.4956918763105
-3773.909290741548
-3776.3997372385966
-3782.3598675932526
-3786.6307594095224
-3790.762257559693
-3795.155421895043
-3799.6008793248125
-3803.828802092196
-3808.375634467693
-3812.5373861651287
-3817.101984553779
-3821.332233152862
-3825.919885727126
-3830.3174803065695
-3834.682061691622
-3839.1354454874363
-3841.6716597087525
-3848.1514408119874
-3852.464917290065
-3856.4390158754886
-3860.922651200237
-3865.1096638086515
-3869.4681132833834
-3873.6681796034627
-3877.7472667661996
-3882.146187874026
-3885.9838133662265
-3890.245756778261
-3894.3105238173225
-3898.2727148110953
-3902.289002285712
-3904.811253182438
-3910.762770916159
-3914.7136203484133
-3918.79478344654
-3922.4108873241476
-3926.427170152495
-3929.8794950636193
-3934.0072247194635
-3937.8042814304604
-3941.6394029388457
-3945.43529667473
-3949.203502684807
-3953.001210158742
-3956.919663684843
-3960.9886502305108
-3963.0667835425015
-3968.3669501697896
-3972.2683782670147
-3976.2771109971245
-3980.0454325755186
-3983.9650525224215
-3987.6656411789395
-3991.330216899127
-3995.0967729064323
-3998.7461558287614
-4002.7756198244365
-4006.5782911489478
-4010.544446955386
-4014.633206421829
-4018.5626765628817
-4020.649402725084
-4026.1681570347178
-4029.8566812660006
-4033.6495113718456
-4037.542781801277
-4041.4232364271693
-4045.768561696888
-4049.6171511738953
-4053.3388180325996
-4057.5838728262174
-4061.3953626675575
-4065.400717177796
-4069.233089467578
-4073.3947842189714
-4077.076276067278
-4079.4515649404434
-4085.343028400894
-4089.990745922135
-4094.3693327022374
-4098.724445511799
-4103.039016349283
-4106.919884139235
-4111.200881244402
-4115.301538458795
-4119.643163769482
-4123.965541911015
-4128.189135714316
-4132.360955782195
-4136.646182545776
-4140.843802257035
-4143.343892612129
-4149.379351904093
-4154.0562598836905
-4158.302984402146
-4162.347696632899
-4166.376081904106
-4170.649270891998
-4174.841328821357
-4179.370083917238
-4183.661909205494
-4187.9743443607
-4192.223877732417
-4196.537608725394
-4200.94062200987
-4205.111792762368
-4207.628053203473
-4213.5868811140535
-4217.391780504588
-4221.913062018201
-4226.5229736529745
-4230.722065152895
-4235.11752018812
-4239.101595217438
-4243.157728445491
-4247.028576609855
-4251.2208348356535
-4254.915587345862
-4259.099103121544
-4262.889875100006
-4266.741338566835
-4268.997856275469
-4274.916114132362
-4278.662153779123
-4282.711448541362
-4286.444225522742
-4289.948200246527
-4294.287255152699
-4298.217765971918
-4302.102326775616
-4306.107507189209
-4310.337866897888
-4314.276111012705
-4317.835628650659
-4321.752327527567
-4325.502807743078
-4327.440268836094
-4333.220698678083
-4337.433783087765
-4341.142339667804
-4344.981565739451
-4348.933423886344
-4352.991661999701
-4357.106579974578
-4360.949895199443
-4364.9399077855805
-4368.984971885834
-4372.782039035084
-4377.032214240113
-4380.37579548076
-4384.528290218269
-4386.3328016140495
-4392.206076478068
-4396.5198375424325
-4400.6390687096755
-4405.21097798623
-4409.418766597686
-4413.659743048188
-4417.294944425467
-4420.961107698338
-4425.035278588365
-4428.674385691036
-4432.365504252439
-4436.441942496394
-4440.218885397901
-4444.327695721108
-4446.627873676676
-4452.973218973943
-4457.393459703282
-4461.764040942479
-4465.7464878719975
-4469.698665826063
-4474.126661873951
-4478.169615957281
-4482.334256949247
-4486.083823784345
-4490.31983636338
-4494.550668299083
-4498.843613005641
-4502.883326058241
-4507.142876042255
-4509.5836420521555
-4515.93611034943
-4519.910326005432
-4524.271288766751
-4528.157554130047
-4532.626149372096
-4536.922805066466
-4541.483910797137
-4545.8723857910045
-4549.755007621765
-4554.024771114124
-4558.447634562655
-4562.836087359499
-4567.000806156906
-4571.324466360515
-4573.776169335399
-4579.66906587603
-4583.947823604796
-4588.337742859913
-4592.758876403188
-4597.005885632381
-4601.433988774718
-4605.302794301619
-4609.232728172334
-4613.307567605052
-4617.161900341423
-4621.299661102124
-4625.151632654798
-4629.255696699895
-4633.12065380773
-4635.352832146767
-4641.4047394514
-4645.443646511418
-4649.414115720596
-4653.579776406441
-4657.568336475427
-4661.063681842959
-4665.327766619443
-4668.926693551425
-4672.892562532942
-4676.718326593789
-4680.479628857667
-4684.2380639847115
-4688.34801980873
-4692.178131710415
-4694.090205841076
-4700.2260560768755
-4703.943439238766
-4707.859486428027
-4711.620630353347
-4715.490814141552
-4719.20861936909
-4723.277539717821
-4727.106479611309
-4730.979997253805
-4734.97753547406
-4739.005081671505
-4742.5509041405685
-4746.469699552904
-4750.116460847946
-4752.129577925092
-4758.010312336916
-4762.096161347848
-4766.094750513164
-4770.217361450974
-4774.153289094167
-4777.979881767732
-4782.288475284829
-4786.122016519124
-4790.162668791731
-4794.296006643224
-4798.335310940201
-4802.5051947331585
-4806.616359473844
-4810.500070869627
-4812.815923072072
-4819.036693179766
-4822.721333187622
-4827.181590869601
-4831.722004756465
-4836.173531996473
-4840.282800569371
-4843.8338790440575
-4847.6772669650845
-4852.277974739293
-4856.815373359841
-4861.1596907786825
-4865.187496068148
-4869.244164312853
-4873.581642570732
-4875.8525303055985
-4882.1460016542405
-4886.037935864827
-4890.033347288101
-4893.890630088593
-4898.446212955199
-4903.00633933185
-4906.983375904468
-4911.511264327712
-4915.9688417973175
-4920.060430937837
-4924.387942563291
-4928.6381336373115
-4932.734607877168
-4937.044435884766
-4939.261543473162
-4945.520410762379
-4949.552195714686
-4954.040428887353
-4958.420638102619
-4962.800044522655
-4966.7525652899185
-4970.957932905128
-4974.818192879926
-4978.859246752505
-4982.8655764673385
-4986.735699921891
-4991.004287667554
-4995.066281846341
-4998.732673710645
-5000.635806497872
-5007.145399585788
-5011.246658752831
-5015.2426443677805
-5019.297117986395
-5023.054623742099
-5027.232611134724
-5031.016898458466
-5035.141481452391
-5038.880848791969
-5042.670114414127
-5046.563582333136
-5050.270412208772
-5054.248598572112
-5058.184484756957
-5059.726014678792
-5065.656203304583
-5069.7531694195995
-5073.7016908581245
-5077.49252872503
-5081.44940341891
-5085.501318282921
-5089.469635789372
-5093.522447649528
-5097.472863203119
-5101.336261280271
-5105.024741728537
-5109.093575664357
-5112.858204475697
-5116.686951686458
-5118.479080853413
-5124.812665296796
-5128.906879067985
-5133.131179460902
-5137.144722147031
-5141.242519755348
-5145.181244090582
-5149.204840600282
-5152.831673095579
-5156.7511337691285
-5160.596942766932
-5164.708669330308
-5168.893890947629
-5173.166692955191
-5177.440978902136
-5179.30030248315
-5186.318136925648
-5190.371455807045
-5194.570966498444
-5198.86009315871
-5203.0013931401745
-5206.734491559816
-5210.923388293512
-5215.137000538276
-5219.251990271153
-5223.401021021753
-5227.652978198625
-5231.804199200712
-5236.0291874087925
-5240.426137264775
-5241.94999192478
-5248.672566740371
-5252.843731848918
-5257.317322230669
-5261.5371505668345
-5265.899148761344
-5270.128021785196
-5274.5661821172935
-5278.591422610437
-5282.7990819826555
-5286.93857857965
-5290.968546859121
-5295.052118011768
-5299.3177378135515
-5303.549199021247
-5305.368066160181
-5312.2478620239435
-5316.370367072911
-5320.618734980707
-5324.81682080141
-5328.942362579988
-5333.037881560003
-5337.020130928326
-5340.877397116997
-5344.964174405568
-5348.948434947064
-5352.8266091654405
-5357.098743320772
-5361.156652840941
-5365.159039954101
-5366.928715429175
-5373.179102472115
-5377.499846455597
-5381.269229424087
-5385.081650927585
-5389.0360938439135
-5393.027341882748
-5396.938541356817
-5400.84770548111
-5404.691518810471
-5408.4708483530485
-5412.354047121371
-5416.321988163746
-5420.016237543837
-5424.065028721714
-5425.640142092727
-5431.62166390768
-5435.370238723229
-5441.137098208388
-5445.0337331819155
-5448.846369901109
-5453.023602931005
-5457.46278324883
-5459.935112841352
-5463.255886897735
-5467.443446178274
-5471.9805136484
-5475.524755283488
-5480.3790279813975
