th
2.36931513513139
2.360703775955538
2.3518710874976874
2.354225229075361
2.343411358670018
2.3406654280515027
2.3402296641495886
2.3389599767776574
2.323561114782406
2.327555367506847
2.307330420966993
2.309575978210598
2.293689889913394
2.3026412540438814
2.30074570586964
2.305761489995508
2.311240117325407
2.305872578066949
2.299736642215373
2.2918043116075566
2.279223779451887
2.286993465773177
2.2822177967238173
2.292798091689928
2.2914602283261325
2.2904581122288294
2.282154283846048
2.2809747428292413
2.281420110620224
2.2824831885400996
2.285338063886864
2.2896480104900143
2.2966224800007473
2.3056109667143327
2.30867134325708
2.312773695679459
2.309440638080581
2.3085912501204975
2.314066858043289
2.3177171438578505
2.3221265865466982
2.3307119629712703
2.3321124882860405
2.3343862027080435
2.340013689270266
2.345678705816211
2.3516423179972397
2.35065952076919
2.356354373822627
2.3594267453758206
2.358121005367773
2.3575312688889083
2.3647254573207364
2.365160430929061
2.3759782532167772
2.374655205939226
2.3775126845839107
2.3773560686871034
2.3836168461943754
2.3782698081615137
2.382389983001529
2.381741468543347
2.3870789054338313
2.3790243354235234
2.3804130749975267
2.3823121288774147
2.386412938047362
2.394433611568902
2.396798755343703
2.3913604255556407
2.3966510280918567
2.386590512769449
2.3754033566557187
2.372782166773151
2.369478026738469
2.3755919882531953
2.3768558475537196
2.3704841882274517
2.3710738414701615
2.373805561424221
2.3767337276680487
2.3766281044871014
2.3750154086182373
2.3736130879515396
2.3786031250258812
2.3765552657041233
2.377270860081641
2.3694253055791488
2.364237632009447
2.360005779722431
2.362798795516633
2.362692105846011
2.350858253814345
2.339711462042555
2.3435272913768332
2.338752606644173
2.3479496439698817
2.341348818438909
2.3392053296545203
2.3379011597264685
2.3394716371761537
2.3291069896754992
2.331269848478533
2.3276639383529893
2.3235185928043554
2.3108997253482464
2.314583791490918
2.30872481603814
2.306095306342518
2.303039900413769
2.2954531025375706
2.290697316963079
2.300403495338485
2.3037026675885786
2.3026983479828207
2.303590521983056
2.297847044739736
2.300457223494485
2.297018836909703
2.297367525402417
2.2963092581527342
2.3002654073007096
2.303176613508387
2.309347487969486
2.308637952057174
2.3121825835224743
2.31540319136989
2.325609084606592
2.3337767081124134
2.3378563035964
2.3349650597325096
2.3431154868413286
2.347040948489934
2.347089350102704
2.352814894892007
2.3489903811353847
2.3485412828214147
2.357275563912959
2.3642413638497692
2.377874546521598
2.3767215614097537
2.379440285464208
2.3767990466989457
2.3782617622182833
2.3780284131126552
2.385074092113727
2.383800329656319
2.3896405503963853
2.3944671891857325
2.386117072804481
2.3909741068152477
2.3906559859204015
2.394140325940183
2.3954885368707983
2.4046480385224167
2.4018276704461075
2.400172275867602
2.4016509062198654
2.4050637104772004
2.4005533752851984
2.393569408837425
2.376828571247442
2.3685229346653958
2.3772490518350966
2.386231815653005
2.377926328633371
2.3750297585284543
2.381385498004061
2.3879858840006536
2.386217610423113
2.3830001662338183
2.361415080321282
2.3529923855196517
2.354066306698636
2.3511419698248037
2.3460483215572454
2.334024479630205
2.3313137160404436
2.3278307669309712
2.320907836588177
2.319170383482023
2.3156203451678357
2.320804188336016
2.3180784618406682
2.319079112585698
2.3077837699347974
2.297280889783451
2.297021914449654
2.294432651464672
2.2965226694267025
2.291872405751869
2.286488918141862
2.2873380874331506
2.2891411655990006
2.2941356683107235
2.2878133265606033
2.2884230070108456
2.278887503866904
2.2729899376115053
2.2616874272502647
2.2667542173998956
2.2694715037424804
2.2781656252548608
2.2768712000814038
2.2791754750004007
2.277970446035258
2.2838964808072304
2.280275567866219
2.279903988370057
2.281267114600678
2.2818784516603126
2.290798447050165
2.2964395534021236
2.3055117721763296
2.3125980963348405
2.321663748332386
2.325631915285486
2.3340457609560876
2.339800944017229
2.344221636036244
2.3486315819909076
2.3550029046725984
2.360010211797735
2.3650165664693668
2.363735113764038
2.3703415202506455
2.3774186724220034
2.3748567304464783
2.3735190335154055
2.3755349524834317
2.373675970531487
2.3811707576383214
2.3961264375906195
2.395619519873564
2.40725701239466
2.4165502044827383
2.4166565385118535
2.4102548081390474
2.411896523070576
2.3998415042704817
2.4008453561588334
2.4070249197826015
2.4159234439860504
2.4175124377688313
2.4309901880208975
2.433865027591884
2.433060410260515
2.4288791998952637
2.4296550516208573
2.413245318588551
2.4096760315755743
2.399301947104011
2.3892752454933257
2.380161584762727
2.3836901219402047
2.391420413792499
2.3893447429457484
2.385734419048291
2.374224053811193
2.373511527804855
2.3675449823004495
2.3667879413195725
2.3666911506188377
2.366595246003818
2.3640122505177623
2.358494137572269
2.3472631758007387
2.3442333905503636
2.3401404242548045
2.3212522489211973
2.3148504083107917
2.3043667532405143
2.301263859751579
2.2952532665309135
2.2847192706090276
2.2880430671746965
2.2798154665998855
2.2882494541360314
2.2898860423360348
2.2914978134019024
2.290054654347728
2.2906273176519876
2.281922572868672
2.2850052902158446
2.281866173752517
2.2744572406952943
2.2735113411945203
2.2747922758198365
2.277522480182979
2.2790541596541387
2.289043693800405
2.291172872138526
2.295355704309112
2.2923991931156995
2.2921040309636163
2.289834310851314
2.2892220005906405
2.2843547016070453
2.2845067196128386
2.2903472906764066
2.305893747632301
2.313216101495622
2.3153523406122525
2.322262560072888
2.3229148495508443
2.3232512916129364
2.333351811529255
2.3402686185631767
2.342058684507206
2.346861255583247
2.349799570233094
2.3443256943369972
2.349106343602704
2.3538346297638326
2.3631276037721167
2.362287528883865
2.3687063806968434
2.372093621327287
2.365453199541299
2.3701917958630596
2.3708621386152666
2.3806252204384437
2.3826552949851547
2.39254134287479
2.393792504344351
2.405459083945178
2.4070243428584384
2.404252781542836
2.398587733548146
2.4015442859174665
2.3953589984866515
2.4007194143431927
2.405555309459454
2.4103734392562126
2.4100808193503513
2.4127325340072057
2.4166750930814884
2.415014260232747
2.4156161574211086
2.403412011465076
2.408425115387641
2.404662223772882
2.3949103396363194
2.397269989938067
2.4000858700067713
2.395630702876963
2.389558095341906
2.389778714247832
2.3843472911275554
2.3766951437902217
2.374979561347086
2.3728179689616726
2.3670976731099005
2.366921675038713
2.357938742811427
2.354499629675359
2.353589447747807
2.342190689273813
2.337807442844452
2.3357348833290534
2.329567586808882
2.32412667036318
2.3179720352261763
2.3107163998962825
2.307156994277106
2.305300601350282
2.303671569471045
2.3060761333171014
2.2977346174925026
2.300163160907031
2.2927992455255186
2.2921374248164175
2.283198587888462
2.280214298577933
2.2742367680512676
2.268647836919378
2.266831038850355
2.2659404874402282
2.267814469614751
2.271815178606858
2.27640588653061
2.2842508696009673
2.2828506994261826
2.2883376713189945
2.284059595066735
2.283029812139037
2.2857585538196683
2.284008201352731
2.2891484626274954
2.2968893487309865
2.3051558350824344
2.309830120909323
2.3059956950524834
2.3107610307123547
2.3276383716254436
2.3315098565516372
2.336305692069361
2.3485046979221758
2.344279586146157
2.3466329796432097
2.3455864561976285
2.352198873978417
2.3556738396008745
2.368855540498882
2.371628594287568
2.379021143058292
2.373918361603081
2.383320765643757
2.3814904099116503
2.3778210563635014
2.382709735684268
2.3864202572323148
2.3919219107063308
2.3982560219243347
2.4003372440199326
2.4008137249826667
2.406071668426122
2.401410056882395
2.401997615551248
2.3991884407396467
2.403991798567577
2.401534543107527
2.4130558483421263
2.412482236243993
2.4178341209265524
2.4190760458672376
2.405826312712825
2.3994715371094735
2.392080160294276
2.3851807686297803
2.3813042349702878
2.384285436069551
2.39026224991494
2.394630903613258
2.3923761579985787
2.3952339796108544
2.382519551844866
2.3830312893886254
2.3813809862756417
2.376793629972654
2.3663521019365477
2.3673027610566577
2.3627147620179376
2.35157219472198
2.3389631513474662
2.3380274138481227
2.331607810431039
2.332853702504954
2.3219314072945707
2.313768636670008
2.3138292657816133
2.3097927404591148
2.3137541440285943
2.3083225754596115
2.3048635098595542
2.299850447321119
2.297479549007995
2.29101636191494
2.2903519092232973
2.284881545415644
2.28368976256141
2.286260954872093
2.277893128491708
2.27440758122733
2.269788978832026
2.269319685464658
2.266198758130417
2.268941659117596
2.2648104143150856
2.268244864814242
2.2671663923680363
2.2778939421122977
2.2755554506455513
2.2849652386618717
2.2771374601597327
2.281603725391603
2.2908334735534126
2.293308411185364
2.300627985406971
2.313502007530987
2.321161197789978
2.3357224431232235
2.3414140262035557
2.343568642292627
2.354183309355879
2.3617049781895547
2.3689026970645526
2.3739153690427344
2.378697216317116
2.3824591394857673
2.391782725452976
2.405290717664828
2.4046334835279195
2.4124193798998106
2.4222318099974336
2.431769695118079
2.4484912435043307
2.4452135470876355
2.441136338187264
2.4549897381403922
2.4593292814824763
2.442461492577455
2.451970441004344
2.4578263769095203
2.4741862593831287
2.4611181187340154
2.463707106546859
2.465000999049113
2.4735158971011146
2.462501608973485
2.465836870102187
2.456679821727933
2.4572526081323125
2.448158114843861
2.436221313160343
2.4331593095577486
2.4364209198578615
2.435194146582179
2.4459089416139075
2.4253108911524253
2.419631317633815
2.422658843256804
2.4181459529252276
2.4076234239425607
2.4053641563838815
2.3952686061692265
2.390165517611881
2.381387817401544
2.3735594471611012
2.3505132670849522
2.346610942799817
2.340100662605173
2.3302241332287688
2.3228825038797276
2.3163171747533213
2.305814018210825
2.302934899635786
2.2976099859620556
2.2903179411540173
2.2848648988392144
2.273316198715289
2.2687861554918247
2.266124078941825
2.2509991230147888
2.255335037658314
2.245541379289707
2.236442371689842
2.233664457052266
2.2388272934687445
2.2324120614381897
2.2370908626813066
2.2365174984354255
2.228145104717115
2.226232189083392
2.234907668865192
2.222910664692849
2.2244337203778577
2.2200896276984117
2.22704140341317
2.224792248302914
2.2379393900775306
2.239363539477053
2.247772777821834
2.254590074013178
2.258350730695755
2.262921759323
2.2773536931453164
2.2880675923925375
2.303250691521671
2.3066831395780394
2.3069511607320634
2.314102959420328
2.3179509208465605
2.3335359492618726
2.34673723248325
2.3558834923643124
2.3649184108110157
2.3697469152417057
2.3773239774167783
2.38711486522157
2.3871701165656924
2.385728145100867
2.38285600947785
2.3947698455346647
2.3891622614689214
2.408314140912649
2.4127406397485505
2.4265337148267
2.41315867447859
2.423585847039278
2.424910599977315
2.4310511101732457
2.4353212752296693
2.436559546771085
2.4459279238931977
2.446061359551388
2.4512096033596134
2.44463098575208
2.455443614243725
2.454381899275734
2.4662019312940577
2.470266040797003
2.47428600037217
2.473532672090049
2.4772723854369545
2.4783805369387237
2.477793922968748
2.4751926893422938
2.4596555380378313
2.443376075470347
2.437808701077688
2.4391709356507523
2.4369215834464963
2.4426983083648586
2.4365051389047734
2.4285745312529747
2.4211492441821885
2.4002052843950734
2.3988315544433014
2.3929111348767376
2.3829408262090275
2.3736095863888056
2.365247395458125
2.3478054973226214
2.3493271817770727
2.3428672548627234
2.3443789305715685
2.3309277987385872
2.3177706471918658
2.312189373065048
2.305479473765762
2.2960777063243487
2.2887455672848356
2.281986055744381
2.2758948191230117
2.2750211052498863
2.27233840453362
2.266969972799317
2.2633515058981675
2.2524750140412637
2.2405629005985417
2.239857474185078
2.235976756309917
2.236291117974442
2.230652509735513
2.224728757813371
2.231239107745477
2.2352122022681455
2.234444622802387
2.233701772880205
2.230997643967115
2.2302806578554164
2.23884643454682
2.250423130309099
2.260207739640917
2.2692446394482775
2.2735552897803903
2.2827460767747745
2.297941687922823
2.3095513975454907
2.3218491533197714
2.3253921551983834
2.328370539457177
2.3315313135421905
2.3495230386281603
2.3611615032011155
2.3693459392922938
2.375441672801143
2.3925630951489514
2.3951885799198998
2.391835040254852
2.394542099014941
2.3992257999690865
2.4065673338806595
2.419688480227722
2.424596741663541
2.4276545652486097
2.441640998418205
2.4444582821063037
2.4517292997069116
2.4502932822859576
2.4508001645800843
2.441854519658509
2.4480077774952864
2.4386125484688628
2.4331486675963983
2.4329387250423555
2.4427376038462225
2.456355006125676
2.4626531317572673
2.4655428610462975
2.4616162323216253
2.4528489362403803
2.448051025955907
2.4471493157155337
2.423969843190994
2.418487874821745
2.400749719247774
2.404579092011799
2.403985457164899
2.3993921866970926
2.3915786984037566
2.3834038498940524
2.3641672414331523
2.3540460817081272
2.3388253059560933
2.3324367150574763
2.325992215643622
2.323292474916198
2.312835530968792
2.3010968359253607
2.2827349672470865
2.2744181249588813
2.2625238285952163
2.255874641000158
2.2358643020777396
2.2232391220699643
2.2166779228540117
2.213465033643883
2.219636804901715
2.207341579387408
2.2002381727479534
2.1824897568252175
2.1840449914418363
2.1765637383363843
2.1820808022724227
2.1931689950240174
2.189771224231169
2.1898804629221087
2.1892753594152747
2.197280896051644
2.2011353122399564
2.208262755867101
2.212020743210467
2.215421550705756
2.200938580685614
2.192074819198427
2.1854799013285415
2.191674802822776
2.2115628270781267
2.2217739017375413
2.236028397510388
2.244569799431853
2.243711052018274
2.264267280280529
2.279170630960852
2.295319671619449
2.3047256256932616
2.314497876055163
2.3223089457356374
2.340841065186718
2.347980177800762
2.363907394268714
2.365128915000963
2.372244956618932
2.3788189049689925
2.390363155660262
2.3942080099648786
2.4032699533364146
2.419126727501955
2.427399187256553
2.434088148043016
2.448387049735344
2.4596657187697257
2.4677357878301636
2.4788151288753495
2.475035049786823
2.493311732869045
2.4939198988457605
2.4873890463765815
2.486877035016302
2.492883816193275
2.4797252062823305
2.4798824792742438
2.479815895277924
2.4888751563532683
2.490422138309516
2.5022402456101736
2.4931314854306508
2.4976449385623174
2.4811618003446494
2.4707160526181586
2.457107634433947
2.45186752795421
2.443322958150914
2.4374550343481562
2.4316678064530293
2.4259614101714577
2.4269821334770336
2.41979636102072
2.4136249237949543
2.402530097354304
2.384083510557328
2.369126662781781
2.368082800084144
2.356221575070765
2.343415503960904
2.3252826610052604
2.3074384706409026
2.2997905679098904
2.2848907205573896
2.2667530247797765
2.2509295831951293
2.2420527582510874
2.2264701175279202
2.2214791255557818
2.208879044763754
2.203743942749113
2.195014190188092
2.2013274694206326
2.1891542368527466
2.188939789997119
2.177163849804123
2.1695520963111092
2.158508111991398
2.147016703945265
2.1462560025834625
2.1371277716020547
2.1376626871177185
2.1430254047796704
2.149309611784751
2.158450588160771
2.163802382999093
2.166117877456169
2.1665163076826115
2.1640249094986657
2.172919476513085
2.176486971881275
2.1812321933744063
2.1882798360841877
2.1919203171483623
2.194453222158666
2.2104512110376793
2.2216308119941766
2.2448663258726533
2.2536929384496456
2.2694683321523716
2.283661706730179
2.2916847416994335
2.2974759638988957
2.3151171182203325
2.321828481944386
2.341541444965521
2.3553545983063806
2.3633277660723673
2.3766805406652227
2.388270005349153
2.3940086075637685
2.401353584733082
2.408195311376861
2.426171645280457
2.4321596686711047
2.440881696761505
2.4506440795118967
2.4451842706746905
2.461683897033247
2.4583951963546693
2.460896080633948
2.4704497568952313
2.473669183929031
2.47261346996844
2.472525564568605
2.4702677080333855
2.477314553903018
2.4880934661822414
2.4893003710183987
2.483536678351034
2.4809938269151535
2.475779258349249
2.4790333235228155
2.4619028804588345
2.453188722244083
2.444000575804016
2.436866079014656
2.435735767877831
2.4367716622556843
2.43219487053079
2.4271210165073063
2.4155132073066587
2.4040094860155903
2.394324104053507
2.389058789846035
2.3833104807380954
2.374980620173781
2.371636459009511
2.346060646946584
2.333348964324181
2.3139161909868813
2.304480619352817
2.291971013338537
2.281858121552425
2.2663517707826806
2.2523130928478796
2.243138824030796
2.2305185040946696
2.2231096582680383
2.2173145234729894
2.203691587489462
2.2033797424275425
2.1969392228155455
2.187707897540577
2.177018367314614
2.161436459538722
2.1651669616453737
2.1513821461018368
2.1520978108802686
2.155069990311885
2.1558086433425867
2.156710590193452
2.164819973304889
2.1695155336130383
2.1735063172237505
2.1747478213848863
2.1792893812864347
2.179617671688457
2.1906145466919167
2.1932274392690347
2.202326129708223
2.211138402272337
2.219464061118588
2.2363985816467538
2.244717095946157
2.2609695759847814
2.274725511845116
2.284190584216065
2.293861055894119
2.3091034516950706
2.3166685012296715
2.327260250145629
2.3383845664853036
2.3451569870196254
2.358850332486566
2.3692932180541617
2.382471089331728
2.391677261079684
2.3969752220308562
2.4115113065697966
2.4112935711848182
2.423893706195533
2.4259746833241422
2.438674597274725
2.4324004191575566
2.4471878528837827
2.4491285191992156
2.4548747043781667
2.4565125573957167
2.457952979758146
2.4589525933569214
2.4632782236205375
2.4689747690729993
2.4678475576801895
2.4756350337740445
2.470455107012537
2.466327244037003
2.4727004390055822
2.4639967060295898
2.460965138949251
2.45760511837493
2.438902058803338
2.440795793739184
2.430957454463173
2.4297557949679414
2.4225543536646192
2.4235265817972724
2.402633360085932
2.396802579492569
2.393953782356131
2.3922302613330757
2.3842552945871693
2.367992974690508
2.356473098853358
2.3497251252448854
2.3444582268516365
2.333564614783295
2.3261175630667856
2.312072213042377
2.2976122291075307
2.286958756321793
2.2884730152141213
2.280741322818994
2.2748396038041845
2.2673085857734296
2.2554955818699725
2.2505511425813407
2.243755578997304
2.2431866932838562
2.2416237009848903
2.2390702067437234
2.2390776608321583
2.2363919374196057
2.240579162155065
2.2410281626175697
2.2330054230577345
2.2297150107518466
2.2232458283808456
2.2185938886161183
2.2197148974688394
2.222956862944253
2.2216569640552555
2.220423320836738
2.2354801626700813
2.2325577315233285
2.2394171512794205
2.2602480078263363
2.257069314209181
2.271139513138621
2.2746359358641413
2.2755003050249423
2.2815277735105797
2.287400778475192
2.300849230279781
2.3088512566460992
2.3212265398208203
2.3344793158940167
2.347048375294987
2.3540525223161066
2.368064228730445
2.366686557469863
2.369360708970414
2.374592597234533
2.3833417774607346
2.3934899531694303
2.4029810698267986
2.40535155274065
2.4096926742200644
2.4136058418510777
2.4132445769867825
2.4117984911373456
2.4210380668135176
2.4227411332370767
2.4255103562241604
2.4220805672941967
2.417175587145169
2.426192538707843
2.424462852355753
2.4445396992917976
2.4408484004723445
2.419795335772103
2.4271118806705685
2.4231620201273434
2.419532606468252
2.422417727524667
2.4201254302000303
2.4106094361884254
2.416890978926133
2.416996051328314
2.4111563199981223
2.412900896516264
2.403000149308128
2.4015550547743802
2.4145839401432396
2.4181970565753685
2.4032433556166564
2.394661544535067
2.391592617633137
2.4009033158525446
2.3943591162603974
2.389797014585841
2.3792556868548416
2.3754373658735433
2.367145865090954
2.371988718433245
2.3631623418072234
2.358649871943342
2.3445698762468923
2.3388458447543767
2.336622519563225
2.335866656497349
2.324044540890831
2.310812933126183
2.3051492648685175
2.291304418794177
2.282140258577156
2.265228765746611
2.2656487348172907
2.254328101376831
2.252632404616334
2.251550857424084
2.2548109170834465
2.255309173962262
2.2528015716729213
2.253020560098589
2.2452243083338366
2.248314352953041
2.2170592074340028
2.2167060778976952
2.2126506716859504
2.2126041186290957
2.204548846281008
2.2084427607443686
2.220571904172774
2.233108149495038
2.236628049222184
2.249431244091464
2.250188732552812
2.2512527867235583
2.2523461240281755
2.2610694238787095
2.261648447021142
2.268640947992343
2.288582616732338
2.299812593355247
2.3106993967368554
2.3320225145525098
2.3322906554498903
2.3402113386781114
2.345893993904415
2.348877189548477
2.3538145458799646
2.357918999467654
2.375109955657948
2.3764706291990296
2.386598735906059
2.399075799183318
2.395760386849618
2.405010092138968
2.415783933440933
2.4181717298612457
2.417833198504388
2.422836047816517
2.423108189609824
2.4261263936528144
2.4394897385369254
2.432357648126163
2.441740396472547
2.451786898862171
2.458893631886123
2.4542823842874655
2.4560303389516216
2.4547473402710374
2.4436431760453545
2.439955082933957
2.4363328490537746
2.426028017338935
2.42884734023758
2.4304257783083463
2.415636675893892
2.431365297727533
2.425238997716536
2.4152422857403057
2.4160993660638694
2.412345916297463
2.411808368578394
2.3988045578771127
2.3850816262155337
2.3773608970541327
2.367650748340711
2.362563399969555
2.3582616415821294
2.348545137432
2.3349433919775975
2.32238334745868
2.31023324869923
2.303629514191513
2.309618733000485
2.3057516507897704
2.306187185172404
2.3014641805110823
2.295197453789992
2.285468466053275
2.2802257977770055
2.2728236113586675
2.2601573332021943
2.2543680928416356
2.2555016017576013
2.259777851005082
2.2498504824423686
2.2487318495413313
2.2540991865912288
2.259343381864782
2.2597056560392916
2.241723461252103
2.227889281529455
2.2190585941686423
2.2204115207849533
2.225941924781232
2.220912638450605
2.21204955377938
2.2109879122278815
2.2234963553080185
2.2385219690604674
2.2436979716861565
2.241529928940515
2.2423094611610095
2.252101567868591
2.261482817388146
2.264791138298523
2.2640727012278004
2.257729129240833
2.2641775738977046
2.2745331348843854
2.2882885774585064
2.2979550603120655
2.3078232943108414
2.31680389314264
2.3143646214099927
2.3244310949813265
2.336571468273903
2.3397965084234063
2.3439614178498394
2.354785747830991
2.3571244131122664
2.3677063020350686
2.3749768226510564
2.374619581382054
2.3770820241928314
2.3829499291807985
2.3801892487146223
2.374776715864641
2.386120213106609
2.3867778647779088
2.391266441015747
2.3952941445225937
2.4101295768807667
2.4102732223210017
2.4138867559971677
2.4142566423796343
2.410572750896322
2.4068409953317476
2.403805779211498
2.396815327719468
2.398930696484323
2.3986755099441908
2.3966712538869026
2.3991430228876793
2.3992513660338455
2.406991155264875
2.4040301789649
2.3917082077984406
2.390078042281695
2.38269761703392
2.3789506492596573
2.372301303410726
2.3649438437381587
2.3618553727363656
2.363266881670204
2.360554148993729
2.349719304791299
2.349730099610893
2.341156526529361
2.3393678583328694
2.3243465759784807
2.315225704051825
2.3101194567156638
2.3054447227709836
2.305511040798405
2.2907742622507157
2.2892274081317754
2.290296709815828
2.2826615190409405
2.2802876734576296
2.279414105010146
2.2665846226090567
2.264906086475059
2.2639211747450325
2.2642200554373884
2.260906068287664
2.271758983538731
2.2685232941722275
2.2668997852590294
2.2636226715793564
2.262377569631777
2.2584370789691395
2.2665956630266337
2.2600503995801007
2.2517680862429605
2.258753244219464
2.254868358768293
2.264770912195566
2.2687510959900243
2.2770267662168235
2.280746728728142
2.2832414158789707
2.2976485122358006
2.2949467704390067
2.30726375420205
2.310437452822746
2.3098469259422107
2.3174045897311024
2.321037202242006
2.328624345357549
2.3373485900829776
2.342449403574072
2.348713874421042
2.3507142438892945
2.352004496046642
2.3583813428555986
2.374052694344691
2.374990946543615
2.384381318117105
2.387175229102607
2.393980077703431
2.3984566288708975
2.399157310231929
2.4104727965155583
2.4032699278974734
2.4140290863449088
2.4187021149964045
2.4218370566820497
2.4309759216936477
2.426765825280498
2.4248140233038105
2.430211655746783
2.4286962877391995
2.4354905078923617
2.4345907105058435
2.432306423297968
2.428214068787714
2.4150971099303273
2.411288504363821
2.387446511005973
2.461493763743357
2.4415054974820807
2.4093448339998615
2.3851111284428224
2.4421485184856175
2.4213815707866377
2.4255359775781624
