x
-0.02859942629
-0.03537812554
-0.03960945331
-0.04358929296
-0.04716324067
-0.05083749497
-0.05432245189
-0.05765225075
-0.06008838935
-0.06286761799
-0.06448996228
-0.06640301380
-0.06732119623
-0.06873728862
-0.06947600310
-0.07003677402
-0.07020976201
-0.06972192823
-0.06885336535
-0.06765560832
-0.06597336259
-0.06440447510
-0.06212095729
-0.06000678944
-0.05741846617
-0.05429985808
-0.05077125665
-0.04711930399
-0.04294335974
-0.03882096713
-0.03444106622
-0.03012834620
-0.02381888553
-0.01901817465
-0.01417127405
-0.00945512146
-0.00422069520
0.00079270357
0.00588459559
0.01079859765
0.01545429421
0.02046490820
0.02553526677
0.03010826557
0.03466095251
0.03911928680
0.04308522491
0.04681373250
0.05044905160
0.05403619515
0.05711207206
0.06012215717
0.06301088407
0.06527917617
0.06757284505
0.06907304284
0.07046682392
0.07137611619
0.07218002424
0.07228081339
0.07230917177
0.07184369518
0.07119853656
0.06988179143
0.06845789629
0.06669694335
0.06472768880
0.06241853703
0.05965459644
0.05634286433
0.05328563382
0.04918836780
0.04521958159
0.04122355810
0.03698013692
0.03252211237
0.02817658190
0.02346668149
0.01866006638
0.01334498650
0.00803605772
0.00282792398
-0.00221295233
-0.00739637837
-0.01223672958
-0.01701738029
-0.02180713358
-0.02683292403
-0.03140372990
-0.03573587006
-0.04022652310
-0.04427072874
-0.04799927052
-0.05156628573
-0.05509763783
-0.05813968524
-0.06135061216
-0.06369594055
-0.06573948959
-0.06730843684
-0.06886042228
-0.06959654733
-0.07044798904
-0.07070461345
-0.07058687522
-0.06986763205
-0.06928616293
-0.06801037228
-0.06653540561
-0.06477457383
-0.06248361820
-0.05993571846
-0.05752270156
-0.05448556565
-0.05106462336
-0.04754394913
-0.04350961299
-0.03932021170
-0.03473151760
-0.03021524260
-0.02546986487
-0.02094570477
-0.01596429348
-0.01089153024
-0.00566846706
-0.00083134684
0.00444705842
0.00919259686
0.01435774943
0.01915352601
0.02422528233
0.02889751645
0.03380352273
0.03817492578
0.04249450898
0.04648256757
0.05008180148
0.05345244592
0.05681409536
0.06000777953
0.06238444068
0.06476821811
0.06689873198
0.06868818383
0.06997108206
0.07127449425
0.07198816365
0.07256779448
0.07275655627
0.07218317964
0.07164034071
0.07060273202
0.06924786797
0.06753188961
0.06575433844
0.06342012661
0.06082741102
0.05793017393
0.05482953541
0.05107061476
0.04734749295
0.04304116547
0.03856661832
0.03424527364
0.02985157343
0.02515272402
0.02056859045
0.01551048453
0.01043398980
0.00529221060
-0.00040644892
-0.00559401229
-0.01072428490
-0.01574311916
-0.02033152591
-0.02506140420
-0.02932605284
-0.03383370927
-0.03820252687
-0.04210616412
-0.04632333716
-0.05004176905
-0.05374888590
-0.05651025698
-0.05949858894
-0.06162323646
-0.06362641527
-0.06570632339
-0.06717056266
-0.06840107723
-0.06907893473
-0.06938431530
-0.06952159929
-0.06932614274
-0.06886290809
-0.06770473407
-0.06641287894
-0.06457459384
-0.06245107430
-0.05986445240
-0.05744454178
-0.05439146004
-0.05135453749
-0.04777136580
-0.04381053788
-0.03964712191
-0.03529340647
-0.03071850482
-0.02615462549
-0.02133741283
-0.01654597815
-0.01156708625
-0.00684311970
-0.00196830066
0.00294589945
0.00778254424
0.01259211006
0.01765348223
0.02270486052
0.02756507691
0.03227788161
0.03687830243
0.04138343076
0.04536808750
0.04907486661
0.05256382394
0.05590548965
0.05869714599
0.06153507653
0.06396831213
0.06606819855
0.06804781445
0.07003776320
0.07125661672
0.07250398344
0.07329893291
0.07345679155
0.07308991411
0.07263426325
0.07146081517
0.07029108317
0.06875859880
0.06720469481
0.06487132307
0.06269452903
0.06002125208
0.05706551722
0.05339062415
0.04979192913
0.04529099127
0.04088303175
0.03646365793
0.03172522203
0.02721451506
0.02222292284
0.01769805266
0.01263736077
0.00741468203
0.00204668607
-0.00268088784
-0.00786830481
-0.01264685513
-0.01755813910
-0.02231277746
-0.02714321341
-0.03158046345
-0.03598484961
-0.04040311190
-0.04433161143
-0.04767903019
-0.05116976304
-0.05436151971
-0.05733390577
-0.05995338063
-0.06209626276
-0.06429589309
-0.06589350021
-0.06748532119
-0.06863284251
-0.06932958448
-0.06958872302
-0.06955389060
-0.06887052685
-0.06821861164
-0.06695257972
-0.06532146001
-0.06353037862
-0.06141637131
-0.05904205318
-0.05621994026
-0.05328738757
-0.04999660558
-0.04639227016
-0.04218560480
-0.03799473467
-0.03327972510
-0.02871820817
-0.02393864795
-0.01931043654
-0.01440604103
-0.00953304392
-0.00430934487
0.00072395057
0.00547993826
0.01036466310
0.01527968057
0.02054581901
0.02567107032
0.03029084114
0.03484552538
0.03927136619
0.04313198162
0.04696484391
0.05083999015
0.05424751268
0.05724910142
0.06019057286
0.06284149616
0.06476116764
0.06699561145
0.06869964508
0.07037958097
0.07143369553
0.07240846385
0.07274125777
0.07304245289
0.07267087611
0.07186518995
0.07058867684
0.06922739845
0.06726099606
0.06536340520
0.06304427065
0.06042666475
0.05729333879
0.05399650636
0.05045465256
0.04677806755
0.04238460449
0.03825668084
0.03403052368
0.02957918006
0.02496648199
0.01992974605
0.01482581192
0.00972243230
0.00444148918
-0.00082397307
-0.00581761158
-0.01078017521
-0.01559960311
-0.02050049083
-0.02546458282
-0.03009319557
-0.03441257085
-0.03886676863
-0.04304551338
-0.04687996272
-0.05071801361
-0.05406486126
-0.05700953745
-0.05982167071
-0.06212503073
-0.06424221245
-0.06605852171
-0.06745987592
-0.06864096292
-0.06953611627
-0.06973677980
-0.06990820933
-0.06941936423
-0.06875992026
-0.06749951456
-0.06612516958
-0.06429456757
-0.06207768458
-0.05968482266
-0.05692895049
-0.05387884064
-0.05070262562
-0.04709123288
-0.04346990764
-0.03957552028
-0.03532423472
-0.03087476069
-0.02615937709
-0.02148924921
-0.01661090580
-0.01135245498
-0.00654699697
-0.00118378293
0.00383617846
0.00877866297
0.01392052025
0.01903946101
0.02368369923
0.02817188253
0.03317012207
0.03757738461
0.04180239884
0.04581449116
0.04976793981
0.05326844505
0.05693826120
0.05851583569
0.06251203389
0.06464785236
0.06695036777
0.06853142575
0.06991705063
0.07114724019
0.07202833437
0.07263242024
0.07287938109
0.07263198868
0.07199425946
0.07123572266
0.06967264088
0.06800437380
0.06700627248
0.06383075194
0.06104111575
0.05870309537
0.05541957446
0.05181814530
0.04827836735
0.04450224503
0.03994204343
0.03567768034
0.03115967969
0.02629713840
0.02180228653
0.01685823052
0.01137260191
0.00913991656
0.00173630871
-0.00356506424
-0.00803120931
-0.01317587779
-0.01784405667
-0.02259874107
-0.02716623490
-0.03202892653
-0.03625116860
-0.04023475494
-0.04436156350
-0.04808389550
-0.05196214730
-0.05539039941
-0.05694111400
-0.06107259383
-0.06333011984
-0.06539821470
-0.06690628823
-0.06814142709
-0.06897223047
-0.06953796426
-0.06962976794
-0.06951192014
-0.06885672278
-0.06800773250
-0.06690828034
-0.06497123040
-0.06299963161
-0.06153759653
-0.05787004267
-0.05510414948
-0.05202818491
-0.04800005435
-0.04454536952
-0.04035477073
-0.03630796861
-0.03159215477
-0.02691719436
-0.02200805921
-0.01720479318
-0.01227593713
-0.00712559144
-0.00157159522
0.00129381330
0.00840292342
0.01388054526
0.01856632097
0.02352268077
0.02841683882
0.03278750894
0.03717874159
0.04141116325
0.04579454856
0.04974783118
0.05344883611
0.05707465370
0.06001128685
0.06296147374
0.06434766220
0.06794426072
0.07036133253
0.07162332529
0.07268307335
0.07399458710
0.07458173443
0.07424147792
0.07437143545
0.07403352115
0.07367854614
0.07209968283
0.07073428842
0.06879875730
0.06687900660
0.06555688365
0.06145998624
0.05832227547
0.05498858722
0.05114547344
0.04726061605
0.04300849108
0.03876244179
0.03390962222
0.03040549927
0.02581521929
0.02058571062
0.01565476734
0.01018771499
0.00528707561
0.00251387702
-0.00474361391
-0.01003181499
-0.01505095306
-0.01976131274
-0.02403902325
-0.02882134608
-0.03302290574
-0.03722372177
-0.04142421574
-0.04512191803
-0.04858396417
-0.05244824106
-0.05555055794
-0.05852371943
-0.05992125483
-0.06288797530
-0.06458684608
-0.06613414616
-0.06687277606
-0.06790873953
-0.06811452847
-0.06797962217
-0.06766442746
-0.06714580092
-0.06593210169
-0.06479926985
-0.06301009006
-0.06068186435
-0.05829980768
-0.05680698595
-0.05238828148
-0.04891809047
-0.04519431491
-0.04127106317
-0.03687453859
-0.03304496426
-0.02849550534
-0.02390492033
-0.01903070481
-0.01427310730
-0.00914126130
-0.00399796142
0.00077670997
0.00599270874
0.00823362466
0.01592649287
0.02094422115
0.02573012977
0.03040930600
0.03512544306
0.03929927439
0.04369513868
0.04802677934
0.05156374830
0.05515732591
0.05808390136
0.06075684699
0.06299597343
0.06560732094
0.06644399246
0.06989289837
0.07139608423
0.07281752684
0.07306612633
0.07364651042
0.07363224723
0.07339718574
0.07277674683
0.07175032821
0.07057851808
0.06879834314
0.06702134995
0.06449619221
0.06210925301
0.06083908777
0.05617646424
0.05272195941
0.04952696247
0.04532021834
0.04117936796
0.03704767989
0.03240445487
0.02763388226
0.02271014263
0.01740281288
0.01235667821
0.00715520102
0.00205342467
-0.00328596552
-0.00546398965
-0.01290513880
-0.01780894478
-0.02270562694
-0.02763566676
-0.03231405014
-0.03654383269
-0.04073610797
-0.04478891471
-0.04836382816
-0.05209894198
-0.05537837270
-0.05842964590
-0.06083031829
-0.06302089909
-0.06397444649
-0.06667745775
-0.06776111247
-0.06845418574
-0.06897516088
-0.06914741708
-0.06907828297
-0.06855979930
-0.06754924763
-0.06632922735
-0.06450723027
-0.06219102766
-0.05994646962
-0.05713995688
-0.05415180706
-0.05245624443
-0.04725517611
-0.04351857143
-0.03945259050
-0.03481197989
-0.03031086053
-0.02556250602
-0.02083720840
-0.01577548758
-0.01072656870
-0.00557918602
-0.00086652069
0.00410663854
0.00878229153
0.01364585711
0.01567811620
0.02295450054
0.02764862080
0.03253760156
0.03683617286
0.04206870281
0.04823108854
0.05193596143
0.05537873080
0.05881966902
0.06152671585
0.06371883101
0.06601852728
0.06811196225
0.06986876885
0.07112938494
0.07278794704
0.07353100546
0.07420175804
0.07422291099
0.07403718978
0.07328487522
0.07223649793
0.07055415915
0.06899930894
0.06682007563
0.06428736833
0.06179779246
0.05909186044
0.05624142497
0.05444251557
0.04939113668
0.04530998248
0.04123753217
0.03692726454
0.03247708738
0.02743391974
0.02275510894
0.01808888413
0.01303954707
0.00801433025
0.00318714422
-0.00199425896
-0.00694000092
-0.01207655165
-0.01476516018
-0.02161919741
-0.02592950586
-0.03027369875
-0.03453449576
-0.03842346665
-0.04235634640
-0.04589668405
-0.04947371438
-0.05252630575
-0.05550451568
-0.05782491179
-0.06009550413
-0.06208863057
-0.06402228063
-0.06493951224
-0.06622047668
-0.06658296718
-0.06632410842
-0.06632108232
-0.06567744107
-0.06508413498
-0.06417175946
-0.06255390066
-0.06074867690
-0.05853951705
-0.05605553105
-0.05312291015
-0.04993207097
-0.04634316405
-0.04458571645
-0.03820952267
-0.03369020726
-0.02927642798
-0.02493906219
-0.02033211979
-0.01585509786
-0.01100187325
-0.00607799306
-0.00122684430
0.00407381975
0.00885104587
0.01412474040
0.01895556035
0.02420287981
0.02717722455
0.03394167435
0.03849324630
0.04301198963
0.04668884612
0.05037805310
0.05399600932
0.05727809482
0.06020673887
0.06305744038
0.06595613413
0.06820884540
0.07020712349
0.07204573863
0.07347095297
0.07419351283
0.07524541388
0.07522293719
0.07552059788
0.07493179715
0.07384410975
0.07252299986
0.07112531325
0.06898435136
0.06689579320
0.06440651224
0.06186915323
0.05889887966
0.05597899183
0.05234274609
0.05047528092
0.04431985344
0.03973471194
0.03517477124
0.03028261034
0.02568536767
0.02079207122
0.01597666181
0.01135892442
0.00664660278
0.00175634964
-0.00309052938
-0.00809065266
-0.01306104318
-0.01793359319
-0.02105954297
-0.02785916193
-0.03233213618
-0.03680476842
-0.04070254658
-0.04431548323
-0.04753370458
-0.05064754280
-0.05329368834
-0.05617739611
-0.05845145822
-0.06076604886
-0.06244759249
-0.06400027619
-0.06507707960
-0.06582491422
-0.06640507829
-0.06653604306
-0.06595365734
-0.06511038248
-0.06380606345
-0.06214625168
-0.06053825209
-0.05827312417
-0.05599350438
-0.05356007915
-0.05071925729
-0.04750297649
-0.04413105508
-0.04034872357
-0.03799255078
-0.03164944867
-0.02725887156
-0.02252571872
-0.01793638644
-0.01311061677
-0.00803530548
-0.00318342730
0.00200044379
0.00675594908
0.01168557650
0.01630137859
0.02131817982
0.02603276231
0.03060477681
0.03330613123
0.03962118017
0.04381583276
0.04816493023
0.05193152769
0.05547359662
0.05874534503
0.06165551857
0.06411969281
0.06660096331
0.06868092771
0.07078096697
0.07224982089
0.07343254296
0.07427608426
0.07426709417
0.07470837373
0.07419396759
0.07350040149
0.07268086934
0.07140031127
0.06960040129
0.06771353449
0.06526287179
0.06279167731
0.06008956338
0.05692596964
0.05334301219
0.04951296396
0.04537439499
0.04324100977
0.03656094555
0.03264820105
0.02770977710
0.02331352020
0.01822591268
0.01318978570
0.00814764426
0.00328797664
-0.00186669668
-0.00660147538
-0.01183082821
-0.01681358561
-0.02125823512
-0.02570318934
-0.02867086738
-0.03473438429
-0.03895931006
-0.04284477019
-0.04638201819
-0.04957332065
-0.05261074862
-0.05554066440
-0.05802903912
-0.06057603101
-0.06230820322
-0.06388757253
-0.06518519755
-0.06586493244
-0.06660000826
-0.06665060756
-0.06644553091
-0.06573448225
-0.06454801494
-0.06352795428
-0.06160854719
-0.05984335385
-0.05763926474
-0.05524674646
-0.05228833022
-0.04941363342
-0.04587844118
-0.04218815867
-0.03821799402
-0.03398495747
-0.03144009785
-0.02478186607
-0.02008687402
-0.01569752926
-0.01060416909
-0.00575146648
-0.00063107307
0.00436548194
0.00926475922
0.01454872545
0.01911955171
0.02412889002
0.02889601057
0.03335575936
0.03778955729
0.04057763318
0.04654433027
0.05044655797
0.05418364954
0.05738527217
0.06057139700
0.06302158117
0.06588679955
0.06786343808
0.06992672292
0.07137093690
0.07281430992
0.07338493129
0.07427758389
0.07443292813
0.07451170071
0.07387358196
0.07300587569
0.07174656521
0.07033806888
0.06857734871
0.06643661677
0.06427672311
0.06143881257
0.05846832948
0.05516890724
0.05148049251
0.04753613556
0.04323787986
0.03866540262
0.03636483675
0.02985634401
0.02543359235
0.02072965425
0.01589059467
0.01089151556
0.00537559525
0.00048622949
-0.00423498167
-0.00956483265
-0.01422151286
-0.01902245373
-0.02352800836
-0.02829649459
-0.03228715757
-0.03476578818
-0.04065510515
-0.04488432178
-0.04861217723
-0.05228006697
-0.05539659785
-0.05794067574
-0.06039590909
-0.06228944463
-0.06413859745
-0.06555135027
-0.06674389742
-0.06753530581
-0.06794588537
-0.06805530108
-0.06786534092
-0.06719775795
-0.06608221546
-0.06444417635
-0.06268763929
-0.06054623891
-0.05801918860
-0.05537875484
-0.05223823175
-0.04885543733
-0.04518604081
-0.04162672696
-0.03741982389
-0.03306412748
-0.02891480803
-0.02611391231
-0.01950710853
-0.01509275952
-0.00973042311
-0.00420610568
0.00087623299
0.00623851490
0.01110185859
0.01606140302
0.02078085959
0.02582354670
0.03014518022
0.03500611582
0.03906504821
0.04308308264
0.04542207402
0.05115166190
0.05462559778
0.05811192640
0.06092954070
0.06339978355
0.06610034894
0.06811652566
0.06976229859
0.07143800243
0.07259777040
0.07335894567
0.07356982747
0.07343898541
0.07340740001
0.07307423930
0.07233526900
0.07078436186
0.06860187919
0.06687305906
0.06446174088
0.06168581133
0.05872307115
0.05556085126
0.05186676743
0.04821172020
0.04443696438
0.03988229597
0.03625435599
0.03141314426
0.02930344039
0.02242897796
0.01713450844
0.01188183358
0.00607696227
0.00073744904
-0.00465833395
-0.00924141946
-0.01381226857
-0.01876116148
-0.02311940757
-0.02737928974
-0.03210573978
-0.03615363203
-0.04043084679
-0.04251937312
-0.04846151296
-0.05227669516
-0.05577081935
-0.05839123846
-0.06064589224
-0.06304628043
-0.06465476951
-0.06609967581
-0.06683614813
-0.06788937316
-0.06821632228
-0.06846055666
-0.06835499856
-0.06800875684
-0.06759903583
-0.06584786384
-0.06439264816
-0.06221682020
-0.06025510536
-0.05675941395
-0.05386902750
-0.05038709923
-0.04682922041
-0.04329462965
-0.03943566683
-0.03532146590
-0.03099037554
-0.02656424797
-0.02189497407
-0.01911038195
-0.01227224789
-0.00721862921
-0.00199372964
0.00330905919
0.00841124696
0.01379082518
0.01845009990
0.02313703572
0.02804741818
0.03236383985
0.03695575436
0.04105495919
0.04517971007
0.04890604129
0.05099173127
0.05642594156
0.05949194952
0.06245116256
0.06530698800
0.06731266825
0.06914738865
0.07103652713
0.07213513475
0.07292859125
0.07352453504
0.07365098677
0.07354360601
0.07336553390
0.07227076072
0.07198657976
0.06992926268
0.06830895789
0.06595408837
0.06357045296
0.06075192810
0.05755378212
0.05399545059
0.05040485740
0.04642751629
0.04236965899
0.03804326524
0.03384675078
0.02950514982
0.02507228556
0.02252840022
0.01525624046
0.01008321108
0.00499292239
-0.00027661599
-0.00525070214
-0.01003205283
-0.01531740485
-0.01994166524
-0.02470837969
-0.02937282290
-0.03368700954
-0.03793532029
-0.04188568322
-0.04547692734
-0.04771504808
-0.05292577524
-0.05577975111
-0.05879224543
-0.06144156948
-0.06355122339
-0.06524897462
-0.06635610318
-0.06712027041
-0.06790580498
-0.06845579467
-0.06867752399
-0.06810986757
-0.06746823860
-0.06660301878
-0.06606641443
-0.06362192735
-0.06122679112
-0.05862990697
-0.05599417835
-0.05286199687
-0.04948090953
-0.04605656897
-0.04184847254
-0.03761322879
-0.03373288707
-0.02941453325
-0.02484344306
-0.02022298930
-0.01528134770
-0.01275558172
-0.00536913087
-0.00053805503
0.00484922809
0.01005003799
0.01524818624
0.01992882047
0.02487959826
0.02931947668
0.03385918306
0.03821704504
0.04207806786
0.04635838408
0.05028008027
0.05345864260
0.05508487108
0.06012910133
0.06281463025
0.06535567125
0.06752972829
0.06904668632
0.07046885977
0.07154517481
0.07208978532
0.07217154837
0.07245117918
0.07207438337
0.07152162681
0.07056880169
0.06960047984
0.06896435968
0.06613942017
0.06371047123
0.06095837630
0.05804705856
0.05476682412
0.05106342969
0.04738654055
0.04334636049
0.03917161589
0.03498006911
0.03079251224
0.02610802768
0.02153764810
0.01674065450
0.01451010382
0.00654820652
0.00137952737
-0.00393881273
-0.00894096818
-0.01399688281
-0.01881183790
-0.02360297386
-0.02771434039
-0.03214927936
-0.03622212906
-0.04049009004
-0.04436177421
-0.04814596827
-0.05172347935
-0.05312954571
-0.05831650405
-0.06052866624
-0.06284464006
-0.06493363379
-0.06635545276
-0.06746520197
-0.06842056678
-0.06865037810
-0.06884153147
-0.06869627196
-0.06821350571
-0.06727248397
-0.06637079837
-0.06462145893
-0.06391286324
-0.06037084389
-0.05777779999
-0.05459735795
-0.05157248575
-0.04780985483
-0.04388041320
-0.03980674122
-0.03572002674
-0.03146910699
-0.02701450343
-0.02257033231
-0.01788265561
-0.01286497624
-0.00784676665
-0.00563343760
0.00275084367
0.00779244299
0.01293829695
0.01801419536
0.02290260052
0.02770027998
0.03227747702
0.03654168904
0.04091307741
0.04491766100
0.04859999997
0.05251290541
0.05620539181
0.05925079223
0.06073525070
0.06475585239
0.06722943651
0.06904350932
0.07046791041
0.07193234682
0.07251064216
0.07327303658
0.07351167203
0.07336830612
0.07308647565
0.07205659858
0.07073487695
0.06940732717
0.06740683911
0.06673998077
0.06301515775
0.06028707506
0.05558808747
0.05187828285
0.04823367063
0.04364996702
0.04024154058
0.03717898175
0.03295644659
0.02781036887
0.02296295093
0.01839745868
0.01232202034
