y
-0.06609740309
-0.06243051144
-0.05951330608
-0.05675338442
-0.05338249547
-0.04977683745
-0.04592790026
-0.04160567762
-0.03712003826
-0.03245505206
-0.02757073315
-0.02278847509
-0.01813831000
-0.01320313213
-0.00801025549
-0.00269573430
0.00252298725
0.00719322763
0.01208330477
0.01660950160
0.02115573583
0.02617016688
0.03088120490
0.03544784411
0.03943120894
0.04357735126
0.04727233786
0.05086447602
0.05445335715
0.05750402971
0.06032940364
0.06274006985
0.06562190277
0.06745431580
0.06873130046
0.06966294219
0.07007341339
0.07017012738
0.07009437784
0.06961935187
0.06887323275
0.06782650118
0.06613038253
0.06425393310
0.06211268571
0.05961175625
0.05703868982
0.05398106661
0.05084415408
0.04715616462
0.04331439905
0.03899594937
0.03458841158
0.03012073610
0.02549317433
0.02095476182
0.01603600454
0.01129110659
0.00629348889
0.00123924352
-0.00394310975
-0.00893279836
-0.01398513086
-0.01859842945
-0.02343045604
-0.02820176660
-0.03274456076
-0.03743280772
-0.04182202796
-0.04592591080
-0.04967635494
-0.05332135676
-0.05629083739
-0.05918271948
-0.06180595570
-0.06447176673
-0.06652761253
-0.06812654074
-0.06961533177
-0.07091102204
-0.07179643944
-0.07218619096
-0.07215864449
-0.07176985100
-0.07125853136
-0.07020635571
-0.06889204499
-0.06683764032
-0.06464058469
-0.06220197217
-0.05949912246
-0.05655047081
-0.05293783104
-0.04897937775
-0.04515322997
-0.04091082563
-0.03646677263
-0.03174848559
-0.02709601233
-0.02279947003
-0.01775576582
-0.01298694791
-0.00766350914
-0.00264427197
0.00241295266
0.00726891897
0.01222650873
0.01730993781
0.02206531719
0.02655348746
0.03105498068
0.03544265493
0.03975882175
0.04398836038
0.04787258721
0.05140766925
0.05464140197
0.05782537797
0.06057207729
0.06295850560
0.06498869798
0.06671068775
0.06816565114
0.06934749296
0.06994671380
0.07027879493
0.07024092165
0.07009137363
0.06947159956
0.06843383857
0.06671362147
0.06509773545
0.06282599165
0.06027162043
0.05752442528
0.05419970593
0.05087339391
0.04771876540
0.04400879803
0.04029121662
0.03643398273
0.03219117882
0.02727917374
0.02253774103
0.01813943648
0.01326376122
0.00825081518
0.00316699590
-0.00198011689
-0.00708270027
-0.01223369176
-0.01720032625
-0.02237688055
-0.02722863838
-0.03192054361
-0.03616523173
-0.04028302591
-0.04442237439
-0.04835413423
-0.05211696304
-0.05524203900
-0.05802741884
-0.06079427514
-0.06363042058
-0.06610571297
-0.06776343869
-0.06920088990
-0.07070481313
-0.07183276802
-0.07233955784
-0.07243399979
-0.07156108764
-0.07071494756
-0.06980283899
-0.06851426780
-0.06676381878
-0.06460262201
-0.06226650409
-0.05956021079
-0.05660567703
-0.05313977011
-0.04950064087
-0.04569184505
-0.04209039731
-0.03780494286
-0.03352028436
-0.02877578818
-0.02362090145
-0.01877243830
-0.01394427096
-0.00903027695
-0.00406199601
0.00100851682
0.00598133218
0.01099683315
0.01588542814
0.02069260665
0.02507500783
0.02955851395
0.03380467804
0.03805027606
0.04243408416
0.04645758972
0.05008041128
0.05367013277
0.05677042048
0.05978391393
0.06213575469
0.06417826153
0.06598007568
0.06736068900
0.06866660422
0.06946919625
0.07005340161
0.07023458157
0.07014131847
0.06956178062
0.06871653695
0.06740131497
0.06570948315
0.06367746139
0.06135426479
0.05859666140
0.05576502325
0.05247916651
0.04927809381
0.04579181314
0.04202042594
0.03766483746
0.03349778063
0.02899804700
0.02466366319
0.01998722241
0.01500096415
0.00986503985
0.00477572544
-0.00033978940
-0.00503455280
-0.00995269937
-0.01464861439
-0.01961743339
-0.02500739786
-0.02960191452
-0.03451880228
-0.03910975070
-0.04324973895
-0.04704254897
-0.05099161461
-0.05454308373
-0.05770206327
-0.06077404063
-0.06316043523
-0.06533003048
-0.06703532238
-0.06896396290
-0.07050355674
-0.07151997187
-0.07213814819
-0.07213950135
-0.07209705655
-0.07153419247
-0.07082230085
-0.06976410191
-0.06838888022
-0.06653466266
-0.06436012318
-0.06161036701
-0.05869590345
-0.05562933869
-0.05201267421
-0.04829963850
-0.04417356575
-0.04007623441
-0.03568416053
-0.03110090886
-0.02651955539
-0.02146130370
-0.01684791822
-0.01160057008
-0.00672817104
-0.00177850643
0.00322990412
0.00826246363
0.01306294221
0.01812545550
0.02265196330
0.02720151973
0.03177170910
0.03615143503
0.04048029164
0.04474296168
0.04848529483
0.05211486072
0.05546214988
0.05840227567
0.06113330845
0.06338372585
0.06518140217
0.06670399176
0.06811356175
0.06944134959
0.07018293490
0.07037628748
0.07037691996
0.06984491731
0.06894717993
0.06788583181
0.06634354016
0.06442572657
0.06224784205
0.05966161382
0.05672435403
0.05378702210
0.05034451627
0.04708461592
0.04334314588
0.03951234447
0.03535400234
0.03123939321
0.02649941009
0.02176980120
0.01682608407
0.01193980700
0.00677781169
0.00177865662
-0.00331007438
-0.00848858395
-0.01327378783
-0.01824591391
-0.02315916254
-0.02788082144
-0.03244606181
-0.03704057149
-0.04143221600
-0.04565283297
-0.04962755469
-0.05338938590
-0.05657297068
-0.05995764105
-0.06223739083
-0.06481716131
-0.06684077521
-0.06838181031
-0.07009025769
-0.07143184449
-0.07216687702
-0.07249844097
-0.07263639238
-0.07224219907
-0.07143476325
-0.07048590128
-0.06915101443
-0.06729524677
-0.06535078737
-0.06287214925
-0.06009609442
-0.05714274122
-0.05358217437
-0.04977469181
-0.04602046056
-0.04200279050
-0.03758067140
-0.03324207579
-0.02839857213
-0.02355065235
-0.01896362972
-0.01385419085
-0.00885919257
-0.00388247774
0.00120261633
0.00619041090
0.01125346198
0.01614350955
0.02077696926
0.02540249988
0.03003317289
0.03443461157
0.03877353700
0.04300243619
0.04688449076
0.05070118459
0.05414428042
0.05700095253
0.05992238493
0.06218663974
0.06427886618
0.06607428567
0.06741134924
0.06865160610
0.06951145477
0.07006023406
0.07010736577
0.06954386553
0.06884729736
0.06814340430
0.06679643987
0.06518972141
0.06321292085
0.06054552592
0.05779770351
0.05463069505
0.05133535286
0.04785129428
0.04407740222
0.04210485771
0.03635378858
0.03205637899
0.02767505814
0.02331632117
0.01832175942
0.01355144364
0.00859251201
0.00327402271
-0.00167367470
-0.00692976206
-0.01193174011
-0.01656351501
-0.02176941210
-0.02657433808
-0.02878359662
-0.03557070883
-0.04003396661
-0.04397617765
-0.04802158295
-0.05211671874
-0.05546186685
-0.05802877052
-0.06102641711
-0.06335605658
-0.06546392257
-0.06743774054
-0.06911705909
-0.07067290005
-0.07189454266
-0.07214330483
-0.07278608372
-0.07233273712
-0.07198948658
-0.07117669655
-0.07000828183
-0.06828713787
-0.06663323138
-0.06428141178
-0.06160598152
-0.05861734074
-0.05552331364
-0.05206767514
-0.04825355630
-0.04374270216
-0.04128299033
-0.03488514205
-0.03031328835
-0.02587638566
-0.02113949416
-0.01628923370
-0.01140644587
-0.00645609727
-0.00123186959
0.00388636188
0.00909114504
0.01392182623
0.01878835711
0.02394136236
0.02847529419
0.03120156285
0.03754336444
0.04133891976
0.04527614881
0.04935138135
0.05262748361
0.05586516999
0.05895917613
0.06153499024
0.06402901723
0.06562709899
0.06718682233
0.06854450809
0.06934516363
0.06991501308
0.07031189402
0.07005432696
0.06962879297
0.06870744418
0.06724155219
0.06567552139
0.06386333761
0.06166628300
0.05909364337
0.05595344948
0.05262719844
0.04928280415
0.04569346229
0.04172690908
0.03758955232
0.03578135458
0.02910762993
0.02425513625
0.01985742179
0.01493294479
0.00965675373
0.00507031155
0.00002333949
-0.00486429171
-0.01001785029
-0.01507625826
-0.01994758462
-0.02459072649
-0.02967596283
-0.03435051258
-0.03612277755
-0.04289997064
-0.04663291639
-0.05054671984
-0.05405241063
-0.05700983075
-0.06016800440
-0.06310354841
-0.06579668545
-0.06784441129
-0.06905276126
-0.07060827788
-0.07195669285
-0.07279337540
-0.07299193479
-0.07307130244
-0.07265314895
-0.07195689278
-0.07080412942
-0.06938928808
-0.06728277293
-0.06524760212
-0.06300183284
-0.06026227293
-0.05718071610
-0.05405076596
-0.05051968753
-0.04636343917
-0.04233082439
-0.03770731256
-0.03511794638
-0.02864113874
-0.02418159057
-0.01927007274
-0.01449124110
-0.00940278437
-0.00443967696
0.00063801158
0.00562966242
0.01108759149
0.01606113678
0.02062449931
0.02552792565
0.03008546970
0.03436112761
0.03725942651
0.04267756252
0.04668171570
0.05011790586
0.05366173859
0.05669130263
0.05946303527
0.06182003928
0.06400870457
0.06583873261
0.06714803551
0.06817700519
0.06911003257
0.06954674006
0.06975541005
0.06963152970
0.06829224897
0.06715165053
0.06559287365
0.06408341851
0.06208599015
0.05986445361
0.05708158471
0.05368530437
0.05062685070
0.04714491938
0.04349112567
0.03959125957
0.03574524359
0.03153498470
0.02931211219
0.02176763907
0.01676759249
0.01173863507
0.00646196831
0.00178246618
-0.00334795501
-0.00856172913
-0.01353451709
-0.01836025272
-0.02336914754
-0.02819281811
-0.03254943597
-0.03690296446
-0.04138780512
-0.04317756151
-0.04963471301
-0.05346325196
-0.05659821058
-0.05999094659
-0.06304118280
-0.06559322441
-0.06798726727
-0.06997706488
-0.07123113388
-0.07220156343
-0.07306259814
-0.07379544933
-0.07404472368
-0.07417592768
-0.07385870618
-0.07268283413
-0.07140677054
-0.06933467336
-0.06747610477
-0.06516410533
-0.06253908110
-0.05954974461
-0.05624022213
-0.05247893082
-0.04884054383
-0.04477659299
-0.04079494039
-0.03632971583
-0.03149697096
-0.02910497115
-0.02157156414
-0.01672406929
-0.01241943586
-0.00735612153
-0.00216343636
0.00325030570
0.00840603433
0.01362723011
0.01827284025
0.02295473579
0.02776597586
0.03228273770
0.03680676832
0.04109249426
0.04296617177
0.04837688305
0.05202211728
0.05531770827
0.05832249370
0.06075832071
0.06281504543
0.06451378338
0.06620201215
0.06756116072
0.06847775029
0.06897376778
0.06898805517
0.06883139271
0.06850519323
0.06843074351
0.06674023153
0.06505325922
0.06285282174
0.06054643470
0.05771284584
0.05315015034
0.04989573713
0.04633393145
0.04276993126
0.03892417194
0.03501020607
0.03064837136
0.02606265756
0.02166647377
0.01871273417
0.01155101540
0.00619701192
0.00148202840
-0.00343036782
-0.00849555275
-0.01328559603
-0.01820335814
-0.02304714201
-0.02785566816
-0.03208625498
-0.03656508598
-0.04061970909
-0.04495770357
-0.04910748728
-0.05137374447
-0.05636412223
-0.05954443730
-0.06211454184
-0.06460197780
-0.06691936510
-0.06838190227
-0.06990276899
-0.07069687617
-0.07191813512
-0.07263182895
-0.07286344011
-0.07266838794
-0.07211423359
-0.07084101205
-0.07001560001
-0.06772623558
-0.06598738283
-0.06389407989
-0.06160136019
-0.05887466507
-0.05566427348
-0.05204168348
-0.04829277214
-0.04439584215
-0.04026792916
-0.03571453501
-0.03091578079
-0.02617924015
-0.02069668111
-0.01831211620
-0.01081905214
-0.00632422552
-0.00159921743
0.00303825575
0.00800377552
0.01280045687
0.01807175275
0.02275649848
0.02721927323
0.03165388069
0.03631878199
0.04068034719
0.04486366444
0.04871973946
0.05047099958
0.05491963915
0.05749035853
0.05963554749
0.06177859656
0.06407835799
0.06564949287
0.06707372761
0.06795828699
0.06819241905
0.06870732331
0.06871306263
0.06832671796
0.06744399893
0.06605992144
0.06515011901
0.06253724086
0.06010096103
0.05755976304
0.05466848788
0.05159141302
0.04809256458
0.04470485477
0.04088324680
0.03688082338
0.03250898678
0.02813574690
0.02334637759
0.01865393185
0.01384522753
0.01103224163
0.00388825868
-0.00110011387
-0.00633897665
-0.01147037902
-0.01622817155
-0.02131593268
-0.02612973549
-0.03036966940
-0.03473946769
-0.03915832001
-0.04353552826
-0.04755174627
-0.05148862342
-0.05479918235
-0.05670765211
-0.06102039439
-0.06372699610
-0.06588469650
-0.06809749823
-0.06968461716
-0.07111208352
-0.07216623450
-0.07286012815
-0.07347121950
-0.07353198724
-0.07330035855
-0.07257888127
-0.07128132705
-0.06974493120
-0.06883239400
-0.06598123971
-0.06347214353
-0.06034328079
-0.05712148227
-0.05406624804
-0.05064072314
-0.04671745181
-0.04291221160
-0.03858680288
-0.03411686001
-0.02945365343
-0.02467331494
-0.01978664761
-0.01473278580
-0.01203312979
-0.00432654520
0.00066427592
0.00548770222
0.01049187850
0.01529967685
0.01993589360
0.02432488497
0.02871775529
0.03297432268
0.03708233154
0.04118558069
0.04526070824
0.04877375574
0.05203527438
0.05379451400
0.05766828554
0.06016561270
0.06220827957
0.06383308335
0.06521449217
0.06614362915
0.06663087026
0.06716315508
0.06719382404
0.06723055499
0.06653898274
0.06560948360
0.06435095860
0.06257793856
0.06138319049
0.05815928283
0.05532857990
0.05240335562
0.04928489843
0.04564326230
0.04204828078
0.03832316329
0.03441038523
0.02987047754
0.02532289519
0.02070314191
0.01566497787
0.01059885499
0.00564187720
0.00291280759
-0.00418342196
-0.00889701386
-0.01389072607
-0.01887468287
-0.02356809267
-0.02836233477
-0.03260542532
-0.03713070812
-0.04156115067
-0.04592152619
-0.04984498781
-0.05341486283
-0.05688088197
-0.06003554604
-0.06171065370
-0.06529268662
-0.06704017136
-0.06892684659
-0.07030695304
-0.07175875171
-0.07288478943
-0.07347926345
-0.07370216505
-0.07339911170
-0.07277457846
-0.07181111419
-0.07064595422
-0.06925534461
-0.06746080787
-0.06614331320
-0.06228207954
-0.05926868253
-0.05578110798
-0.05249449271
-0.04895251198
-0.04520238114
-0.04075841843
-0.03633262481
-0.03130310581
-0.02673733695
-0.02202502113
-0.01714198387
-0.01221246631
-0.00710656503
-0.00419360767
0.00273827119
0.00764150351
0.01226913094
0.01720709884
0.02193888226
0.02643000655
0.03113376379
0.03524676026
0.03954820066
0.04346021605
0.04737576942
0.05084743936
0.05394139129
0.05686452988
0.05832147112
0.06180711631
0.06357166996
0.06507968028
0.06637204999
0.06722117427
0.06797835644
0.06809422909
0.06810047603
0.06759782718
0.06674896532
0.06541913772
0.06396624071
0.06201910387
0.05980257995
0.05835910141
0.05399301283
0.05095338627
0.04744291409
0.04417524013
0.04020215024
0.03656247196
0.03212485559
0.02768864063
0.02320812593
0.01854379331
0.01388545917
0.00900896322
0.00399716408
-0.00128448267
-0.00399208696
-0.01086516364
-0.01587565254
-0.02094905473
-0.02566414477
-0.03048249612
-0.03482919775
-0.03912730512
-0.04317475118
-0.04691934618
-0.05104338043
-0.05439779363
-0.05775717227
-0.06091634511
-0.06325140939
-0.06466749976
-0.06759162920
-0.06933807477
-0.07065869610
-0.07193197778
-0.07221485819
-0.07265585181
-0.07276627517
-0.07259211280
-0.07183932633
-0.07056031844
-0.06905720644
-0.06743780923
-0.06540567577
-0.06315911194
-0.06156970649
-0.05732792732
-0.05350860079
-0.04969430206
-0.04588965494
-0.04168521711
-0.03774240473
-0.03320172233
-0.02864791715
-0.02379794433
-0.01883921911
-0.01395673532
-0.00905797925
-0.00398177178
0.00100233157
0.00396525574
0.01109963794
0.01654508486
0.02131659756
0.02577105845
0.03002391734
0.03437982992
0.03854850896
0.04286330848
0.04662516916
0.05013901484
0.05371105781
0.05661589545
0.05950375041
0.06232520829
0.06344525339
0.06622348283
0.06747565425
0.06848143075
0.06922472542
0.06952529717
0.06966060625
0.06929886433
0.06870610825
0.06785007671
0.06650533817
0.06489599611
0.06289589372
0.06040877499
0.05771344119
0.05609588136
0.05130166234
0.04805372827
0.04425107721
0.04041373405
0.03668034635
0.03183006046
0.02722016941
0.02252947994
0.01766918516
0.01235998782
0.00735308861
0.00278045280
-0.00224675004
-0.00707195933
-0.00954291604
-0.01699365594
-0.02222831800
-0.02652952132
-0.03115722943
-0.03563387215
-0.04004647280
-0.04442251208
-0.04821307261
-0.05175808492
-0.05543186885
-0.05850544627
-0.06148900985
-0.06375648024
-0.06594279994
-0.06685907305
-0.06988354957
-0.07147938080
-0.07207731891
-0.07253528367
-0.07269242961
-0.07283019279
-0.07219110475
-0.07131638266
-0.06984555612
-0.06840402859
-0.06654081750
-0.06455788900
-0.06207108982
-0.05920790603
-0.05719423391
-0.05201733523
-0.04808189975
-0.04394401209
-0.03976241797
-0.03544049251
-0.03057738199
-0.02589984285
-0.02105155974
-0.01656030125
-0.01158035379
-0.00650760495
-0.00138191066
0.00344277175
0.00852262572
0.01141367041
0.01880213324
0.02332293983
0.02805444675
0.03225105491
0.03633566966
0.04047954815
0.04455352167
0.04827742655
0.05115074678
0.05432791682
0.05752132265
0.06039428396
0.06258389466
0.06477698481
0.06567639413
0.06732318256
0.06808419652
0.06870191139
0.06866874259
0.06844598202
0.06818608547
0.06742928594
0.06631851756
0.06510170615
0.06307635574
0.06078234789
0.05830354307
0.05528598335
0.05222438829
0.05036754458
0.04503659593
0.04097389511
0.03691275055
0.03244740695
0.02778780844
0.02372342177
0.01859929371
0.01411745332
0.00909334999
0.00421580275
-0.00061655438
-0.00544982881
-0.01076567814
-0.01559662066
-0.01806869781
-0.02576507132
-0.03033234325
-0.03486120479
-0.03914036344
-0.04331923533
-0.04695413843
-0.05084279035
-0.05425438971
-0.05729229953
-0.06045967745
-0.06332734754
-0.06516028250
-0.06775918291
-0.06932364587
-0.06987257576
-0.07183854406
-0.07263004324
-0.07314007446
-0.07291473566
-0.07230798162
-0.07156408433
-0.07031991538
-0.06899001053
-0.06729067118
-0.06506568252
-0.06247130173
-0.05953461299
-0.05636549043
-0.05324650728
-0.05149884860
-0.04594820031
-0.04245997099
-0.03791575759
-0.03305244463
-0.02806450501
-0.02338461556
-0.01923568918
-0.01466248514
-0.00920780752
-0.00380884820
0.00139025195
0.00618349677
0.01098084648
0.01609037937
0.01876034947
0.02589370830
0.02991249960
0.03389550624
0.03761323591
0.04196736808
0.04615193104
0.04936090208
0.05263197632
0.05569854414
0.05856964965
0.06135972597
0.06351740148
0.06506694222
0.06642578369
0.06725952870
0.06853339800
0.06884180358
0.06865102719
0.06788950188
0.06711490100
0.06620547961
0.06495607645
0.06340028359
0.06143905052
0.05915245326
0.05637871227
0.05332116104
0.05016388298
0.04691057785
0.04518960111
0.03883171004
0.03446605199
0.03013955127
0.02552123980
0.02103773188
0.01596795839
0.01131001306
0.00612770225
0.00140989703
-0.00337883709
-0.00829286973
-0.01295953217
-0.01792035508
-0.02286259067
-0.02472814847
-0.03176850961
-0.03641820993
-0.04065678245
-0.04452904987
-0.04836744108
-0.05196491513
-0.05542300781
-0.05862726788
-0.06142290325
-0.06398851079
-0.06610927312
-0.06834717006
-0.06982793376
-0.07074598362
-0.07118639258
-0.07212932188
-0.07229895923
-0.07200246354
-0.07132841390
-0.07041512561
-0.06932875541
-0.06776007531
-0.06582792241
-0.06377986136
-0.06125573489
-0.05845621597
-0.05499014581
-0.05133001221
-0.04749394828
-0.04569813070
-0.03886560852
-0.03442496557
-0.02987986384
-0.02510777860
-0.02028513357
-0.01590522109
-0.01093055506
-0.00584075702
-0.00089879327
0.00408253908
0.00916582894
0.01405909977
0.01906811589
0.02406606712
0.02575760633
0.03301451170
0.03729769735
0.04161813261
0.04568712937
0.04933447631
0.05253257363
0.05594356778
0.05849910325
0.06122984664
0.06345297232
0.06543229578
0.06698263790
0.06820168887
0.06939996346
0.06953223923
0.07008030621
0.06979704984
0.06901036999
0.06810003497
0.06673198014
0.06513799752
0.06329313003
0.06111141049
0.05850775840
0.05557087738
0.05243435795
0.04880014944
0.04526034855
0.04124322314
0.03954945123
0.03274018525
0.02784755547
0.02341127396
0.01877422847
0.01393521118
0.00886806524
0.00391889420
-0.00108770306
-0.00602103918
-0.01088483346
-0.01578209621
-0.02071379570
-0.02528447913
-0.03010317453
-0.03203395287
-0.03880003553
-0.04279668111
-0.04855599822
-0.05193940605
-0.05518693235
-0.05797513779
-0.06307611454
-0.06422779503
-0.06540110963
-0.06695317331
-0.07059099708
-0.07126470208
-0.07269033914
