a
112.77371136445106
105.43148845671246
100.73088350317032
95.84071810720735
90.89478957225711
86.16062210424771
81.19287147101441
76.32903745971402
71.4528350850417
66.23658875944116
61.4694918186004
56.41767681058365
51.30753289596752
46.389498479412076
43.94158192195497
36.419124475765564
31.49692460100779
26.653987931162337
21.85740760063039
16.741830710711454
11.56626616485275
6.5968793373607735
1.3306214394195581
-4.010184643458231
-9.258814134460046
-14.417900229026852
-19.87683945753928
-24.973724351993997
-30.064181112686867
-32.792757054829984
-40.475802281104706
-45.75616760253355
-53.553175818571695
-58.771353661967446
-64.29320847921262
-69.42037702368123
-74.6773420336637
-79.80792421748546
-85.06223088845495
-90.25226982082107
-95.40284511871488
-100.72037762942115
-105.90216685359276
-110.85155127693587
-113.60775312413564
-121.19552281124636
-126.33726875012422
-131.69637780947832
-136.9539857375774
-142.21452594377226
-147.56765365410467
-152.730791950935
-157.6602858267392
-163.08597579417378
-168.05124874389614
-173.0642015173026
-178.06697070380088
176.71073815730594
171.99298830917317
169.00834157720928
162.25160160519033
157.56243137272477
152.674797336208
147.787022643235
142.83387219528908
137.94982855722603
133.1675903211077
128.21171961421473
123.46632407023878
118.38757732928165
113.67443269711343
108.81889889091845
103.94910607515885
99.35544551586918
96.54266339357419
89.76873921190185
84.88158919915432
80.04029582062314
74.88950140275838
69.85439866424628
64.85443518390561
59.63648754018131
54.48867872291729
49.378192105487884
44.51345667607794
39.41626424924199
34.616272415966144
29.564167885520142
24.869854232468835
22.528446332094465
14.818287438491664
9.778736958426089
4.716249848961689
-0.44304820130620015
-5.620347664988701
-10.727809797318043
-15.972849483284293
-21.367034986060943
-26.500458434364624
-31.838182461378338
-37.011301683731574
-42.222052556940106
-47.25464008977548
-52.30540422245539
-54.60705507403885
-62.26571383679353
-67.49811530314206
-72.54816277591453
-77.66146898520572
-82.99194440373233
-88.37377843539299
-93.46034064170227
-98.7106069577109
-103.9840109245465
-109.15703939000738
-114.27752232829175
-119.15005983324409
-124.40031420135014
-129.5248600340108
-132.11157451652977
-139.73162042847136
-144.87082911109434
-150.17106925775298
-155.31786641790066
-160.32840948590197
-165.4274126259412
-170.48696642035142
-175.58137643768134
179.4170718036832
174.52194001681153
169.59862841459025
164.6980450064703
159.65717881213533
154.63682251056468
152.16571554102293
145.16692931338824
140.6011467519095
135.40071911388534
130.5623885608918
125.59436803478648
120.7007360738096
115.57835490394659
110.57162298750177
105.56099865710236
100.81343400433333
95.86117271958408
91.10303869517057
86.23703302495936
81.2449856941284
79.04073537153647
71.35642235977369
66.40230288226053
61.41221672072349
56.271638645600426
51.18480743254615
46.011478426369486
40.93143793053468
35.915804734588264
30.72214193711399
25.841778501811373
20.875749894025628
15.812420277197072
10.755090666539294
5.8633810013455765
3.6948631695047727
-4.318785131091573
-9.421594733589707
-14.59645897466526
-19.789535404546836
-25.186282202480886
-30.441617158742147
-35.5458805722733
-40.74961826306179
-45.94692268536651
-50.99188198275382
-56.05412011894633
-61.245023123321936
-66.20045768584613
-71.15827700543468
-73.38008151605901
-81.23589289720938
-86.21340441466549
-91.44380242578603
-96.43991714269137
-101.67981650235009
-106.72503195790331
-111.87099140795871
-117.21567009637286
-122.37776811373207
-127.5400217293174
-132.62203017774306
-137.80412041853484
-142.93932215821295
-148.1166224484499
-150.6781345208642
-158.53180932534346
-163.55633798613297
-168.58499339573777
-173.537880173702
-178.80616524669063
176.17485816142306
171.54678882238733
166.20555756774797
161.03420809654125
155.99099188567337
151.02156386074245
146.35783725091673
141.25651713122755
136.6227244022524
134.2594293482902
126.82376489109475
121.82791941145562
116.98058218537899
111.92238190251503
107.01338861748192
102.07090264287022
97.0328153054707
92.18257628895968
87.13810780360149
82.13010309447642
77.29313235213851
72.33075877562098
67.40823674177139
62.48237582141725
60.303112471351184
52.53662107167839
47.46809331468914
42.33080723411594
37.252014931635976
32.20740697479772
27.082457942147162
21.92297183073693
16.952182668777176
11.880058124504885
6.880799767418564
1.8412868737159738
-3.1479109923987183
-8.148707329336341
-13.224574339987772
-15.39846620189929
-23.574958003181422
-28.762993845207287
-33.84386793803173
-39.037888686864065
-44.33979571531493
-49.46291630027903
-54.583033947122125
-59.63858405998318
-64.57659145049858
-69.52388040653491
-74.62821497860449
-79.53944899210319
-84.50364341352385
-89.53666815084675
-91.7496701143801
-99.64667432122206
-104.68254598650469
-109.81086941093821
-114.89177741132822
-119.97726197683868
-125.2848947639856
-130.39065280735028
-135.6823302225009
-140.84560349528488
-145.86784291969346
-150.93735507158038
-156.16182097390586
-161.25631390420946
-166.45181549950422
-168.7612565847755
-176.39977753809518
178.55602974302013
173.3863115408627
168.28111414016627
162.96803981512716
157.7033664020012
152.4949754679529
147.4817797190868
142.4622181700666
137.60842484964593
132.70256347229636
127.80132673358473
122.85914084099964
117.93995663927184
115.76164625018602
108.04512022349849
103.1025783203387
98.12108033884796
93.03809110625886
88.07355791738213
83.07030289637817
78.09041833776561
73.27038174490968
68.28284295271717
63.33346249760453
58.444971837351005
53.55131002854693
48.52268412045196
43.590103557447044
41.47130743739875
33.36841012158718
28.379699993755622
23.402582211394524
18.6075629872708
13.328375103500436
8.406380106271449
3.542341358091519
-1.4427246628381978
-6.520202563457835
-11.499402235504286
-16.519472768549047
-21.658912646788565
-26.713569378433245
-31.672884388707253
-33.913880931156676
-41.98469571263139
-47.10319289850711
-52.32134686623115
-57.31736563258839
-62.49605779492491
-67.53239638503669
-72.66757424309303
-77.78382518496197
-82.75010995244601
-87.75457530366276
-92.87113173084467
-97.9074651690104
-102.97542057597944
-108.19291663444297
-110.16752720907041
-118.29939332687799
-123.38815076463705
-128.6002788341616
-133.8435898149025
-139.06317930116802
-144.22875057795983
-149.346199331637
-154.52303179811528
-159.71283723990928
-164.79126255000048
-170.0370110344079
-175.020311166717
-179.98747677639608
174.96024535086016
172.77966995469495
164.89543232457993
159.765405076383
154.52991607400998
149.3359472727031
144.2511414339584
139.33878502879816
134.2639251852079
129.527542411151
124.63989821353792
119.60593359032163
114.69656011030314
109.7919797198525
104.82011333333529
99.86182046089857
97.81370750787487
90.13825906137608
85.1655897092062
80.20517803434181
75.27106511153391
70.48446439043032
65.54684584501456
60.49615206294745
55.57612333083881
50.57565443861446
45.636817830229376
40.628840741166094
35.74549067345336
30.564828344557828
25.595746862301347
23.149110474624564
15.459795128443043
10.555039083359766
5.593786032507451
0.6184324198047865
-4.770640678759987
-9.857285484744041
-14.815390708907463
-19.995400360051928
-25.129750339794004
-30.36976569156232
-35.611371813923036
-40.725701467488626
-45.65538746977542
-50.76753418675717
-52.98032561897324
-60.85803714754231
-66.00231570498197
-71.15014599005498
-76.18433453192777
-81.19422881229178
-86.18917782986563
-91.1977185312548
-96.10070511446989
-101.25024135257644
-106.39643197340365
-111.35079327313996
-116.61905146153677
-121.51508797264981
-126.7423849189818
-128.9258345729194
-137.0180990440377
-142.2038542880036
-147.3282346646801
-152.57853139623157
-157.69866513034464
-162.824830483026
-167.86792913102428
-173.06825404438177
-178.13774821368204
176.9037479410349
171.7796759444754
166.61940749218715
161.60088844602973
156.45164840559696
154.27649351109483
146.19533684750846
141.01798696361354
135.99213952822817
130.91578202736682
126.10451773602838
121.02617629412589
116.13349463709376
110.99148143862965
106.24635498305523
101.2719061020705
96.25625774985141
91.373753558478
86.27675877382406
81.18370124331325
79.09740280478638
71.1815244290641
66.32505583953942
61.203835074163315
56.161870439175615
51.08482648499364
46.052803524081796
41.16498424701781
36.08272025278977
31.179785774026843
26.10384584371751
20.976327927210438
16.03378863375715
10.734194535479041
5.82849889664844
3.288148912653642
-4.360947588867723
-9.297366799472272
-14.188050545419063
-19.545603667560446
-24.415977258507787
-29.66661034591315
-34.86528363748208
-39.77573323158241
-44.992661766721035
-49.971826759086525
-55.308186545606276
-60.32291292318931
-65.44417400420137
-70.43312789324233
-72.67016739294006
-80.46846338810727
-85.28554189583167
-90.44160683940508
-95.276901877566
-100.26660836852258
-105.21849561894949
-110.32167059988808
-115.36579972361262
-120.45760802666156
-125.72472434415494
-130.73246323233246
-135.8997212774977
-140.9929014064114
-146.08666242969232
-148.38336188883204
-156.3667684723572
-161.50343895858703
-166.62751196248135
-171.76140928349523
-176.6918250970399
178.37508443704706
173.30069697325
168.3098617828234
163.34703858002058
158.2988973343561
153.24635676279118
147.92445722703422
142.78492778792352
137.84164779720035
135.70720687410673
127.75979316224866
122.81211043292862
117.66665377361065
112.59178263526732
107.7008064589618
102.86904853309325
97.83764325795163
92.87652650281946
87.86650669053348
82.92030982446421
77.74056182262558
72.96750812172833
67.91841039766862
62.90460430257975
60.64253041148194
52.768235717551384
47.95929806038311
42.94466189259527
37.93221484536839
33.01236060428311
28.131106764470857
22.827946438811193
17.875432608989705
13.092993543871927
7.894311146887495
2.8279590051908787
-2.0162389323552974
-6.891618822706713
-11.850336625136196
-14.994637032749521
-21.9773758484776
-26.909993255592255
-31.96457205439061
-36.91628795440843
-41.92032224872913
-47.1123834518902
-52.09647982558108
-57.12605087750459
-62.26063216706515
-67.09135028487269
-72.2776061545987
-77.31815365795217
-82.22813700111784
-87.0931505276449
-89.55856494173356
-97.25775382889002
-102.42658206356978
-107.51442845284086
-112.64191818409944
-118.13793683691743
-123.29357650349833
-128.75629448935584
-133.88653163002868
-138.91144540440663
-144.08067482994855
-149.16943815896124
-154.08151117954517
-159.1059837526314
-164.1318498896197
-166.17319038539256
-174.10542057006282
-179.19799454024118
175.73283506650876
170.88073347985824
165.9762716847026
160.80423013454703
155.84407343121308
150.7028432295827
145.9414969409889
140.7451441896168
136.14106894650223
131.27457300917942
126.30777251478153
121.25870332295139
119.08518428159907
111.66494490058805
106.9906725211382
102.24388093702191
97.44528599293676
92.74608752563934
87.8637599682794
82.4166512303549
77.35835400446858
72.23895732013675
67.07554663024146
62.24072245671861
57.1568814468507
52.22231005252278
47.005300781614665
43.995843956344814
36.83791654011499
31.74134209593785
26.558745432640627
21.642360471564647
16.619477147639888
11.522383356676952
6.460478259867792
1.391859745902682
-3.6543348939328766
-8.685401402912142
-13.651220336347373
-18.782980619843563
-23.73460391842395
-28.751512315187497
-31.714496326810757
-39.084112841587306
-43.95346418018567
-48.991165732930654
-54.098630272265765
-58.94561946777554
-64.01744873018161
-68.92837534199151
-73.80863484980401
-78.87546537718067
-83.79102085538311
-88.73930217432165
-93.56284838707505
-98.50042996896202
-103.83665040012927
-106.73375506892354
-113.8472214117514
-118.73299573722532
-123.72910178407207
-128.92092203080654
-134.05954929360718
-139.07193568624774
-144.22404543653695
-149.4912375990532
-154.64956234592887
-159.74882230246843
-164.72979699104482
-169.78289124710108
-174.56012940920485
179.9872253321657
177.16910606673244
169.87974464123172
164.67579448793654
160.05662650508188
154.8520967903852
149.73616618799548
144.57588554649013
139.58097703635397
134.8240760576788
129.76859303605752
124.82992340353414
119.78698774881858
114.81669035039863
110.00311888865939
104.93047254777326
102.32741542293634
95.04781672362222
89.72033509683338
84.88018035022183
79.70503641417504
74.52762714813203
69.43668766183548
64.27509187612534
59.270147519621744
54.12728840382627
49.00966698822424
43.73975620702395
38.59306846479645
33.549740909212105
28.453932555602318
25.467304647452654
18.134176287620505
12.9838102339681
7.792544334615072
2.6868277862283727
-2.4805109334823454
-7.569460451689215
-12.618483681765733
-17.75830726829972
-22.9525341650757
-30.872060720717258
-35.961055136585095
-41.14710158105128
-46.13789852348265
-51.223484188186156
-53.363500086477515
-61.478488458808314
-66.7269017509647
-71.9237983821338
-77.12908965726659
-82.33865411063985
-87.6129350547563
-92.84653413377755
-98.13165200857104
-103.4093326875406
-108.63828147443424
-113.91530399998786
-119.3254626078722
-124.28373963082738
-128.98651481480272
-131.38617641040287
-138.78123282298534
-143.59843683598731
-148.4917167302763
-153.49991007275418
-158.49288330280066
-163.7825502985464
-168.75986984581854
-173.9202652335382
-178.98818878243486
175.88556601285035
170.83843881599574
165.92811229368635
160.90320160643842
155.81329625785128
153.24293122248616
145.5681011050279
140.5166515798495
135.36851085370014
130.33891343126362
125.34366318419538
120.37312623390895
115.28051904857467
110.25380582990067
105.31145481642986
100.4995836484787
95.56029068213674
90.68321601812016
85.7369028026302
80.944393448332
78.84565349690538
71.18261892330469
66.33342191666374
61.42381116849187
56.33812756681111
51.05691017141522
45.692790682612376
40.44110263613583
35.295948395396316
30.307239286792722
25.164444466029725
20.201279950877986
15.126471494455322
10.125141569492246
5.001315458838992
2.7736246745016975
-5.011570686876776
-9.915331158794736
-15.054938421469169
-20.14998472169902
-25.162619000987736
-30.31418306935343
-35.24222964061229
-40.355875706813336
-45.44871873701101
-50.4182178725304
-55.42958155975824
-60.359605926803866
-65.41243866692108
-70.40040838931696
-72.58316152771165
-80.52904245439379
-85.59431432693334
-90.69236596265164
-95.76308710722151
-101.06898055954665
-106.15003661075478
-111.21805862202599
-116.25710957167456
-121.2510046103423
-126.32903057432766
-131.27935480228658
-136.49285369978207
-141.57273792456112
-146.64354479862908
-148.92808146505385
-157.0192230130122
-162.12053539259716
-167.22060121902192
-172.32768357442086
-177.53034252995894
177.27711562170197
172.19776915049582
167.31098648433837
162.42420727722092
157.40206383882358
152.46714328399796
147.32738051748376
142.53250244934563
137.56572141214477
135.548799019461
127.88722930428806
123.05077974045008
118.31193104133816
113.51488847886559
108.91947595967028
103.85295915236598
98.67260620220229
93.7846231248185
88.70069915898966
83.6761808792191
78.80693528129757
73.7805414542189
68.86048562569924
63.52083638682895
61.31505774698344
53.211144950377154
48.00836611773578
42.7904094817594
37.547100246027746
32.36484061826732
27.44825050515576
22.251526048728646
16.978991889389043
12.053684021069097
6.923557442026098
1.7847383195498967
-3.255274713193485
-8.279482796604292
-13.544103860296863
-16.08565490427588
-23.911206016066284
-28.978461105348003
-34.14208128583844
-39.25907410387051
-44.54771524331323
-49.76395633536694
-54.75197959656024
-60.044170058629575
-65.15310077905772
-70.50948480146721
-75.71355231085062
-80.90719046650415
-86.10694484721823
-91.44422953316804
-93.85611028186335
-102.03355714924292
-107.49930386088067
-112.64862439416117
-118.04740887572987
-123.28933716715576
-127.87354114816345
-132.60908299162185
-137.5846264202417
-142.38666274796762
-147.20719122244498
-152.18184425752898
-157.08586615090044
-162.04269025961756
-167.07123881977822
-169.14526800056115
-176.9618658844254
177.99013625610255
172.9816366466304
168.04866403254815
163.02114773111907
158.00024195355127
152.9149406301234
147.88226750481684
142.81470283104483
137.8552027324025
132.77732690168318
127.8131438403702
122.75992898118052
117.67364235752707
115.64273318764975
107.69669517873857
102.71299318482164
97.74144267887635
92.8850262593379
87.99254524842796
82.82207967423653
78.24891554820216
73.40442000060246
68.43813544799981
63.564637653938576
58.662076773881594
53.879201769946974
48.85705955387812
43.93838455276259
41.26977931998506
33.98158022000578
28.51118353642248
23.341876780446416
18.15137468351
12.591397386033393
7.325227790607668
2.164754867379988
-3.151446081693128
-8.407244446376913
-13.64438772000338
-19.060572064591767
-24.241825565396805
-29.646708087804065
-34.88521311645694
-37.73762072808111
-45.66353818173868
-51.03239264859822
-56.28994695008074
-61.39533496157482
-66.89091556138803
-71.99121499566598
-77.51247208293522
-82.55809895074717
-87.27581777987126
-92.07471231634904
-96.92362620280525
-101.95177345687961
-106.8522223538778
-111.65631055389765
-114.1125279750665
-121.83933624518069
-126.92738960398921
-131.89496421163682
-136.85912686999666
-141.6618528485633
-146.54744566568206
-151.41249886752587
-156.3478775505965
-161.13490770936895
-166.04938650894186
-171.0861470722295
-176.04978100123463
178.95245135906427
173.87936631901678
171.7194596163838
163.7791313270026
158.68970731178865
153.432480691503
148.4493823994927
143.27588942913493
138.27432474374237
133.15535283827177
128.16645202426864
123.0569773077522
117.948551399704
112.96872706231679
107.9392671423036
103.02077686834703
97.93515406503563
95.63844415844065
87.62296057948035
82.73167907704806
77.98512292182066
73.03773966857798
67.94607439619814
63.0705684123417
58.2539315069794
53.21080835776099
47.939960274212545
43.09315744055113
38.24592771414141
33.11773449534929
28.0601095979682
22.81592081447311
19.767496336571014
12.60878734062074
7.482376975548942
2.1385117327111596
-2.8312116868803234
-7.85962479468223
-13.067681945393305
-18.233198951461716
-23.46372004792258
-28.501803542775395
-33.75627447041008
-39.157907207451395
-44.51701760177446
-49.84594709689287
-55.546850503930756
-58.75821816046889
-66.00634344738913
-71.48305310570461
-76.64853247832244
-81.67683459898198
-86.41943694073464
-90.94065864102309
-95.58437953249731
-100.5473038474648
-105.5931782851737
-110.54182191407418
-115.4045019120103
-120.48279426517205
-125.5200412133641
-130.32250293829358
-132.59833689087841
-140.2398519497494
-145.1564628656897
-150.06713184099874
-154.98574977134865
-159.91607042182233
-164.82735440592884
-169.55343195682477
-174.60262240443114
-179.62023228128166
175.44663402179097
170.46639608812197
165.32201636131765
160.25184067360078
155.14243522011927
153.16233363238746
145.10304672899116
139.8449503975706
134.6811556274426
129.9360423574881
125.05047239844036
119.98510730823044
115.17702775817105
110.18947044754056
105.20020510318909
100.53341575516637
95.534828824475
90.65844975003087
85.83999939322028
80.88415425124933
78.17758395356378
70.93928141612209
66.11665691256763
61.052449708575914
56.3059191812841
51.06756209442134
46.34385106662815
41.400113667370356
35.939105764792735
30.6244333421866
25.35537730785898
19.957471214851896
14.55185485784601
8.986719329411319
3.672590293612927
0.5288093605653932
-7.000294289085415
-12.377735470758145
-17.500220399339458
-22.677770011077317
-27.818150030572554
-32.79611001723863
-37.9962788366966
-43.287787324677
-48.37572235742138
-53.53765012399774
-58.79203478494584
-63.93422619009424
-69.13515817652718
-74.30604010578912
-77.38451395972211
-84.35892945767324
-89.5631769052183
-94.63797456735003
-99.56488209823064
-104.89162898898996
-109.50696292398989
-114.27618773810458
-119.01488407252367
-123.97752205062237
-128.7565925677915
-133.6605091513824
-138.53126942765184
-143.44320483492402
-148.55703847578718
-150.8755174832387
-158.55184770216061
-163.37759176615626
-168.33194184727913
-173.42027995862256
-178.27937629174482
176.8043619275474
171.73579268035118
166.80574610014585
161.83345619752362
156.93547608517898
151.67045724596306
146.77347873892467
141.71949361860797
136.4692543958899
134.26177582091128
126.34627399148133
121.1819629056622
116.05055276941317
110.95800977570943
106.02556972677024
100.98301030551082
95.99266346037751
91.07700322566501
86.00336389975479
80.90306350179878
75.88032908243622
70.8076717081664
65.66096669107705
60.51069336286984
57.63718587723187
50.204355751240385
45.206420300468125
40.07447303191123
35.0605328615465
29.991759686933975
24.779953216094345
19.732998916158316
14.469286050358086
9.378653766237118
4.323850230457996
-0.8425327754819193
-6.003122691064859
-11.285641295318667
-16.434652159540985
-19.35124794746384
-26.79395100164754
-31.864064130214693
-37.02358769210571
-42.21451245746172
-47.401466526090125
-52.64002972486145
-57.567649486507655
-62.873922227662995
-68.2528542542469
-73.47230673550297
-78.77898679104747
-84.03776257067479
-88.79223038112197
-93.54274945676624
-96.12877430312143
-103.25651688041027
-108.03533472271967
-112.969658888245
-117.89645298134542
-122.85605722382849
-127.73350004018923
-132.8128813877748
-137.6348249083196
-142.45003258700893
-147.38497719525407
-152.20899975245865
-157.12011435316836
-162.00816545358236
-166.86073335044372
-169.39279451106205
-176.99042387749213
178.16507070141543
173.13575624001876
168.28753222959494
163.35946450447332
158.1940197783836
153.12231228343694
148.20944068610768
143.20378607909825
138.16220802768322
133.0131812469495
127.91178410626156
122.96176979052622
117.9674125208435
115.33176140377103
108.02416177374444
103.07639097698329
98.1671624783368
93.09572194643121
88.07310006943844
83.22325100199096
78.32426808195828
73.3655962281711
68.34495593323226
63.40194291648212
58.43601471678366
53.492605800628965
48.46911652146734
43.46654141802338
40.852890051308535
33.40697862779782
27.945914294618774
22.640569194608236
17.264074217490435
11.914684572034847
6.56886711097347
1.1626444547545196
-4.025202735870682
-9.567740625135482
-14.951385644654607
-20.31274827425049
-25.70098917423291
-30.906987387984593
-36.256478040747126
-38.900467085441136
-46.62929589239936
-51.81452840085572
-56.82605721759482
-62.031284217012434
-67.07921778612848
-72.14055850633305
-77.44999254857616
-82.62021113320833
-87.56005483050028
-92.58136108369258
-97.43042515351527
-102.47836545518018
-107.25268342817107
-112.01658144165056
-114.81322056881227
-121.66312082935903
-126.50998679150858
-131.39422751782774
-136.31373238656417
-141.24558225395677
-145.9550166580229
-150.75312385550095
-155.77315720114905
-160.7250815886467
-165.69985419924768
-170.57583295603115
-175.34145934831074
179.57659923905305
174.55942692020508
171.81749810243304
164.6001771851743
159.76472834039942
154.74011966231382
149.74628762684773
144.74348082445948
139.6242338520433
134.6560321038345
129.47328038291923
124.43587028328582
119.33312934905098
114.12242342013953
108.96076349384262
103.89414139882994
98.92707795038868
95.89143559081235
88.77912406324492
83.73346349694401
78.60642631381448
73.49516806679767
68.49486428137962
63.455214493688885
58.46818846063395
53.243874671950714
48.22630619428583
43.019964825060484
37.92859596026891
32.77924015229541
27.711379472073208
22.52108659104805
19.90914401043626
12.3678688374906
7.262720705429543
2.2201597629197116
-3.0354043136977675
-8.125140642346633
-13.201967590075043
-18.52633021301257
-23.729509986957634
-29.032505217620816
-34.17852076242122
-39.57380677686042
-44.680430250999045
-49.9031999667918
-55.35720107133263
-58.052723330988194
-66.00937610319303
-71.40756473046676
-76.69563079462804
-81.9173303055953
-86.97083448356774
-91.4384539834373
-95.96529510737709
-101.22298820257883
-106.04126181955647
-110.88284676219617
-115.487480421126
-120.42979931781609
-125.35747242797248
-130.33856018932252
-133.18425810142364
-140.2621647346479
-145.3693102080557
-150.3369505568926
-155.07974539812463
-159.8897080201873
-164.82103792581225
-169.75431447475287
-174.6638638196289
-179.5153324109275
175.50338102970215
170.59363969672899
165.70484675708045
160.69510036060848
155.69004605587804
152.74829867017687
145.53091563962684
140.78961563101058
134.80863075630717
129.97472678784465
125.02075480906582
120.44620470400717
