r
0.07874068685854821
0.07924465819691238
0.07882289223708679
0.07907033533217905
0.0788724456518208
0.07884168848787343
0.07857473512699743
0.07844685226990282
0.07827287907611737
0.0781375929865706
0.07830473337764285
0.07814215865110419
0.07799678711884293
0.07821621827140016
0.0780856910481293
0.07820562649732991
0.07790222116206184
0.07769513093367666
0.07745736298311777
0.07717329750453476
0.0769615622455984
0.07649420065563145
0.0764999740348486
0.07619407576603163
0.07626563479159372
0.07627227143517375
0.07619811917409965
0.0760403026591185
0.07611009973579527
0.07607794340943794
0.0758875473124811
0.07582725083036253
0.07545816549052774
0.07508819835270995
0.07484042446891
0.07484333164222821
0.07472659596261662
0.07457641356199515
0.07470735617634186
0.07463330140463162
0.07470395858378955
0.07473567082242728
0.0748546001606086
0.07466173365271479
0.07465091883028284
0.07465832238673993
0.074563531534221
0.07468894476426645
0.07465191285050805
0.074610817252225
0.07486202976599456
0.07485668140188044
0.07503864281396505
0.07542178905415045
0.07560997713825914
0.07579812610059208
0.07609168192758581
0.0763087487155858
0.07646568184924063
0.07672839931685105
0.07662502083756928
0.07673421712261816
0.07663462694555809
0.07672612223642147
0.07670096974797713
0.07648192862523077
0.07642612085930282
0.07640764431798418
0.07663316373607709
0.07670917973721199
0.07693461873690415
0.07727580051557535
0.0773934158993783
0.07736224134807582
0.07737055933926308
0.07744068757823296
0.07717181796853928
0.07706473213896559
0.07700270364373207
0.07678746847372463
0.07682752875552272
0.07666744884289589
0.07660422518973853
0.0768386964805483
0.07702629328066503
0.07706310300899451
0.07719679922201778
0.07705310577608661
0.07699462322961066
0.07699924626918346
0.07668235574157949
0.07645077313557755
0.07620783929262169
0.07590787250156723
0.07564664017661729
0.07539699335667911
0.07534032888171328
0.07542372496776965
0.07560800888255115
0.0757291180718207
0.07566286114969252
0.07560243406634755
0.07562778371177367
0.07575474077260182
0.07577179735217424
0.07582821482090278
0.07562215816553769
0.07554070413545019
0.07548548183056833
0.07535832194511093
0.07535324119824005
0.07543574219768319
0.07542138279179404
0.07563601646511384
0.07554086592706705
0.07590692347979701
0.07587091535265185
0.07599438441749992
0.07623721843771383
0.07623483168613936
0.07634673099764959
0.07619457344019569
0.07616701738919414
0.07640707429327095
0.07656813815141289
0.07640060765995789
0.0766770332001743
0.07680709825899323
0.07724167939212483
0.07740267779672841
0.07730859118910967
0.07757548848085566
0.07779173692769768
0.07800113486018473
0.07813063315454247
0.07826283532634211
0.07829516583093815
0.07823846406933532
0.07818006524223406
0.07803290963399452
0.07806276678985757
0.07814602453238577
0.0782829627313114
0.07865055226132266
0.07856548063361907
0.07865336675440072
0.07870913439704638
0.0786472156059396
0.07866304078542745
0.07862618877760087
0.07853120576390173
0.07844018944028067
0.07824437385013414
0.0782381358973542
0.07823432628319683
0.07819082228206935
0.07830429213537976
0.07843166616979598
0.07855253655056768
0.0787550236391462
0.07888528145833042
0.07889541875759576
0.07892812747426875
0.07890361145101497
0.07873281359577261
0.07861894803105852
0.07821629379715772
0.0779988075547987
0.07790120316682617
0.07770166688241922
0.07789250006708166
0.07783648394547589
0.0777229730432674
0.07769813521852616
0.07757965822486151
0.07760876275160752
0.07777157073758827
0.0777414311654439
0.07782951522031024
0.07778765225144524
0.07742637800365298
0.07724104531513935
0.07705842037917407
0.07693110015508689
0.07702532768163549
0.07692084147293152
0.0769693649538668
0.07684818695702916
0.07693868038358011
0.07706897367191161
0.07718108963703439
0.07732252059385882
0.07735701328338415
0.0772800923636374
0.07713708040788737
0.07710358833474223
0.07693549757369754
0.07681493153272814
0.07680760630658318
0.07670258988129726
0.07675054945126829
0.07645281784152852
0.07666797239654675
0.07716909460764507
0.07719525541548725
0.07732294478572636
0.07786143964299849
0.07776782515330598
0.07786099796312099
0.07781983903485601
0.07785114497530148
0.07790321133123487
0.07793006794781596
0.07809941297878982
0.07813836349166207
0.07832586574515
0.07838097367343869
0.07834821100119167
0.07876027241580996
0.07888889650548675
0.07880056410882533
0.07893460075091244
0.07883345672431252
0.07886059102753583
0.07868935487756118
0.07866723621088448
0.0786496668320793
0.07861912493060583
0.07883251449930957
0.07885531901799865
0.0790098417806799
0.07905344818897674
0.07917499371866674
0.07943924516259802
0.07953147098757746
0.07963377396272697
0.07979936359788609
0.07971870669556977
0.07959351792654244
0.07955635302602433
0.07939556340785117
0.07916357243812996
0.07922721288146943
0.07907683724407484
0.07908897961103832
0.0791257965282205
0.07906722461026712
0.0790445123289671
0.0791117825180134
0.07906257893532076
0.07912451076602008
0.07895312069086148
0.07866406169308822
0.07867351893078826
0.07864524999849495
0.07827335973515737
0.07809855414063832
0.0778935761924486
0.07786249218344701
0.07777407558484713
0.07769017881474038
0.07784662889687685
0.07793679160266795
0.07796293724998535
0.07802527622188124
0.07796419423896983
0.07798214331539569
0.07785298532968606
0.07779698579459074
0.07769910190094097
0.07754354451737916
0.07733576668941046
0.07712578247932285
0.07675131597551331
0.07697452850037045
0.07734086102542152
0.07752494489356206
0.07771981369810457
0.07798589683432386
0.0780989518427796
0.07806519260337239
0.07817936427853753
0.07821682987445448
0.07854180742438031
0.07853145116141975
0.07887849878520548
0.07880553509685587
0.07908295082028494
0.07935795968898725
0.07947885794704267
0.07989016092396485
0.07992008692426059
0.08012583418159246
0.08045244993020248
0.08049095924661409
0.08068105054930813
0.08075839721257995
0.08083489662863697
0.08099396730417568
0.08105307110684744
0.08114642298687144
0.08128782892312313
0.08132928215792874
0.0814261375421485
0.08171841757263598
0.0817305827942098
0.08181320611164623
0.08178620198970868
0.0818307724736466
0.08195116991894098
0.08179969158016752
0.08172377196756564
0.08155805825133378
0.08160727350335803
0.08160036232229573
0.08142408204539568
0.08125311570780572
0.0812001915270107
0.08117996179137084
0.08114103631933359
0.08126345165984199
0.08126903588326326
0.0812740918194123
0.0813373564092881
0.08113371151084037
0.08103957300501279
0.08089132944930476
0.0807001963145917
0.08053700971260934
0.08049203184635231
0.08020719365912206
0.08020871809601153
0.0800129316113414
0.07996989837803549
0.07985132194602296
0.07984698413888627
0.0799643534444919
0.08002532205416975
0.08001351227302127
0.08001276392804182
0.08023707190462293
0.08035289706491429
0.0804932086727209
0.08070844621717298
0.08058825509707922
0.08080871880951936
0.0809047594558158
0.08111368173557888
0.08131936763130325
0.08164772929364368
0.08184627759918318
0.08181972021059902
0.08203977934238636
0.08211540393485059
0.08237526741361853
0.0825783102948464
0.08256091485077938
0.08277256595278534
0.08299213061731607
0.08300699512769241
0.0832022771006089
0.08338415717140982
0.08338447779111902
0.08352823467851084
0.08364488792210881
0.08387730722521436
0.08383820924948544
0.08404953484874138
0.08425875609549682
0.08442671350173603
0.08433976103766305
0.08436352854173565
0.0844080276966863
0.0844681816128739
0.08449502733472941
0.08448820179080359
0.08431802178047737
0.08448353638933478
0.08428383387608417
0.08428898931876219
0.0840810757795576
0.08405895809176157
0.08396849917393046
0.083857480620643
0.08375422588556965
0.08341796256173328
0.08341459253037975
0.0833771726674804
0.08342792856169017
0.08348723869702834
0.08307268477212619
0.08298806679136987
0.08309111739959081
0.0830929045453169
0.08298021842387893
0.0828675542850084
0.0826607550335159
0.08247376886783754
0.08234297492392834
0.08200599211706916
0.08193260094497647
0.08143635949283602
0.0812553177115238
0.08096940129962628
0.0809324689442517
0.08074033442205264
0.0805696346531624
0.08031229866061275
0.08011152711826262
0.0800047281633323
0.08022244122989663
0.08001708769304453
0.07999031245775916
0.0800115837238527
0.08002842966574233
0.07997037931954568
0.07976371530126589
0.07958590990289574
0.07957967954911234
0.07946359557504296
0.07949504399172208
0.07946879837394161
0.07914407215422778
0.0793549989771854
0.0791556672161596
0.07913074251917795
0.0789203356019128
0.07883568739899886
0.0788989431074388
0.07883557521618548
0.07865682702273488
0.07879254651410113
0.07887729039954833
0.07864317071691225
0.07839827730446511
0.07848004732534619
0.07848127171024556
0.07844447158414261
0.07826718411251345
0.07786670460768422
0.0782154548585919
0.07797374042019384
0.07796481167163218
0.07767497027247909
0.0777774765072877
0.07749609811377098
0.07752781378161303
0.07740432023332923
0.07754413325368666
0.07755461834628177
0.07721480298745498
0.07709261595114536
0.07702949108285131
0.07695521162486742
0.07689858588509732
0.07685664556581676
0.07666177227436712
0.07658030075133695
0.07651718503953873
0.07632020549254032
0.07609196048902593
0.07612270407454778
0.07618029248011426
0.07629027977965441
0.07651593090701515
0.07669526755883263
0.07677071828412006
0.07675476975467405
0.0766631892823515
0.07650211033877137
0.0763782320176066
0.07629441835401903
0.07618225820825236
0.0762255370080726
0.07592331168956454
0.07563638034412111
0.07540973002663719
0.07545873361499657
0.07549448771580958
0.07522404169236097
0.0751267000693819
0.07509579334929449
0.07503522904443184
0.07504272147656336
0.07508291224982615
0.074986160582751
0.07503526762212939
0.07512058254046212
0.07510402777968643
0.07513074815075055
0.07512829940270171
0.0751722968049411
0.07520902617413763
0.07501291506998999
0.07496068713305573
0.07511068496351428
0.07518902871297327
0.07510607125146414
0.07500810935253552
0.07486843867499986
0.0747709621076343
0.07456835023085806
0.07463660079876315
0.07461369285209367
0.07495497738118151
0.07466853701338433
0.07507673703924124
0.07494897241529744
0.07515870940312078
0.07484130157416728
0.07505406214019616
0.07511198457796613
0.07518611312705836
0.07526259946195794
0.07567584410129914
0.0757670319446449
0.07570491236980183
0.0759483096180267
0.07590080734309206
0.07595445201764316
0.07595127376378627
0.07589351381098115
0.07587629371388072
0.07599906670377973
0.07598462606857775
0.0758098035944972
0.07547155560845456
0.07543615894195022
0.07531906182389946
0.07499449898726193
0.0748744034551199
0.07474819336084149
0.07457848733356282
0.07450058677278724
0.07410555598090461
0.07403445082424065
0.07418892775735114
0.07411073636288547
0.07403837819262107
0.07445505515704749
0.07383224314285364
0.0735079341325259
0.073445021886029
0.07322754661584058
0.07333351484065588
0.07317938054202155
0.07312872731915354
0.07293900756192051
0.07297385945332631
0.073017565594857
0.07318772970182043
0.07302888796987425
0.07299215668997948
0.07303356935746536
0.07317734322495269
0.07346668629599087
0.07356111578719601
0.07382618336432359
0.07393198409344119
0.07397459979708872
0.07404618320819284
0.0742936444507519
0.07465645598118978
0.07471094977441504
0.07500362248297456
0.0751496216228349
0.07529691202422921
0.07574264315733571
0.07587967376805048
0.07567840886342221
0.07626745010914456
0.07620416134450626
0.07637932555390901
0.07636750495603174
0.0764793937487565
0.07647324435706228
0.07644262790414524
0.07654510424684427
0.07648068234149502
0.07660970919827652
0.07697058138509387
0.07710543877835078
0.07755415144275639
0.07761542686940749
0.07771820215060328
0.07795390693165903
0.07813131566578173
0.07833641493166431
0.07854859419163951
0.07882656017595564
0.07886339313163748
0.0790492003925539
0.07925434962653484
0.07930224324608136
0.07937792089182744
0.07939545327876434
0.07953587298977688
0.07957182931644402
0.07948447557570887
0.07974480822075834
0.07951419969161246
0.07928660187800507
0.07929408292447405
0.07900190560494802
0.07912520198235505
0.07918394674572812
0.0790199656463794
0.07885409903918625
0.0790899496393334
0.07895600101357722
0.07892622849544917
0.07891750921819506
0.07868171634050031
0.07841911694238146
0.0788036194312107
0.07805814023945024
0.07783243849253048
0.0775467553682624
0.07715792281185775
0.07701708810635748
0.076851981269955
0.07670164347962707
0.0767246574018857
0.07674707488735741
0.0763977345021216
0.07656696233200162
0.07658211018811288
0.07654871076854272
0.0767143390067797
0.07674068071244627
0.0767459026200659
0.0769026088127379
0.07699187791750718
0.07697619276715599
0.07726842619988934
0.07740387194329906
0.0776809448281739
0.07784007207925155
0.07820134118702553
0.07834368410633627
0.07864951512270883
0.0790371486698973
0.0791019397001989
0.07964002606501733
0.0797071107734827
0.07994018810254967
0.07993837837913241
0.08036066081096456
0.08046758281556154
0.08059681568325344
0.08071604441127596
0.08108056296311618
0.08140275322082721
0.08171104549715817
0.08203851177511527
0.08230300673663145
0.08246729770102523
0.08268861504004235
0.08298392159558785
0.08297307233347119
0.08316147346023439
0.08311818918647751
0.08312275188097101
0.08327471766694786
0.08326897320711037
0.08342267546246067
0.08340385080973302
0.0833843039097957
0.08340776077868729
0.08307925821944799
0.08288560873584794
0.08267042505883868
0.08238013173035559
0.08205747951192353
0.08178469243183262
0.0813526203598864
0.08114893157593756
0.08082257746546945
0.08048690835224478
0.08010610079644953
0.08002174924628123
0.07977433086072484
0.0795623410246084
0.07931419908254915
0.07913937979304884
0.07908904372728986
0.07891629250613787
0.07882157260134415
0.07869571030799424
0.07828651338709254
0.07818660251330017
0.07783632836893907
0.0776925809474004
0.07737647223016828
0.07729697055709778
0.0771796994734854
0.07703907238021689
0.07706333541216015
0.07698714408868185
0.07697481597491106
0.07688498870934325
0.0768559838369433
0.07656954978038254
0.0766390774067332
0.07673623290333721
0.07663666146260731
0.07664171382173424
0.07654083094377813
0.07661899570778755
0.07684570930846323
0.07697422815693906
0.07727949948992939
0.0774116877743885
0.07761530322582816
0.07774988135172549
0.07796028617334834
0.0781396415845155
0.07834958108024412
0.0784252927449403
0.07846482139993222
0.07854482444383097
0.07854041316922906
0.078623038286846
0.07861420542502302
0.07880508438753427
0.07903198373833495
0.07914454107847206
0.07915505742006836
0.07928153765585418
0.07928830901736968
0.07943363887759014
0.07950470165413302
0.07953114892850836
0.0794467047220987
0.07950422966773081
0.07945752257264485
0.07951147774384325
0.07938054438580665
0.07945697042911506
0.0794090027634105
0.07936941490938709
0.07925154235722458
0.07927647799328101
0.0790352725118992
0.07893488097483012
0.07875385426909505
0.07873840506545406
0.07851278957574163
0.07835453648492595
0.07837028684448694
0.07786403093661819
0.07788253683422904
0.07771472536347805
0.07754820169800514
0.0773467745406442
0.07728184176142737
0.07719205259335321
0.07724321107666315
0.07694096988833153
0.07677437588476133
0.07663837165067046
0.07651026153835067
0.07643114955125362
0.07642751815853598
0.07619900602622735
0.07648175499265389
0.07667958930283644
0.0768740141065962
0.07724277117058095
0.0775145939932725
0.07794598002310528
0.0782455897308712
0.07849475847967696
0.0787336359349361
0.07905962445194017
0.07944203185985922
0.07972906587411592
0.080151813079814
0.08027977712691114
0.08041796980306569
0.08081798749484713
0.08124471316897669
0.08146138308610072
0.08174247040434302
0.0818682972982256
0.08185820912300885
0.08217366212494916
0.08222459529528843
0.08220855863367281
0.08234941228786673
0.08240495868187694
0.08234614979491113
0.08232991391238532
0.08237713700521615
0.08247197994414737
0.08252858299335038
0.08273473874098858
0.0828343177565864
0.08287527209922403
0.08309807578288543
0.08294753123499947
0.08317203460591902
0.0830386766520453
0.08306859743484486
0.08292830556159461
0.08282767933605574
0.08261279885907255
0.08234042521983363
0.08212996606245951
0.08215838942856447
0.08184323269869684
0.08170263811480007
0.08146601548644351
0.08129420093109503
0.08111423208216072
0.08097760782208759
0.080830864303734
0.08080308023380624
0.08051014209095725
0.08032546336040536
0.08030901648810172
0.07995814469037976
0.07980119361373121
0.07963472357525839
0.07969840776583303
0.07941463029362424
0.07933440966304307
0.07937194029045085
0.0793679345313456
0.07940563296804372
0.07947319064330731
0.07943858294665049
0.07921447599687925
0.07913445340135974
0.07884594552627106
0.0787941692840387
0.07863314453102181
0.07855785780982706
0.07868989461302248
0.07859413330762495
0.07871111328102025
0.07877248954312166
0.07881195619331523
0.07899615290136812
0.07909321080080349
0.079259536602552
0.07934875773416768
0.07955484813603472
0.07968807404226791
0.0796304861977575
0.07989704231207684
0.07990948694572157
0.08022684465772222
0.08042967834476861
0.08053401410265913
0.080914017419448
0.08109558425748159
0.08123674907520469
0.08147413123754607
0.08156084040940094
0.08179769232184644
0.0818128755745385
0.08211847917429183
0.08198601743967464
0.08199892444124422
0.08206007568180741
0.08204167592193101
0.08194665304041429
0.08200997689015893
0.08152672490163189
0.08184653820216499
0.08146686089975498
0.08180223132530927
0.08150071051906986
0.08134395001888703
0.08134912612915918
0.08142370629123434
0.08152841557711739
0.0813415676089606
0.08121704099899302
0.08122859797031719
0.08104888203428885
0.08092119671786675
0.08087005655234887
0.08107469796286221
0.0809847451766925
0.08123982993876704
0.08122598189338319
0.08142721353577849
0.0815620794711873
0.0817507747256079
0.08206697990404764
0.08222848322277942
0.0822979338131072
0.08227497119189457
0.08228438050581263
0.08237612532887219
0.08231915240141656
0.08249411444423928
0.08272008380799686
0.0821684422095231
0.08230903675882048
0.0820027587875781
0.08196273895875729
0.08189839619551768
0.08181869342738157
0.08167168323945159
0.08149406491116709
0.08147033364263832
0.08118144434040912
0.08110393523262557
0.08088835199593569
0.08090610535362895
0.08097193823692035
0.08085532790240071
0.08092562881661282
0.08093599963854463
0.08112100232798727
0.08119180865489306
0.08125228467966766
0.08107086728602754
0.08135817398196331
0.08116132331958646
0.08128322490721226
0.0814615766169717
0.08168519266054537
0.08158425138169603
0.081597999004498
0.0817622122753203
0.08127945525342341
0.08202930920544207
0.08230668561488036
0.08223572529870428
0.0823196868850414
0.08266231581899108
0.08260068714205002
0.08262416552688308
0.08274995550662097
0.08268580851754263
0.08290629136591966
0.0826955368250445
0.08267359762809452
0.08251114545409444
0.08247878849945273
0.0818961135932189
0.08232728869560911
0.08219598549497423
0.08207126144732008
0.08211937744634454
0.08219127508012172
0.08204107437588533
0.08178853489775453
0.08160455738943442
0.08138506772296873
0.08122871082512577
0.08109789734119052
0.08083056016264778
0.08078539344260861
0.08104484700046191
0.08123714271060671
0.08104631110670002
0.08120476183634855
0.0813816280867106
0.08160219185312759
0.08198050531439356
0.08187941181892783
0.08189658975708046
0.08158334780776164
0.08163665707962858
0.08141742646418
0.08132871827633616
0.08106183627579695
0.08104951288717527
0.08051509565360615
0.08102455879672409
0.08030467421843296
0.08024735373159897
0.08004108781437322
0.07987682784370183
0.07976775380470591
0.07971396888046826
0.07946636424548632
0.07945487228260442
0.07932950444504437
0.07954742116565468
0.07958043818352521
0.07959965806647906
0.07959723359783274
0.07973828635119172
0.07981834735206
0.08009054278996271
0.08011359230817458
0.08010990032005713
0.08028961981042611
0.08032467042620571
0.08073045031293975
0.08083211342858308
0.08097037359795803
0.0808437739712728
0.08097920650038812
0.08110572399175552
0.08122488743493045
0.08121078626633267
0.08132582023406856
0.08061828709744008
0.0812873553234076
0.0813254776356662
0.08146684917553731
0.08127357510153704
0.08119393743312983
0.08118277230114197
0.08112318469077143
0.08107261419957401
0.08098460281623651
0.08089800744757651
0.08097838701464197
0.08085315594727528
0.08113667996209432
0.0811999520272529
0.08117508442464093
0.08144563596264931
0.08157075749321617
0.08167934698010802
0.08175986323475476
0.08202287493063848
0.08208297939497718
0.08213930061607318
0.08222775972019528
0.08219669808968293
0.08239094838627463
0.08259172341548565
0.0826268392974592
0.08307481576250235
0.0832089044110983
0.0839123576218561
0.08381971840634186
0.08383311735473295
0.08411123667828052
0.08428691068898579
0.08455225185150501
0.08439258497029128
0.08445991427877918
0.08450514677685303
0.08408566607304235
0.0837975662311294
0.08355175244781356
0.08330378335190014
0.08311321199960087
0.08307281345137556
0.08320322577870436
0.08264519040672738
0.08264342182003317
0.08262096524128024
0.08265219389939614
0.08254299483700937
0.08255259300572623
0.08253384324210365
0.08258531874096554
0.08213843282521281
0.08218596085950053
0.082212786996988
0.08233340710536093
0.08204735146446367
0.08206258215095534
0.08170946975677272
0.08207333906059838
0.08216715472122167
0.08203900608493347
0.08217377695701013
0.08208673243249273
0.08231301382743013
0.08219580679764628
0.08208267264317494
0.08220442060168526
0.0822774775451543
0.08213688562204355
0.08218186600801432
0.082340390060873
0.0824387566270303
0.08224621361394296
0.08254105378786823
0.08292686690051726
0.08273803030352142
0.08282787085216377
0.08275037895386705
0.08279720815010246
0.08288611354311633
0.08289712305175603
0.08271446883636908
0.08254340349453135
0.08247093153858565
0.08248729017258562
0.08256026909321522
0.08251224617131535
0.08242444030320077
0.08244662600122978
0.08221236529922887
0.08191215471326259
0.08193737058787955
0.08195033666871653
0.08194853081432912
0.08174779998999081
0.08172423296186271
0.08161181490529038
0.081749416521623
0.08173467208547956
0.0819595801995336
0.08228680140853427
0.0822986313899557
0.08247903092926624
0.08224132393522833
0.0822745066876037
0.08225116795677705
0.08221947989915938
0.0820165511865013
0.08169850171227686
0.08155920529380835
0.08129290400297358
0.0811626294428009
0.08081951525636269
0.08070329927114868
0.08052545331466
0.08036299380698134
0.08021298093654024
0.08048335031001827
0.08047955736666985
0.08045011836693879
0.0804491187729396
0.08040323841944302
0.08032071596897697
0.08051083901558327
0.08066379405903361
0.08081820662974014
0.08082548268687438
0.08076812728390682
0.08079115087057753
0.08080310061091464
0.08105048474429363
0.08105916556662346
0.08104543202465317
0.08155017765505407
0.08162385463914153
0.08173934641780832
0.081634116615722
0.08187643606503829
0.08192697073236486
0.08187903122254761
0.08202457042325813
0.0820988365325733
0.08204665943822811
0.08217194612359266
0.08229754848100079
0.08216396975680948
0.08198566455933134
0.08224435919671118
0.08197196635729657
0.08196053038151178
0.08175563852855712
0.0817222784771704
0.08154539054983603
0.0815497782508787
0.08156579710134725
0.08175222234572842
0.0818776087281989
0.08195878941621444
0.08212634411136337
0.08229916479615419
0.08261059572414318
0.08280879931824721
0.08287890686036904
0.08314325389469891
0.08337835554022344
0.08366146448278391
0.08381171283022326
0.08388411653267187
0.08411160581199703
0.08455095085127964
0.08478596758760143
0.08517442252829614
0.08524991149288741
0.08541164075986472
0.08568172836120863
0.08591110236586612
0.08613556888536238
0.08615516637497919
0.0860370049571001
0.08580082337212382
0.08560424323005404
0.08550377230875218
0.08515336507184776
0.08485387443865205
0.08449791602958319
0.08428740635739061
0.08398958009154352
0.08376230704770023
0.08357801991838266
0.08333034630436258
0.08312212907533888
0.08318763464194541
0.08329747569382195
0.0831586994154841
0.08318419151014918
0.08318988673463146
0.08312956068370538
0.08297700504097905
0.08302047216920229
0.08293676772281013
0.08275857845902962
0.08266995459942957
0.08265318680010283
0.08279378495315765
0.0827504931617184
0.0828393437836193
0.08279061829305384
0.08299346755220179
0.08305281111589793
0.08308906235627218
0.08301959984262847
0.08301202733413032
0.08295164376135221
0.08292588569081256
0.08296172353001242
0.0828994209865949
0.08306202311012581
0.08323833718562142
0.08325008003525616
0.08345734920726598
0.08343206975748482
0.08351886979514017
0.08382248334668839
0.08368067898124412
0.08354752904517719
0.0834660091965782
0.08328946713141797
0.08339545038185152
0.08324177551744526
0.0831410631626494
0.08305449031874372
0.08282049205806172
0.08254158383148645
0.08244810782992404
0.08228819593921559
0.08218429147377018
0.0821044726759323
0.08186325393629906
0.08214981709841158
0.08197330866354581
0.08211559733168007
0.08245873421186553
0.08261589967135767
0.08285131240207362
0.08256983233421629
0.082880368285118
0.0829388438186491
0.08284749702110247
0.08275724935769875
0.08261488527276445
0.08243906345254483
0.08232618056383455
0.08208120461624543
0.08202946203447237
0.08190451485722103
0.0817079029105292
0.08145732650620824
0.08130742956707838
0.08146364092381499
0.08119235079744277
0.08105358325818526
0.08101483986920847
0.08091600259077453
0.08095033533501264
0.08105482724069062
0.0811132399122893
0.08139691087442723
0.08145801628267252
0.08170620266245865
0.07983334536746833
0.08182816489980343
0.0811909214469252
0.08123749766864355
0.08207339322019747
