a
30.97010761703984
18.33877656142065
9.889089719398061
1.210515513267224
-7.26733092584451
-16.200226540718905
-25.185068447630414
-34.112535344374066
-43.251129209325164
-52.581503913429714
-61.46994867407685
-70.24289397813513
-79.1106549891581
-87.68234194670593
-96.35829279354547
-105.10933542213743
-113.58906108270207
-121.92235567145974
-130.24154061803316
-138.51114767930326
-146.8907351396586
-155.07979600302534
-163.20761098760912
-171.32281245703572
-179.3385603367225
172.83124347384748
164.89967036222887
156.97327044708578
149.02554824233894
141.04191495377037
133.21261256477058
125.56912655359871
114.23191109977637
106.44951634128597
98.4644408621647
90.66708813140674
82.76884992191717
74.82424248836028
66.85362840561663
58.86590605126179
50.808651512626355
42.72970467505625
34.41535163870569
26.174351253936592
17.633872363818114
9.036546041113112
0.4457164981672281
-8.437128607507995
-17.391700039471832
-26.381281545233044
-35.51737727311351
-44.55142938111148
-53.68472410711508
-62.454344068462724
-71.1820801454482
-80.13077911733124
-88.92723391076439
-97.66391733008395
-106.23249639799694
-114.71131606245815
-123.1058425021046
-131.56234641454813
-139.73813805208076
-147.84224617906938
-155.92012505239308
-163.95198762709134
-172.00969404453866
-179.93951618296092
172.00278798695737
164.07329887416225
156.28579540655053
148.62941047996563
140.96826670970896
133.2791068059532
125.69973488373795
117.98570028520959
110.28593590489835
102.42444352220735
94.56667149932083
86.74843001504202
78.57002264059237
70.47640956213021
62.093625284729924
54.06051132597169
45.713685901569356
37.18926804689221
28.90839870374091
20.200301607826116
11.641034488170584
2.8245104294411094
-5.847872072033781
-14.82836788232331
-23.921739221765296
-33.150397197326704
-42.594245450086454
-51.64314214375537
-60.65892153865349
-69.53970742812298
-78.28920158319839
-87.09948940777085
-95.68224933399692
-104.29529414384403
-112.69890579681194
-120.99451435037412
-129.1783304646949
-137.27377306897102
-145.3186844176089
-153.300168080832
-161.25737196785806
-169.07067480920253
-176.9268651551468
175.1349666396045
167.1372556798761
159.42618505399795
151.60852078267249
143.9749124078578
136.17797425735523
128.5566353903152
120.9145751224003
113.173691198599
105.32015067709898
97.38398874773851
89.49137367505632
81.62102608579603
73.67434755973522
65.80317934071944
57.7784360458126
49.62838641301678
41.432258750645104
33.26992944582582
25.044416702223348
16.641103553577956
7.873879791107988
-1.0690384521936411
-10.076378877835694
-19.29861758359227
-28.60126186415193
-37.92921438081718
-47.14625663491606
-56.47500408916424
-65.72290394156028
-74.73993587672204
-83.60219744912041
-92.42995791659888
-100.96244336475922
-109.42914557726247
-117.98211833293158
-126.28381679218961
-134.72413235187815
-142.82100213668096
-151.02159441519714
-158.89201462955185
-166.76693100469026
-174.54076478392258
177.61628276438248
169.82080500098164
162.11183250071974
154.39882373752894
146.66111560340445
138.9978569374541
131.47026678995152
123.97673936455922
116.34539179552871
108.70274224174756
100.92296047401494
93.19672768242611
85.5957488169532
77.6955001030676
69.7302213628801
61.62422408773528
53.393046005292405
45.006692318451066
36.57982772951376
27.91659537702702
19.583743873145192
11.169883496783571
2.5055987138918763
-6.203024991937073
-15.157671591673417
-24.044990887758665
-33.083344463762195
-42.297894850135485
-51.43674950145231
-60.564695665322894
-69.69307132909768
-78.91854576811974
-88.08274906922006
-97.12694425727986
-105.92602854725142
-114.4496166195452
-122.82611205980777
-131.34792920207005
-139.71629388951595
-148.03598437591333
-156.31315861077215
-164.35811998789038
-172.18114933639816
179.720620714597
171.76382432238182
163.80027095193057
155.86500498380465
148.1961641089608
140.51354994795207
132.80461873068737
125.2490099505107
117.75269034398141
110.12440230543628
102.45076812815252
94.61659060403883
86.77219762763029
78.98101210058842
71.13437657628681
63.24939248898647
55.36669430183728
47.27293413530318
38.969188535768396
30.748174979949884
22.46261530109063
14.210564282670331
5.620144684656991
-3.134630052788463
-11.952599290550157
-20.94079016609733
-30.311394272782245
-39.68289403086356
-49.04565149269824
-58.265132757632976
-67.3625666018606
-76.31527668459567
-85.22387728316274
-94.15488214875379
-103.11824307956579
-111.69711427338898
-120.50232775489926
-128.9394376570856
-137.66633611017784
-146.0319151040759
-154.317656077488
-162.61854645770939
-170.63246559138597
-178.53037411992707
173.66029105090735
165.7180854528353
157.93853681568382
150.23634330431926
142.52869994869772
134.84545848994313
127.10954960117995
119.47934466498121
111.68376777188793
103.90464056824469
96.13008390151016
88.48293100267739
80.61378461222948
72.82011136247453
65.03040748505587
57.4228466192019
49.52339036415321
41.263132134406234
33.22409128102612
25.02501485252644
16.616828136655563
8.106991106842745
-0.6821860939296893
-9.455500518908865
-18.494081396729626
-27.811196353069878
-37.057290759511055
-46.37123924102173
-50.94795256900054
-64.5207357606559
-73.53203667086308
-82.63947351062428
-91.49963068805795
-100.64083437024627
-109.37412175909073
-118.15273012010314
-126.70124755020046
-135.19810876174003
-143.7420621825666
-152.07946693616992
-160.396217073744
-168.62174310338062
-176.25591293498297
179.12179707148633
167.9717541578491
160.13186998673
152.40525211673096
144.62880370106996
136.89572547573277
129.20672126168188
121.5397860467117
113.86973389387359
106.03508615774747
98.35321539338598
90.69086578012372
82.97130860927092
75.21832111579285
67.3174882140434
63.018077591542756
51.54101718163583
43.34590082409083
35.17583576154073
27.21018140209174
18.871426968029805
10.509400362963763
1.9069594133989463
-6.712396377898591
-15.561785247774013
-24.745589906090306
-33.59217619626047
-42.85749661364839
-51.96778168636523
-61.012370374129134
-65.56393215224035
-79.37535153180029
-88.52964887252288
-97.62060099949046
-106.62462003306031
-115.43369100598451
-124.23973244576686
-133.0248287397047
-141.5012229479229
-150.17329859745269
-158.40645134352482
-166.74977160027123
-174.51874241027593
177.45343854955647
169.60265389261974
164.98057837120157
153.86896346041237
146.14178706698374
138.6112815405743
130.7763875115072
123.16828726095224
115.47599161552768
107.89830905158254
100.22603474183842
92.60415837139915
84.96839510927903
77.17697362992637
69.27658480181039
61.648010518755655
53.869960833519464
49.85795637726843
37.822009964493255
30.00212737183943
21.70150097239422
13.616517252923535
5.0277539307986645
-3.5281025519424976
-12.202936652653293
-21.05679239578013
-30.18848477073102
-39.34449413361898
-48.18181657077314
-57.32355744876983
-66.51574400120728
-75.90350449835421
-80.54860381407698
-94.4119016876643
-103.30774029203282
-112.40762837473699
-121.3569377173355
-130.15163809103404
-139.02447019651748
-147.76449222715013
-156.08627223535845
-164.33865293520776
-172.3045380322941
179.69704709767595
171.6530180976016
163.90586658264513
155.9659955558105
151.5994343646453
140.4605347174354
132.8925458528626
125.07969070003085
117.67225821748086
109.91523261553749
101.95558402210058
94.26524074907148
86.65701605095819
79.0570816562602
71.29750496357984
63.7931768577791
56.09559354337034
48.1795895421712
40.2980002844042
36.49015164339974
24.290771603194013
16.207881676736474
7.9054489771555945
-0.5946511594612731
-9.001397766987873
-17.797462237548576
-26.682438779417314
-35.51671682299391
-44.69364178448264
-53.39719433169929
-62.4022082468168
-71.26781832981354
-80.34570913953357
-89.64477225778165
-94.5107525498076
-108.09577454032447
-117.05492484594295
-126.21210095050031
-135.08331235056036
-143.83558156299023
-152.46410578522475
-161.16283276727196
-169.39361916289292
-177.27466389685006
174.43649043648082
166.39487561541696
158.53685169734123
150.59452955748478
142.7368628043703
138.0508578823243
127.04592637254672
119.30759258566276
111.46783599647148
103.87278221870294
96.34551170907696
88.50465331363952
80.79347678793609
73.2286792037294
65.49791014325432
57.6065092795517
49.98593720940473
42.128441679119085
34.268105450074565
26.49348576304066
22.84944359463389
10.318869765223699
2.2297685482781615
-6.364338165581249
-14.837489189074931
-23.634637487047858
-32.43793192049835
-41.3394794341538
-50.17890140184219
-59.15802281707594
-68.08329236869696
-77.28929909550048
-86.1263494192343
-95.44787361196315
-104.4145286028848
-109.15693117065224
-122.338985298599
-131.15558618597512
-139.9471044977098
-148.71884815781
-157.46240754965552
-166.09818830896896
-174.27413876105814
177.57516732417824
169.57986468126407
161.2746989564618
153.31761176293546
145.72824553262365
137.9857027616773
129.98009466645112
125.42693369343593
114.4223226325587
106.73000320320465
98.85801027646484
91.14123813198785
83.49708070054466
75.64538974150443
67.74988088885287
59.99308911883688
52.25843137452621
44.2221418709114
36.482600459938
28.47632985803654
20.216618782719774
12.14561953156757
8.462678168167542
-4.443581451828634
-12.991388926891199
-21.662246834762897
-30.548577373160835
-39.485857561529976
-48.27484531423197
-56.77130384713553
-65.80001271846893
-74.56826912009075
-83.65438419458432
-92.39423499024016
-101.32537609789458
-110.3356057035904
-119.03250328008703
-123.875718953995
-136.43406861953997
-145.04638501951555
-153.59152689982042
-161.8428793446865
-170.12167339200872
-178.52424139469187
173.41397553646206
165.25858606446437
157.2243394204408
149.33770124475075
141.41017350344515
133.58320941057417
125.70647185923676
117.89936925064012
113.47989878184585
102.15779751569262
94.42470327434356
86.53857980963785
78.80629460291851
70.74496939911307
62.721829970682286
54.982546211806124
46.821351044431765
38.7936129130299
30.467048249255598
22.276200425124458
13.782425804432464
5.491732137201823
-2.7649916527638556
-6.20581138683446
-19.955364714490564
-28.736579527934122
-37.77934183337621
-46.68899608526036
-55.64784957432856
-64.37850056406369
-73.39663716368882
-81.9146874336607
-90.72386618973071
-99.26428477080087
-107.84318939805519
-116.46866171388729
-125.07397697385916
-133.48610088038444
-137.73636058190618
-149.71726429810047
-157.87269549751403
-165.9894266064656
-174.16332344661996
177.67661901366617
169.7079947610012
161.70435689619538
153.75082046151806
145.93252954836777
138.04620682843364
130.20347165849583
122.5508852300413
114.77895844587253
106.80844401542247
102.52684548285377
90.89823014000592
82.8089588703397
74.88551164521299
66.90344557394063
58.764048451012016
50.5894456965404
42.447728823352065
34.29637997482214
26.002930427510766
17.78685121473098
9.564085323737
0.820764923825555
-7.7480821197977425
-15.64624114562764
-19.346095843903075
-33.113179380577066
-42.01651253987124
-51.020864369475234
-60.09058572147072
-68.88529061910282
-77.67582044427012
-86.65332892938362
-95.542649583263
-104.3092609443447
-113.00246219787634
-121.58287242549024
-130.2242172060611
-138.6450592488019
-147.154616684319
-151.45661774253315
-163.72331259670017
-171.78388614578495
-179.90879669757777
172.0474333167984
164.01255587913505
155.97847700523022
148.20732014350398
140.34828701669434
132.61571556256243
124.73986859639183
116.96344713179862
109.14922203319352
101.43814233703591
93.50141835908684
89.71889022105971
77.81382863317164
70.10725134782386
62.179591432307355
54.28288322536943
46.274792267306424
38.264546220627636
29.973148138014583
21.743355228672044
13.410120882131876
4.972598422528689
-3.526166348276396
-12.192004546401023
-20.775744451930002
-30.2083534245248
-34.04115577679202
-47.973934392304514
-57.096804035604535
-65.87866083210646
-74.81531646802053
-83.73479846475821
-92.68091595631611
-101.51775900034652
-110.22304783904107
-118.87285709527383
-127.35626233709067
-135.85156760532024
-144.29855362437004
-152.7929395503136
-161.0561370243819
-165.17873642633174
-177.2951936937224
174.66676113646352
166.7499516993881
158.7358470684803
150.68312446879148
142.8669216234593
134.96798510942466
127.08990107537579
119.29727412926471
111.36332760972161
103.59215275142297
95.75887313042043
88.03568537042591
80.3144693699923
76.84280896320033
64.41001282900055
56.37184988381087
47.95732197952488
39.891015195486624
31.78526234988904
23.67422872489181
15.210306670987045
6.950176291556463
-1.3359254308640895
-9.81847196593438
-18.51805385204967
-27.38062273125945
-36.40920192158284
-45.44001885733313
-49.41468811028512
-63.83837552389198
-72.92260725319485
-81.9420687570861
-90.7279955422801
-99.42104894310349
-111.8547814391689
-120.39260838916682
-128.78884792293812
-137.30275977312422
-145.72605530082316
-153.91291099404677
-162.22967822543754
-170.33672727616937
-178.55224949023648
177.64272993802973
165.48285201245278
157.2098837534856
149.398407465987
141.53187042158697
133.68114644688333
125.84420928807609
118.22226669970412
110.59901654219757
102.67302010766407
95.02201600589312
87.29926799208933
79.2513364953678
71.36459206611117
63.29687968674997
58.72024970591278
47.17958532133976
38.97696356589653
30.8176137773358
22.62652881067552
14.189850350484974
5.950923765098036
-2.548396201789313
-11.118828357330615
-20.01492710125212
-28.964282101047
-37.899602956787064
-46.92097976475165
-56.15647032416406
-65.16935293677093
-70.36719206666952
-83.00834651940492
-91.62425115133377
-100.36754415543443
-109.05507657414971
-117.84891392567528
-126.49636817947308
-134.82008325260628
-143.07134770323907
-151.30923980963377
-159.70194133539073
-167.80835185223407
-175.8167209057617
176.22765628537337
168.2503773278669
164.4444043130644
152.44350390751796
144.5540659181721
136.5296225272136
128.8376978485592
121.12366640187895
113.29880535122766
105.67545123414862
97.93598347212614
90.2594413471616
82.65084554370128
75.02205557323522
67.08002638132731
59.400180677561316
51.40848851454288
46.54944140122671
35.018790004285236
26.860710567488827
18.532369548447118
10.14413786273658
1.4689884164870224
-7.015386622136964
-15.884517721750713
-24.65285405652627
-33.488534227057855
-42.55578139508403
-51.80353055163488
-60.80644727455495
-69.99202562224129
-79.07103911537209
-84.33070138457434
-97.19342042903851
-106.30198125654871
-114.93678922804186
-123.62860297611884
-132.0372225959977
-140.41068441026073
-148.46587184581475
-156.71257108475476
-164.71630029229064
-172.6481789939431
179.2719998728732
171.51812992513587
163.49341562067656
155.6031820042129
151.35382730073792
139.51886170991273
131.80558198603404
124.12749229608391
116.39475793373238
108.81196335921555
101.48690608500138
93.8139945039456
86.13989178073089
78.31038660924786
70.5691727296012
62.54494510901742
54.440560267980516
46.33552211416673
38.13713861394456
33.43235486491017
21.774606023801688
13.665169087865744
5.140523578134536
-3.216228900274286
-11.576434472716409
-20.065338332374285
-28.807097607993853
-37.847311595194704
-46.88415893679649
-56.14328434411613
-65.42943570034191
-74.73744592291591
-83.67072753322724
-92.79830056647191
-97.91232921585247
-110.56234560085929
-119.27963909957127
-127.88026856944387
-136.37265549608895
-144.87478689471385
-153.3654497306603
-161.508353483578
-169.6724568168919
-177.7472300267391
174.22028493149716
166.3375882410065
158.41646794593524
150.7085155117983
142.7270339382787
138.70693652153076
127.4896270392248
119.99927833306792
112.42069441860305
104.79052525646921
97.23223966530398
89.58127381647671
81.76280104830852
73.85042748691328
65.98614355193256
58.03652901662772
50.10517680214142
41.9340814741784
34.1193529263686
26.240864247752388
21.686159367237178
9.710818706645895
1.5015199090285265
-7.034302630058324
-15.37060862555822
-24.191812876895064
-32.92087849699123
-41.7736961795195
-50.89038940572231
-60.00115960408308
-69.17794356944884
-78.43222656207253
-87.42336132747755
-96.24097704923872
-105.36750579774122
-110.41288802270707
-123.149294059755
-131.79271710001072
-140.60879952725722
-149.1660991514166
-157.54880201331312
-165.82690196431267
-173.77612342457138
177.9939607156129
170.01705545410627
162.21426514629852
154.4698020369102
146.54281814753676
138.73799741358684
131.11401772572984
126.62722589116532
115.6565849420083
108.05850459525377
100.35187722293118
92.65329219791104
84.9896557227708
77.27175168233632
69.35353432880571
61.5666078358002
53.85530176040504
45.92266431606993
37.94405073568104
29.95372185259976
21.910728983141805
13.543973018604865
9.126428124361396
-3.129499297014266
-11.691045746659974
-20.2635289934066
-28.6098413606905
-37.35267557161425
-46.19240091304683
-55.10133411578937
-64.10249593177163
-73.25603143141981
-82.43086391849768
-91.58948393576658
-100.77109892876499
-109.70244313571426
-118.49415082237043
-123.59991797018102
-135.91461149666173
-144.13613078728764
-152.54546409723196
-160.6625649085697
-168.71628481508333
-176.77467407671253
175.20585504049782
167.2146395472074
159.07099521262248
151.06145373965447
143.1147693865344
135.3291442291865
127.65172547079291
120.05593862375459
115.57814681153717
104.86664247964211
97.17482661820422
89.5125164711089
81.84363445413743
74.0339609937799
66.08783646513636
58.02346415235925
50.136613704372316
42.241725804805895
34.072296058717534
26.028691452023125
17.739432965849847
9.625794742953882
1.2723523625600643
-3.086342027032581
-15.475830775817396
-24.286024783200748
-32.93274620109972
-41.81675654241688
-50.84319348305642
-59.8361022689568
-69.13894710004192
-78.3347200309928
-87.46885405517291
-96.56283349889657
-105.5926808662504
-114.41701461180126
-123.2021788231063
-131.79342495336917
-136.69591387255596
-148.7083292483225
-157.24800715584098
-165.35087849276917
-173.49981329370607
178.2992546798092
170.40433290918733
162.49643677581807
154.48199687088808
146.80795077847438
139.00381205929094
131.55030430587496
123.91316724588717
116.39149450064352
108.82193964281696
104.48333316273798
93.46189801238111
85.79228516949821
77.954569785862
70.22221948600813
62.19375528490857
54.434109054373096
46.67402515816564
38.73081134960737
30.788959666983217
22.863931855271254
14.643089300742522
6.26561860657042
-2.173758992066648
-10.687361591817432
-14.96444633423969
-27.793630068762052
-36.60282355411515
-45.442276468917484
-54.49725403123508
-63.8210116759633
-73.10125560289227
-82.21097503622161
-91.48669804122993
-100.58589518022573
-109.53768800054449
-118.44691784001374
-127.22485055881347
-135.96645418216494
-144.5427978135901
-149.26862359760753
-161.31926576310772
-169.21160832224342
-177.1963527495768
174.76710089457848
166.74784627042638
158.56383873068802
150.53943326799813
142.81719966671344
135.0815405331227
127.53249805454558
119.78619899681752
112.13019357242591
104.39490212749918
96.78001208294312
92.29874701786825
81.36169914690129
73.53689367644957
65.71483247030207
58.09237119407694
50.20209357093771
42.387381331809834
34.494295796926686
26.414374115439983
18.441278116450157
10.23368219001481
1.71140381609847
-6.520217565908343
-14.797351199348952
-23.354876189238787
-27.691615612502652
-40.454113971838495
-49.49783174953441
-58.61594228664951
-67.46381552790652
-76.49698441865664
-85.64714961763724
-94.85958929000596
-104.00535158043887
-112.93353639877533
-121.8081433457083
-130.41322991552866
-139.04596681445963
-147.38006997778677
-155.6158752688541
-160.38644337910503
-172.0375688796406
179.8517164386
171.8162060296157
163.51737551204343
155.41731437038231
147.1295048695152
139.26553061831126
131.5235516285799
123.96434209849879
116.28667367010958
108.4551389582407
100.83198261670726
93.05794191503755
85.27684696007351
80.72356066021858
69.66341850329329
61.821018934647256
54.161785545568705
46.22588141356872
38.51770141328115
30.348470674644478
22.559678918492114
14.211684736620528
5.992029880453425
-2.381260652779738
-10.523220527060106
-18.90548148661248
-27.426863299131494
-36.092489122965674
-40.492785993711415
-53.971688462388705
-63.10863699594386
-72.12785440999696
-81.31862997886313
-90.34087559978288
-99.40207043685623
-108.25503241447379
-117.10301407942406
-125.69415823087506
-134.39204002670067
-142.9555261249278
-151.2295495347875
-159.5020190043398
-167.75786140906126
-172.34207876870306
176.1786377095832
167.97865005264634
159.84013650880405
151.78831879971554
143.9324256164606
136.19544139828963
128.62720065642787
121.01266207448121
113.50758999903844
105.69842396875552
98.08179805286902
90.1457440774658
82.35022260471747
74.6016022889266
70.31046027469182
58.838391116759766
51.01983179265821
42.9332467197438
35.05545035025479
27.106810429338758
18.79935409893838
10.472657693383967
2.079788118291846
-6.186720902360526
-14.554049499870914
-23.170720801863286
-31.845798305636063
-40.39177483035157
-49.506878269872736
-53.94284801319372
-67.54503656074176
-76.3546851546705
-85.37947706433134
-94.42355529860289
-103.32685341868638
-112.19463554499325
-120.86795922493891
-129.45484264316926
-137.98741304156007
-146.47016874021682
-154.83136054644075
-163.0132979723613
-170.98688675552654
-178.93739661219868
176.4280303415211
164.97996840279527
156.98967357573315
149.06959889469766
141.23889905846244
133.3285604559144
125.59360697631223
117.94664267763419
110.21826557094224
102.41987456655453
94.57867557808899
86.84187942209655
79.20035090754732
71.3907343029859
63.46688474504426
59.13009493494166
47.74832548953052
39.62592608458052
31.611816718039925
23.404466611213124
15.228869348411191
6.8437841575897975
-1.6951095114304253
-9.844813500801383
-18.33557289256849
-26.838560235574892
-35.57091255981954
-44.181993262225966
-52.81064904250477
-61.62999266327935
-66.17428791300757
-79.63602140820706
-88.73610725552227
-97.85015972858562
-106.82347934494277
-115.6688666726389
-124.62283067785086
-133.38240909274055
-141.93416687341937
-150.312899242396
-158.48860535482248
-166.4392893478999
-174.50305773238398
177.63543052534519
169.7309306221704
164.91656388032615
153.54289701008196
145.6698894371109
137.66234483427917
129.8767891163608
122.4649347638578
114.87898152210431
107.23043188241797
99.47283712871653
91.88539889418881
84.25440876522057
76.33991787524606
68.52234792339384
60.69530536679898
52.79667286474563
48.84988248428102
36.50755255206791
28.573845749024194
20.20387795655843
12.065787564923916
3.682029843691786
-4.7509278642727235
-13.051039646513365
-21.427582242398827
-30.20030819116614
-38.907589977944426
-47.70664115248891
-56.685329947798365
-65.67427211809024
-74.78698866219122
-79.14045206589722
-92.86929502310048
-101.88398567491136
-110.69485394094843
-119.63889393391176
-128.41176758648723
-136.91807129918178
-145.258491404971
-153.69529745434232
-161.97398134869206
-169.72352062130759
-177.8420551335014
174.33124185797453
166.32697808429123
158.3907615003284
153.702708779854
142.74158068347117
134.84500933430127
127.2040746903439
119.6943834135541
112.09825364992844
104.42532100945965
96.79671136668388
88.95535687556034
81.16336394555059
73.09021078218396
65.1786736175503
57.48219193069213
49.45105302254578
41.58847323930465
37.93579545782567
25.46849964297934
17.424645494267196
9.250515067788317
0.9693337811973614
-7.406562823028266
-15.918854045053724
-24.534175616359242
-33.22385410054457
-41.943566750688156
-50.87319771861169
-59.818055713068645
-68.74648273214314
-77.84572193154887
-87.037256127895
-91.38285899107576
-105.08986095493383
-113.97459736755765
-122.75009965387706
-131.56297448478378
-140.38007588017703
-148.77501945872285
-156.91253776970652
-165.15279457879072
-172.95054422650801
179.1059448314163
171.2665793711703
163.27129836530185
155.27714360046846
147.30504526406077
142.6932336871206
131.54000634887257
124.02287705234203
116.39487317530008
108.84283231259175
100.97165146575287
93.35340642783392
85.62789117552185
78.01799892715891
70.02071276300865
62.019704587973045
54.35812202627701
46.41905772226992
38.540267702365924
30.390727820674396
26.801255493697266
13.938232981422338
5.763944331895446
-2.4825970162943194
-10.919990903525441
-19.459223931450804
-28.10552997694131
-36.5636497289762
-45.559150383524766
-54.50047232944538
-63.53853707200473
-72.60815698618963
-81.5296382679192
-90.65561077318064
-99.44168712657259
-103.80893662969986
-116.82278581791564
-125.96549540363877
-134.7563530405316
-142.9169429825029
-151.04593127306666
