r
0.12369529388996145
0.1224840714197429
0.12148395153133312
0.12119343817975299
0.1202610533415174
0.12000437907308091
0.11965630946240972
0.11947719119023713
0.11900891968876623
0.11895711691983579
0.11922664604272638
0.11973721777824523
0.12011866317159839
0.12072033161835267
0.12082343102358015
0.12100154362242908
0.12144176718970254
0.1218938426352581
0.12232266940273975
0.1227545085703404
0.12343774836141969
0.12401871614553972
0.12455375487018733
0.12522959881438048
0.12581130249718622
0.1263034527471328
0.1269148427379347
0.12745070378597248
0.1278445478990356
0.1285599053998967
0.12882857156787372
0.12893281508712118
0.12889415794956516
0.12840581265301962
0.12836520847676616
0.1280143112042761
0.12797648339031967
0.12745297846630818
0.12675975014584115
0.12605260400926807
0.1250038073654362
0.12402777390089871
0.12253525455388306
0.12163430538729661
0.12005461602245711
0.1193317914564529
0.11878768307564837
0.11817495606443326
0.11782235125666213
0.1176640046802777
0.11764414024652024
0.11777870229872163
0.11778835406892776
0.11827943936478871
0.11850767611115264
0.11903479012859994
0.1196020147469124
0.12041697235159239
0.12098892892865007
0.12195787617800942
0.12271708125951755
0.12387201550156196
0.12479649715507249
0.12566454838468183
0.12628245169970923
0.12722464643119621
0.12784231531909013
0.12818245862194594
0.12885045533675066
0.12952692147460285
0.1299016199550723
0.13031178849134695
0.1307503715889541
0.13055182939776283
0.1305171981420719
0.1300284344809514
0.12970110912618735
0.12926396500568293
0.12865723067574977
0.12795706103306337
0.1267697700654615
0.1256745874182622
0.12466240050007425
0.12361222071937222
0.12261064071453161
0.12146912895623875
0.12077366782877103
0.1199850674044804
0.11885433737162293
0.11829393485002856
0.1173390748719786
0.11666706749491815
0.11654415782034747
0.11622391074915367
0.117101050728446
0.11725652393744734
0.11746798833246819
0.11826800531126502
0.11892097205443895
0.11994584937380212
0.12100593761738757
0.12181735146414348
0.12283550916773421
0.1233841709638548
0.1242185302542691
0.12533014311561008
0.12583355204119964
0.12644188017719674
0.12735942347282775
0.1276168000092862
0.12805564410311154
0.12855758824708927
0.12917204041995356
0.1292781504510857
0.12974320834813288
0.13004149711691745
0.13006935583152315
0.12993218788855965
0.12982755371198537
0.12943114911737091
0.12908626641728682
0.12852557172527257
0.12810216389644477
0.12769460324607526
0.1268020508504469
0.1258099096736925
0.12487340990497844
0.12384187488395611
0.12292974441326766
0.12122320995146411
0.11982674225843462
0.11820146267146904
0.11711007162690049
0.11595276622985849
0.11522479464635134
0.11483241260988392
0.11468373499531502
0.11482614132840073
0.11490839459706167
0.11542191925784497
0.11619187073329888
0.11683400591767255
0.11765488072307456
0.11850473596683844
0.11947294803661168
0.12047210476818107
0.1216499664749747
0.12252484742190052
0.12359406145857951
0.12471281494930103
0.12590663799632457
0.1266635002057702
0.12746686424630022
0.12837785554261524
0.12877803828506396
0.12960941981263302
0.1303644092247749
0.13092041238994861
0.1309843468323507
0.13141488340068436
0.13137197195625913
0.13158463343632007
0.13128756511973522
0.13075742748163544
0.1305107577225959
0.1301193160744229
0.1296493955556307
0.12883100415296053
0.1276205764314589
0.12660607210163027
0.12527710530166006
0.1242114459809762
0.12308004392519055
0.12183680521642384
0.12068517593213064
0.11976665927581333
0.11868163634429726
0.11805363506316906
0.11717011620466565
0.11668896346131889
0.11635357580670928
0.11633796468709905
0.11633734733443933
0.11610793165598654
0.11637702107755908
0.11677273513710798
0.11712483087460691
0.11788478379999845
0.11903306030908331
0.11993597484794812
0.120971563774687
0.12225903118201369
0.1229178484136185
0.12419705873231285
0.12516271972341014
0.12620230484530717
0.12709934204924644
0.12804230027908728
0.12885155714982768
0.12980343951483367
0.13057527686254783
0.1312681714961889
0.1317037913724509
0.13205860604260633
0.13219705898153314
0.13203021767999645
0.13199183088487224
0.13148994923860113
0.13096130198654632
0.1307172321922187
0.12996370702509347
0.128974578042231
0.1281123931949584
0.12652093399962958
0.12519661714248825
0.12423509147553198
0.12260172294435699
0.12180627365879741
0.12017445429102441
0.1188364324616693
0.11758549435212388
0.11630482407209383
0.11540055046313998
0.1149339438176236
0.11487829908544002
0.11511698096872061
0.11491721845355769
0.11490895878650274
0.11542406575608631
0.1161458953514346
0.11699080838671821
0.11797780611950813
0.11898516652130663
0.12009722083638555
0.12119379381021213
0.12254890847032146
0.1237672803143451
0.12499224067579882
0.1260627087561465
0.12721800235568267
0.12841367168144355
0.12912256934463337
0.12997243866931527
0.13050913632929065
0.13119261036188765
0.1311671105190965
0.13165265099264797
0.13156867710059122
0.13144047254911068
0.1313812947290799
0.13136413893120355
0.13129766118728625
0.13107352820007112
0.13083565915579706
0.12994402621890278
0.12880550854240844
0.12777650877533642
0.12645982309369758
0.12516842793155947
0.12360257210877804
0.12236404070957876
0.12077966064492544
0.11924443003367148
0.11797851754860544
0.11715082532011993
0.11630949009136486
0.115975878360938
0.11569936113747302
0.11558645709176671
0.11545215384116816
0.11549931862540182
0.1157796616273031
0.11620940956679962
0.11681705808023338
0.11762499875913202
0.11861709337780646
0.11973860263600476
0.12083507923660594
0.12206065948353302
0.12329725792781993
0.12441168488196062
0.12582958765935293
0.12695180577427892
0.128053067318203
0.12841934719233744
0.1296082253366337
0.13050310444262514
0.13105580909696699
0.13142301431638906
0.13181014322820273
0.13228491303855655
0.13219995021989844
0.13244506474197984
0.13210925880100985
0.1317323707694396
0.13131830173450718
0.13086206189522975
0.1302047762740857
0.12921853623714238
0.12831735222277746
0.126838860296626
0.12583186577918687
0.1245984582570264
0.12334070507193882
0.12170348395121391
0.12013076706499938
0.11911070192386064
0.11791865261932984
0.11676553123650582
0.11621905625879872
0.11567705997651147
0.11540216753786556
0.11460921155361406
0.11456912611613891
0.11450059396704253
0.11479978724467733
0.11523811055405103
0.11599709369832202
0.11701611022586864
0.11800950429313024
0.11926497143789047
0.12038884942832528
0.1215815827044941
0.12310980028404486
0.12449035493113271
0.1254892027898845
0.12658927111266627
0.12735242980808492
0.12836814042740177
0.12871074531960364
0.13015761847120144
0.13088674577162587
0.13131966443229948
0.13195590144239822
0.13180207752781684
0.13191279140161252
0.13217991431164341
0.13174002923091124
0.1316542992075099
0.1310573976336319
0.13071121166720445
0.12997954959432503
0.1290016646811391
0.12795860561359965
0.12746595804930608
0.12515918541002025
0.12375576929879593
0.12237045393721367
0.12105033303023983
0.11943497761533611
0.11774630793892525
0.11645542463351777
0.1153452612282731
0.11496678870872155
0.11444488875069468
0.11429096608567946
0.11408736706693236
0.11381390211206201
0.11391798588409167
0.11423041078666954
0.11479789226174454
0.11563296670749613
0.11672098301922075
0.11778411402345781
0.11884066518247137
0.1205818795482346
0.12128316256331384
0.12313484930372029
0.12436959388233206
0.12570792066947956
0.1268571905279188
0.12787926466160127
0.12896244707163776
0.12988748983948117
0.13000062450536481
0.13103091729878852
0.13158315223490327
0.1318595263634922
0.13203008743708913
0.13202825045047606
0.13218442251162948
0.13185309156129288
0.13184034455840477
0.1317921903872943
0.13128787760139518
0.13062194540733227
0.12979691426271095
0.12853258756093436
0.1270123454837185
0.12629962206699427
0.12494693062575961
0.12308246152556727
0.12162343147258978
0.12016106116229729
0.1188836462947634
0.11795292119898311
0.11672818184249349
0.11611368979017637
0.11518110083840252
0.11490560186909994
0.11423630906834972
0.11394555100287425
0.11374225966146997
0.11388146601970912
0.11414365607762789
0.11471073085543883
0.11545963792207538
0.11651299984168176
0.11777644100179313
0.11909691310827163
0.12050238759608936
0.12206437846126934
0.12346978197949217
0.12469943918683536
0.12577354447918204
0.12699181121554723
0.1280092617869859
0.1287386082213162
0.12942145672568584
0.12957858068893846
0.13059509647517514
0.1309810989163446
0.13124913682720163
0.1314471884853686
0.13156175676482554
0.13162812986810857
0.131790197955379
0.13149799693014952
0.1312471207631537
0.13039272432654847
0.12936494321398018
0.1281256630794603
0.12709414260908142
0.12577135019608618
0.12519444918346967
0.1230419855233183
0.12174733009786752
0.1200674799609813
0.11906280012593833
0.11766922144195445
0.11702301243523969
0.11656808548747405
0.11581591708360643
0.1152217478099336
0.11483190941103558
0.11486660226379021
0.11497912327035721
0.11506614383406447
0.11558862966200603
0.11605426832588737
0.11691434214794424
0.11765748869065151
0.11850901113080477
0.11966294952837511
0.12060071034381768
0.12167083274325101
0.12278798555381659
0.12364100338031876
0.12466068009274996
0.12581985678340593
0.12646525823488614
0.12719731445099614
0.12782227846221275
0.12825564004748957
0.12828663537424578
0.12877628598381716
0.12898163173167426
0.12909724656888172
0.12895646232394264
0.1289655780704142
0.1290389022800375
0.12895729802523223
0.12850519294139662
0.1277344528431874
0.12705387301471593
0.1258783036542953
0.12470410704246321
0.12388748405383683
0.12282176189658572
0.12239176904492649
0.12068628761623684
0.1194909909916308
0.11871788762846636
0.11797649908613213
0.11788870459637972
0.11789552271652025
0.1175638194549981
0.1172639243814729
0.11743782380381536
0.11760273088296472
0.1176732680322643
0.11787162437623208
0.11838219033236422
0.1187198495035518
0.11899668276419892
0.12019099401664218
0.12091513309212518
0.12178959193460985
0.122313291101888
0.1232371176647586
0.12369591820462746
0.12453318767145292
0.1251316172198632
0.12546952367234349
0.12567757845410624
0.12631209719294464
0.12630005376817832
0.12647688477487032
0.12689506608658932
0.12679700245455178
0.12627685671505545
0.1262846980022326
0.1260966180264804
0.1259618435016654
0.1257301127389185
0.12526577493875946
0.12472668595455706
0.12383842628258757
0.12323709132947026
0.12239022568714442
0.12164523663163049
0.12092171879986054
0.12007859761969858
0.11903008218376292
0.11864251507862253
0.11758548788995168
0.1168776339902846
0.11659470926165383
0.11652695893780858
0.11666886321371638
0.11698163123391801
0.1174377711260291
0.11801619807571066
0.11888301987835599
0.11959980737391997
0.12034138212820017
0.12110836580118414
0.12186999137383045
0.12309679963197953
0.12344466556160927
0.12497539685378681
0.12540659370071555
0.12614798629944823
0.1264109530178621
0.1269421400738421
0.12737041311217528
0.12740668588598958
0.12757848376822278
0.12749579625832505
0.1275840305449197
0.12758010844325934
0.12728255275147587
0.1267006034347156
0.1263897520768301
0.12617039493768253
0.1253992239075209
0.12498305661388324
0.12429166870558812
0.12362087051414147
0.12326787712674542
0.12251902851893103
0.12167268047974777
0.12101759826135296
0.12035546413303998
0.11919595550090642
0.11755309812273948
0.11680757286472526
0.11605218003638162
0.11795037152710956
0.11770981074765223
0.11655412269893191
0.11603657364754519
0.11549158029552778
0.11540029111721585
0.11562580908349551
0.11613544877653123
0.11694968828527183
0.11760908497891878
0.1182641261564342
0.11884468204583308
0.11962134306837478
0.12080965929434509
0.12122255545445132
0.12227751737474098
0.12241816537738152
0.12362894133125597
0.12478272475017133
0.12568186732761896
0.12614683246497602
0.12680042671420963
0.12736142237586698
0.12791883640388468
0.12790635855524982
0.12821726390687704
0.12820194374412971
0.12829194926058296
0.1280838533812385
0.127592767192235
0.12754211945063443
0.12755297330495066
0.12684814226060004
0.12640952131334782
0.1257882140710687
0.12496130386427425
0.12426670758232511
0.12311668500543965
0.12183868633648025
0.12092788598843558
0.11982900339040457
0.11882068884243872
0.11809939340134097
0.11714047013375632
0.11638342858551133
0.11718477364615615
0.116991802738405
0.11634919839744828
0.1159902394110078
0.1163747687897597
0.1165746133347418
0.11722196296645394
0.11747913787209438
0.11858430929951884
0.1193904203479117
0.12017769476506703
0.12119462666688921
0.12190544631613627
0.12253711641898987
0.12356014330805615
0.12386344975505002
0.1243179448725748
0.12520506757647373
0.12594762302510532
0.12616256747758453
0.12650022575969477
0.1271001162029146
0.12712875079960945
0.1276435781574625
0.1276565071309625
0.1274258996796618
0.12761327001704947
0.12745659520357278
0.1274550402785416
0.12697495565222042
0.1265957800114574
0.12640540089145547
0.12526971960835637
0.12468250650548038
0.12420790643167733
0.12338818927129114
0.12278321852170607
0.12180274322125688
0.12124199007915396
0.12017015464519021
0.1194207758651349
0.11823308375219002
0.11714844461734297
0.11615220213414222
0.11528293455779576
0.11474378276334724
0.11472232228294318
0.11477120071836784
0.11521251760138666
0.11602638527829677
0.11723492109788282
0.11844331395301566
0.11994378968730365
0.12071286237073614
0.12176542067502064
0.12247069521101811
0.12354168681563142
0.12382528769654738
0.12501581178049911
0.12572541402011045
0.1263564575147576
0.12697833302648245
0.12779203005520273
0.12810265693627837
0.1282652809751258
0.12851284343436714
0.1282000162632219
0.12820671797602196
0.1277029265889822
0.1273351812170625
0.12691819275151658
0.12633168420634255
0.1259411967812701
0.12519872768174387
0.12439811808265919
0.1238587766619352
0.12346400865085563
0.1221614172095669
0.12148005838252209
0.12084400366021614
0.1196619828208822
0.11865805332930532
0.11738639713523033
0.11636059908102854
0.11544723531899148
0.11484202401039188
0.11437617030358493
0.11408066923596161
0.11385667833113974
0.11359399878914953
0.11394861542572265
0.11439555702708526
0.11593211143063341
0.11688772503239302
0.11807340323830369
0.11911998093059517
0.1200199064900301
0.12145267744460488
0.12286248008067575
0.12410483151261059
0.12546106984955444
0.12676712222368516
0.1279317322528662
0.12865946408745313
0.1293366373581924
0.1297868658974117
0.12973606618516365
0.1298867507982888
0.12946422300331337
0.12902179118702245
0.12888995206058984
0.12846606434166097
0.12849906183660292
0.12814858085031666
0.12763937283461002
0.1274064336520553
0.12704426016414047
0.1262464856268746
0.12542590442230567
0.12434388288639715
0.12319117444208498
0.12264979584732283
0.12114092044215861
0.12006019671712823
0.11893428513130203
0.11785646372794936
0.11663303180382434
0.11580716327758829
0.11528541600146698
0.11469090133061798
0.11410190628229366
0.11360833226421589
0.1132823787313268
0.11325114458035643
0.11348170214190857
0.11422874968500775
0.11454610266583988
0.1161007520680382
0.1174387575149268
0.11867744845196868
0.12060587607080003
0.1222930530572504
0.12368110218396483
0.12536111153490084
0.12650549833836486
0.12740521661192336
0.12804572535161446
0.12815116307745605
0.1284743247425466
0.128476062325959
0.12863711086994437
0.12896242802540372
0.12894762268563237
0.129070344687083
0.12905644270928343
0.12933164225660743
0.129237940199695
0.12905899966394485
0.12839753780340302
0.12790983755768406
0.12727080215512496
0.1261798140246978
0.12539332816270357
0.12452891708516026
0.12363112243314385
0.12290347919667313
0.12223282259020442
0.12084894904776548
0.11971871686958444
0.11900217018860927
0.11808505525730462
0.11729450607349245
0.11628834277597624
0.11507639391737981
0.11366907027503949
0.11288698976111718
0.11249355278181492
0.1126147543300215
0.11305587039398368
0.11367304622834004
0.11458359720599393
0.11504210041350196
0.1168963953036363
0.11847792541328908
0.12013210364867578
0.12142812695347509
0.12260542865999548
0.12386375393941411
0.1250206065676475
0.12568639538813312
0.12693455941789955
0.12767441444674918
0.12849137192782087
0.12926227509913066
0.12940231869901497
0.13025173170335425
0.13013505530206
0.1304776856507883
0.13026957524926483
0.13005583009368554
0.12982283582638757
0.1294633438824636
0.12878185104380135
0.12830393322408926
0.1276847569484717
0.12699375857027437
0.12620250067579036
0.12553279631472952
0.12470692342135119
0.12374859841007343
0.12291293532812828
0.12224918313523836
0.12040758934732029
0.11906566885287609
0.11761769687060505
0.11644773214867717
0.11497209560531216
0.11381200512751714
0.1130113282928957
0.11253759531453751
0.1120706611397102
0.1121440528667936
0.11233398504009443
0.11282730325565635
0.11372247603484135
0.11442850618946374
0.11499918157469076
0.11663379649536891
0.11787278426442616
0.11948553274060258
0.12117020127505915
0.1224559531811031
0.12403483105418413
0.1252018104421758
0.1262840284669945
0.12711916697246428
0.12766641465847095
0.12792308584157322
0.12822853971054196
0.1287136086813595
0.12867746316567477
0.12854945666726328
0.1288370036942262
0.12855439676871264
0.12853740794314156
0.12830969051480204
0.12811349359895044
0.12772655882766476
0.12725635118245632
0.1264399312115409
0.12556276432364868
0.1249856145929693
0.12380845392918367
0.12271820755950377
0.12161429353602254
0.12040895587341778
0.11976087788459153
0.11845927601405393
0.11760224907470708
0.11688444007035095
0.11587907974217063
0.11508940136274656
0.11412813101645126
0.11375944700950925
0.11321605648627114
0.11313236123331658
0.11355111354074174
0.11429373080577544
0.11509577193499321
0.11635215466797792
0.117793210915788
0.11876394652972029
0.12089267907871303
0.12266737073632247
0.12379776771110039
0.1250121130321272
0.12590020443842098
0.12642955457777147
0.12684986951122776
0.12705115185862992
0.12741882964002463
0.12752716570972808
0.12774209544415852
0.12813695495465846
0.12823794256308993
0.12864452540536195
0.12851111217007527
0.12857116335219937
0.12786162932636802
0.1275141733056963
0.12703147017184932
0.12627465426859452
0.12560527314821193
0.12483465269146464
0.12394864025245936
0.12307648191966933
0.12229166320168919
0.12172322826560301
0.12077204065028638
0.11984077223011522
0.11895018449481273
0.11844904892724589
0.11681312448713502
0.11574614218284648
0.1147321401526415
0.11400441118923269
0.11327111104555153
0.11316957506978996
0.11302027062113576
0.11331519604475575
0.11394191880815711
0.11523683567277479
0.11656635735914754
0.11776637425344808
0.11896163033442739
0.12031424629827812
0.12136331950466639
0.12311511703272
0.12433068853399211
0.12551994617596401
0.1262548351766634
0.12732277657721938
0.12796540093801284
0.12867958702430637
0.12938070955648964
0.1295703243410398
0.13011582147825787
0.1300840888600646
0.13012664939718868
0.1301588148607304
0.13045981359150327
0.12984671687069363
0.12903577707219158
0.12839368738223458
0.12781346203886954
0.12755775347285986
0.1266415296395651
0.12561024276064814
0.12493231204396542
0.12355592637713193
0.122530114060161
0.121668898609728
0.12037178258359892
0.11922799426762859
0.11806969709020029
0.11698321596298025
0.11641608644391392
0.11516705699323615
0.11389001667263532
0.11304776131157467
0.1124186137235859
0.11203961243334262
0.11215019325975235
0.11213783620932201
0.1125256929216385
0.1136888890590473
0.11439768873316719
0.11572358175750115
0.11719121000083882
0.1185465580313638
0.12046475312484244
0.12131482384181794
0.12331231521242464
0.12460786251280981
0.12533817437215197
0.12638177137761425
0.12688338177140623
0.12736050000065738
0.12800207934000055
0.1282374474867841
0.12872683115830635
0.12893159091417256
0.12910924473873725
0.12918677427850786
0.12926864349958975
0.1288614012437655
0.12890515492251747
0.12869943564176967
0.1279369903341932
0.12758129164069124
0.1265939186387998
0.12580099101983946
0.12506537468517828
0.12367289964219612
0.12280581544649245
0.12147242004147898
0.12023677394040569
0.11928129592472551
0.11839967492485198
0.11761318843604247
0.1166494683744637
0.11607935507469039
0.11501821003361981
0.11390366962651259
0.11341506134367123
0.11303272115659804
0.1127093734328756
0.11286187145724329
0.11345714008452232
0.11447252452614515
0.11565581188513906
0.11700387420947349
0.11865085922803512
0.11997365650219628
0.12163649159330202
0.12283828599399689
0.12345247371612338
0.12434063012021365
0.12503004772116183
0.12560135193399105
0.12580820433848067
0.1264824460763009
0.12686840529445825
0.12693597002617785
0.12743550957888744
0.12771590743898192
0.12769149704966212
0.12789824597808494
0.1277031712150821
0.1271086191214653
0.1267625688463554
0.12666631818383806
0.12580433935679158
0.12537743856852734
0.12457900224783418
0.12410862496329537
0.12303359374752298
0.12231681755542348
0.12146923557813774
0.12048207754311675
0.11988597105523548
0.11916714979304549
0.11816538367003608
0.11729129420826634
0.11626510109536059
0.11542767753350199
0.1150045931391963
0.11393573596417089
0.11367276438483508
0.11332290269335045
0.11322341010720857
0.11383176085320947
0.1148262004336954
0.1159190380836876
0.11718476115498742
0.11846626341488176
0.11975717897957748
0.12116070527637643
0.12237420659905941
0.12329614099385519
0.12430038684015614
0.12456422768453117
0.12538982825610526
0.125774463827862
0.12641544440986818
0.12686182269810045
0.12726419051584448
0.12744195517452403
0.12795498827308707
0.1276242417002051
0.1277807899386457
0.12741719598824572
0.12726814596043512
0.1265889699455416
0.12589636584896924
0.1255374632350567
0.12530260688080475
0.12419618940779238
0.12376621021717281
0.12294980865375654
0.12236962354030091
0.12110105425648511
0.12010197279492198
0.11943423739360268
0.11868413160133098
0.11798948739367149
0.11707865171289492
0.11605446517694419
0.11542276646540639
0.11464035792159295
0.11397140457560981
0.11377082315165812
0.11346556981577463
0.11349508218516095
0.11356286232774505
0.11420836095351165
0.11501797484950674
0.1161673619080369
0.11711797532646057
0.11843111808524184
0.11982711086115955
0.12096439836557332
0.12275790256688006
0.12380305261432624
0.12487608186197392
0.12575615388500785
0.1259187642227466
0.1268484245536309
0.12711981292760566
0.12752203099133438
0.12802656817863345
0.12784682005008785
0.12772171621060446
0.12776425354912951
0.1275410669948896
0.127612995914272
0.12718469957797596
0.1267102257100312
0.12627665236750468
0.12561939666718638
0.1249497317804375
0.12453509632436054
0.12332818381206276
0.12230586515628032
0.1216104334007226
0.1206374270762943
0.11982997144449817
0.11921887852219602
0.11820358533122732
0.11752454463770735
0.11693053549251592
0.11615691311305776
0.11542804538333912
0.11496504416467315
0.11424385013270519
0.11375744461884556
0.11379139903070076
0.1135168032490551
0.11356686569344802
0.11417489519844995
0.11528561688302058
0.11637798716933681
0.11786931478228081
0.11955576898572766
0.12104305472032137
0.12280564129899277
0.12429209649314352
0.12522477470434712
0.12612914789918825
0.12671982550940908
0.12691088585864507
0.12724946218302255
0.12735637488910737
0.12776789591328738
0.12829669208391695
0.12835164986240097
0.1283310990040489
0.12817615676781247
0.1279181929424778
0.1276164617713607
0.12716708460544265
0.12658269212449338
0.12567647194284437
0.12491769299910456
0.12415947033882975
0.12316078320011437
0.12261843312322868
0.12139756405906504
0.12084266646043142
0.12014925067589406
0.1190630186477379
0.11853707356047972
0.1177132327751099
0.11734862843844185
0.1166789749174132
0.11590427764347934
0.11522864456304158
0.11446526358643246
0.11423795956256957
0.11374577018218124
0.11364347777517605
0.113679369060224
0.11418713426413447
0.11506955891205513
0.11613144631353838
0.11749523011296732
0.1183684381036206
0.12022333586685821
0.12155985483508128
0.12271382302443198
0.123776003808728
0.1250021104126313
0.12561176586208708
0.12621938208764932
0.12669794667926718
0.1272572859966318
0.1272207731780383
0.12831554025943878
0.12853811366942886
0.12874657558019115
0.12885042203611063
0.1284222719657524
0.12848140589731571
0.12801780550398917
0.12745989309223035
0.1275257044517758
0.12658907677391162
0.12592384376516372
0.12521702940233798
0.12467063595929923
0.12389709530874649
0.12383869621052312
0.12239585368767719
0.12121196552759392
0.12028421475467126
0.1193440982837189
0.11848000992450901
0.11751784558044258
0.11644517622339637
0.11545876891631546
0.11449413375025565
0.11371379899764111
0.11298818631920096
0.11263742277597406
0.11235984978768583
0.11227744762530051
0.11238590010492461
0.11342130364517491
0.11455450676200962
0.11584755459668412
0.11744344738385357
0.11895281896301102
0.12083786883997964
0.12225450238549773
0.12375067409809423
0.12481279196494657
0.12574175809874347
0.1265540301947199
0.12709498495542135
0.12722541528354106
0.1276904432792292
0.1279791686879579
0.12841858716475585
0.12839631474899565
0.12835077220936833
0.12837559751011007
0.12802359521552045
0.12780868092328362
0.12748781173537477
0.12682918689509065
0.12631692780698658
0.12584562237593422
0.1253666584052313
0.1242643299921864
0.12360561996536769
0.12261526688291646
0.12219985304268899
0.12063994557759716
0.11947960285921219
0.11872342360595775
0.11797157745360362
0.11706403692105967
0.11623388920347957
0.11542455681486948
0.11453828084416963
0.11386127408561132
0.11343716495249755
0.11352319253467956
0.11346362801913787
0.11375475970664059
0.11402151711922069
0.11558295072314598
0.11694386075872323
0.11703621719425071
0.11956233565822552
0.1205255466146493
0.12180669354872169
