t	x	y
0.00000000000	0.10606078440	0.06365246062
0.01665364583	0.11626344310	0.03853776784
0.02498046875	0.11967894870	0.02086383756
0.03330729167	0.12116639060	0.00256032162
0.04163411458	0.11929496400	-0.01521290620
0.04996093750	0.11523931510	-0.03348061009
0.05828776042	0.10828153920	-0.05091896172
0.06661458333	0.09891966568	-0.06700521589
0.07494140625	0.08668103516	-0.08154459583
0.08326822917	0.07228218169	-0.09447794386
0.09159505208	0.05694498650	-0.10474856390
0.09992187500	0.04047518402	-0.11268877850
0.10824869790	0.02269195661	-0.11795578980
0.11657552080	0.00488189804	-0.12062157990
0.12490234370	-0.01338065263	-0.12008022160
0.13322916670	-0.03154048178	-0.11681854120
0.14155598960	-0.04859784663	-0.11129398960
0.14988281250	-0.06445375187	-0.10345928060
0.15820963540	-0.07902182495	-0.09337230120
0.16653645830	-0.09195351544	-0.08132170911
0.17486328130	-0.10339521050	-0.06742631657
0.18319010420	-0.11247201430	-0.05225598486
0.19151692710	-0.11924251910	-0.03598415611
0.19984375000	-0.12379622500	-0.01889304356
0.20817057290	-0.12580291910	-0.00145237115
0.21649739580	-0.12531612580	0.01576168742
0.22482421870	-0.12253261690	0.03306259371
0.23315104170	-0.11729574650	0.04985368340
0.24147786460	-0.10961351540	0.06579593961
0.24980468750	-0.09996897119	0.08083225888
0.25813151040	-0.08820989661	0.09389257155
0.26645833330	-0.07499825254	0.10487579760
0.27853222660	-0.05290215543	0.11753750850
0.28685904950	-0.03636072696	0.12315011270
0.29518587240	-0.01889479076	0.12696697850
0.30351269530	-0.00149042214	0.12800563470
0.31183951820	0.01610873263	0.12695861150
0.32016634110	0.03336474851	0.12300835450
0.32849316410	0.04982690431	0.11655605460
0.33681998700	0.06517458635	0.10789593260
0.34514680990	0.07899144103	0.09688294019
0.35347363280	0.09110620231	0.08415787901
0.36180045570	0.10108694010	0.06925546296
0.37012727860	0.10916142770	0.05365339644
0.37845410160	0.11441345910	0.03636854692
0.38678092450	0.11785068800	0.01874277968
0.39510774740	0.11878408880	0.00092406625
0.40343457030	0.11689600300	-0.01733910965
0.41176139320	0.11243594200	-0.03521740198
0.42008821610	0.10541011920	-0.05228312125
0.42841503910	0.09575519612	-0.06834534476
0.43674186200	0.08393157865	-0.08262755485
0.44506868490	0.06975756489	-0.09491037085
0.45339550780	0.05469895100	-0.10487159070
0.46172233070	0.03822604386	-0.11217325380
0.47004915360	0.02040254848	-0.11727325900
0.47837597660	0.00223921361	-0.11958105140
0.48670279950	-0.01605905741	-0.11934133360
0.49502962240	-0.03382072616	-0.11616574110
0.50335644530	-0.05098406308	-0.11078966050
0.51168326820	-0.06702652123	-0.10279556160
0.52001009110	-0.08218098503	-0.09268528429
0.52833691410	-0.09523204304	-0.08065372701
0.53666373700	-0.10638582780	-0.06688523278
0.54499055990	-0.11529304290	-0.05152447832
0.55331738280	-0.12226675050	-0.03517033383
0.56164420570	-0.12660117120	-0.01777079168
0.56997102860	-0.12818238720	-0.00013531473
0.57829785160	-0.12759736400	0.01792630862
0.58662467450	-0.12455484070	0.03554314343
0.59495149740	-0.11893310590	0.05224315446
0.60327832030	-0.11126256680	0.06783659373
0.61160514320	-0.10156653470	0.08234014027
0.61993196610	-0.08950018803	0.09504470791
0.62825878910	-0.07616167347	0.10599121900
0.63658561200	-0.06101599692	0.11482352500
0.64491243490	-0.04496807783	0.12165627680
0.65323925780	-0.02781139743	0.12623667780
0.66156608070	-0.01024357194	0.12824879040
0.66989290360	0.00725774304	0.12775106510
0.67821972660	0.02512199002	0.12425562450
0.68654654950	0.04199981189	0.11844879790
0.69487337240	0.05834551130	0.11016585410
0.70320019530	0.07255178302	0.10008106660
0.71152701820	0.08561218250	0.08777199681
0.71985384110	0.09676754955	0.07342200381
0.72818066410	0.10572450500	0.05838328428
0.73650748700	0.11260493050	0.04143122044
0.74483430990	0.11640962120	0.02398236027
0.75316113280	0.11815022530	0.00582917523
0.76148795570	0.11672843370	-0.01195538614
0.76981477860	0.11278168030	-0.02985795081
0.77814160160	0.10653303450	-0.04725730930
0.78605208330	0.09730707958	-0.06355572117
0.79437890620	0.08620570274	-0.07925422952
0.80270572920	0.07276441590	-0.09194798630
0.81103255210	0.05756020232	-0.10239898140
0.81935937500	0.04134154628	-0.11080702880
0.82768619790	0.02413760897	-0.11644558140
0.83601302080	0.00606948070	-0.11979218750
0.84433984380	-0.01198097567	-0.12041134980
0.85266666670	-0.03007907026	-0.11804540080
0.86099348960	-0.04740080106	-0.11332134120
0.86932031250	-0.06353741977	-0.10576696050
0.87764713540	-0.07847333852	-0.09629215129
0.88597395830	-0.09206803612	-0.08503600119
0.89430078120	-0.10347665980	-0.07160072413
0.90262760420	-0.11295972470	-0.05681240761
0.91095442710	-0.12060574170	-0.04092282757
0.91928125000	-0.12530206110	-0.02419589074
0.92760807290	-0.12787148950	-0.00686514091
0.93593489580	-0.12809442600	0.01090282182
0.94426171870	-0.12593061700	0.02875579469
0.95258854170	-0.12103282040	0.04543012844
0.96091536460	-0.11413760390	0.06169203748
0.96924218750	-0.10517230250	0.07648253238
0.97756901040	-0.09384427281	0.09006269920
0.98589583330	-0.08098516316	0.10160598800
0.99422265620	-0.06670014081	0.11138350380
1.00254947900	-0.05093372301	0.11898814320
1.01087630200	-0.03410617474	0.12449912860
1.01920312500	-0.01651790983	0.12745972400
1.02752994800	0.00113717411	0.12809711640
1.03585677100	0.01860765517	0.12633157510
1.04418359400	0.03564360056	0.12168933330
1.05251041700	0.05156601210	0.11475661100
1.06083724000	0.06658184199	0.10564197470
1.06916406300	0.08021764908	0.09435008612
1.07749088500	0.09216517669	0.08134680244
1.08581770800	0.10135416700	0.06650112377
1.09414453100	0.10856061920	0.05072514287
1.10247135400	0.11325087540	0.03385003691
1.11079817700	0.11600596010	0.01604325708
1.11912500000	0.11593258350	-0.00216334911
1.12745182300	0.11344749760	-0.02015982613
1.13577864600	0.10837985600	-0.03795115017
1.14410546900	0.10068915780	-0.05490038774
1.15243229200	0.09057150347	-0.07058218962
1.16075911500	0.07815255942	-0.08423845087
1.16908593800	0.06374760964	-0.09622090059
1.17741276000	0.04777228684	-0.10591675710
1.18573958300	0.03075078949	-0.11271456820
1.19406640600	0.01311037965	-0.11692214890
1.20239322900	-0.00502437015	-0.11839817630
1.21072005200	-0.02271963417	-0.11729281110
1.21904687500	-0.04007394855	-0.11361164850
1.22737369800	-0.05707767491	-0.10742836390
1.23570052100	-0.07250843061	-0.09876672378
1.24402734400	-0.08697240212	-0.08781396983
1.25235416700	-0.09936512041	-0.07536483967
1.26068099000	-0.11014342490	-0.06099924133
1.26900781200	-0.11816480400	-0.04561492497
1.27733463500	-0.12408222960	-0.02917878987
1.28524511700	-0.12779555140	-0.01221355133
1.29357194000	-0.12866660540	0.00535609927
1.30189876300	-0.12756934750	0.02290552952
1.31022558600	-0.12406231440	0.04004274389
1.31855240900	-0.11806712490	0.05657126831
1.32687923200	-0.10942885130	0.07198767685
1.33520605500	-0.09917684664	0.08621963042
1.34353287800	-0.08699863100	0.09843695048
1.35185970100	-0.07353689995	0.10911846820
1.36018652300	-0.05826296380	0.11765139950
1.36851334600	-0.04192845765	0.12385277260
1.37684016900	-0.02473034434	0.12814627560
1.38516699200	-0.00725603616	0.12991684400
1.39349381500	0.00995616686	0.12926654830
1.40182063800	0.02745480437	0.12587160660
1.41014746100	0.04421298765	0.11971726380
1.41847428400	0.06016982188	0.11139429980
1.42680110700	0.07470553265	0.10056558310
1.43512793000	0.08782049626	0.08784101405
1.44345475300	0.09883664026	0.07334859068
1.45178157600	0.10765866350	0.05704225871
1.46010839800	0.11370385110	0.04045177295
1.46843522100	0.11749793330	0.02320104188
1.47676204400	0.11856817130	0.00518840630
1.48508886700	0.11736246180	-0.01275591282
1.49341569000	0.11309375950	-0.03063719461
1.50174251300	0.10656337090	-0.04754536966
1.51006933600	0.09749003504	-0.06351257884
1.51839615900	0.08605005292	-0.07829374445
1.52672298200	0.07252216633	-0.09096655306
1.53504980500	0.05706013792	-0.10111969370
1.54337662800	0.04038853649	-0.10914383700
1.55170345100	0.02244422497	-0.11459549920
1.56003027300	0.00391853969	-0.11705926300
1.56835709600	-0.01462574386	-0.11697397090
1.57668391900	-0.03266220680	-0.11446418520
1.58501074200	-0.04964064876	-0.10918078610
1.59333756500	-0.06557762441	-0.10165478060
1.60166438800	-0.08076796986	-0.09178129303
1.60999121100	-0.09376815529	-0.07947534531
1.61831803400	-0.10536639290	-0.06574825203
1.62664485700	-0.11461837150	-0.05028255486
1.63497168000	-0.12152849640	-0.03402714080
1.64329850300	-0.12591771670	-0.01729078860
1.65162532600	-0.12804077810	0.00062434310
1.65995214800	-0.12752257960	0.01845847968
1.66827897100	-0.12464959460	0.03621341569
1.67660579400	-0.11916098780	0.05339065381
1.68493261700	-0.11155922850	0.06917999266
1.69325944000	-0.10164569210	0.08374987725
1.70158626300	-0.08973388217	0.09688810980
1.70991308600	-0.07629503125	0.10795893020
1.71823990900	-0.06148067291	0.11684222370
1.72656673200	-0.04541305973	0.12393343950
1.73489355500	-0.02834931770	0.12839751920
1.74322037800	-0.01054075420	0.13053641300
1.75154720100	0.00736016248	0.13050985710
1.75987402300	0.02484052184	0.12756768250
1.76820084600	0.04170389414	0.12204600360
1.77652766900	0.05766440146	0.11440105810
1.78485449200	0.07190464713	0.10410220200
1.79318131500	0.08494675098	0.09196870360
1.80150813800	0.09659082982	0.07813174482
1.80983496100	0.10536670340	0.06268205711
1.81816178400	0.11256471370	0.04653980589
1.82648860700	0.11649712840	0.02950116165
1.83439908900	0.11826518920	0.01163798538
1.84272591100	0.11740956320	-0.00642984846
1.85105273400	0.11378325070	-0.02408700817
1.85937955700	0.10777837500	-0.04124450181
1.86770638000	0.09922192194	-0.05800708274
1.87603320300	0.08840921643	-0.07335416860
1.88436002600	0.07545428760	-0.08694003560
1.89268684900	0.06044522882	-0.09773608039
1.90101367200	0.04422827520	-0.10605625150
1.90934049500	0.02730692102	-0.11214743430
1.91766731800	0.00967060463	-0.11574259550
1.92599414100	-0.00847631564	-0.11668333780
1.93432096400	-0.02677640942	-0.11489902800
1.94264778600	-0.04398881138	-0.11055520940
1.95097460900	-0.06095815086	-0.10347679110
1.95930143200	-0.07617012814	-0.09426583282
1.96762825500	-0.09059250874	-0.08253019040
1.97595507800	-0.10264626120	-0.06915261917
1.98428190100	-0.11264433390	-0.05416931114
1.99260872400	-0.12030631700	-0.03765895151
2.00093554700	-0.12552149290	-0.02070688155
2.00926237000	-0.12837143150	-0.00329342517
2.01758919300	-0.12833294160	0.01425812100
2.02591601600	-0.12595546480	0.03206330770
2.03424283900	-0.12095344890	0.04901936214
2.04256966100	-0.11388574870	0.06512708543
2.05089648400	-0.10410184950	0.07979734214
2.05922330700	-0.09284104949	0.09334323780
2.06755013000	-0.07938076593	0.10492383330
2.07587695300	-0.06468313963	0.11442328990
2.08420377600	-0.04854322242	0.12208439770
2.09253059900	-0.03156767788	0.12751477840
2.10085742200	-0.01402077133	0.13054690270
2.10918424500	0.00347013958	0.13102758460
2.11751106800	0.02133780464	0.12908395640
2.12583789100	0.03838192048	0.12414619660
2.13416471400	0.05437359865	0.11676630850
2.14249153600	0.06879932091	0.10767306830
2.15081835900	0.08208982188	0.09619432416
2.15914518200	0.09408768866	0.08255084611
2.16747200500	0.10339775460	0.06772370468
2.17579882800	0.11087689480	0.05176169103
2.18412565100	0.11573573590	0.03453933788
2.19245247400	0.11805275580	0.01681609176
2.20077929700	0.11797015520	-0.00140466546
2.20910612000	0.11555915450	-0.01924571860
2.21743294300	0.11030285250	-0.03689414880
2.22575976600	0.10257948380	-0.05410964669
2.23408658900	0.09233194860	-0.06972197240
2.24241341100	0.07975268688	-0.08366443688
2.25074023400	0.07273786906	-0.08965713709
2.25906705700	0.04968600698	-0.10426597390
2.26739388000	0.03282112362	-0.11103019360
2.27572070300	0.01488786188	-0.11525180450
2.28404752600	-0.00305716138	-0.11677704750
2.29237434900	-0.02171967200	-0.11560231910
2.30070117200	-0.03934945115	-0.11190011410
2.30902799500	-0.05649548844	-0.10557268940
2.31735481800	-0.07221619148	-0.09688105110
2.32568164100	-0.08660783302	-0.08601097519
2.33400846400	-0.09942230683	-0.07292063300
2.34233528600	-0.10992990120	-0.05825533587
2.35066210900	-0.11853591370	-0.04221755907
2.35898893200	-0.12445670930	-0.02504572817
2.36731575500	-0.12777975950	-0.00836188446
2.37522623700	-0.12840426250	0.00196827466
2.38355306000	-0.12676267480	0.02700956039
2.39187988300	-0.12273520900	0.04435232509
2.40020670600	-0.11614769240	0.06070699011
2.40853352900	-0.10716481090	0.07607701359
2.41686035200	-0.09623607493	0.09006959387
2.42518717400	-0.08361996643	0.10250365570
2.43351399700	-0.06915253937	0.11267099510
2.44184082000	-0.05359503207	0.12111675240
2.45016764300	-0.03649200564	0.12696924740
2.45849446600	-0.01913744574	0.13033485980
2.46682128900	-0.00158338229	0.13130875550
2.47514811200	0.01601311349	0.12987863350
2.48347493500	0.03322000259	0.12589565200
2.49180175800	0.04982982579	0.11922423650
2.50012858100	0.05821878280	0.11434997250
2.50845540400	0.07888796440	0.09932162682
2.51678222700	0.09150783964	0.08637113945
2.52510904900	0.10184527630	0.07177963148
2.53343587200	0.10969122240	0.05639827352
2.54176269500	0.11516152940	0.03936445290
2.55008951800	0.11811557290	0.02191147266
2.55841634100	0.11904473620	0.00396359633
2.56674316400	0.11711036550	-0.01378299416
2.57506998700	0.11248510710	-0.03132554813
2.58339681000	0.10554728740	-0.04864811569
2.59172363300	0.09635862070	-0.06400155015
2.60005045600	0.08459529029	-0.07849393055
2.60837727900	0.07061124969	-0.09027359963
2.61670410200	0.05552257872	-0.10021640540
2.62503092400	0.04736633386	-0.10424402350
2.63335774700	0.02116611771	-0.11283167380
2.64168457000	0.00295696978	-0.11520016690
2.65001139300	-0.01538269689	-0.11497259840
2.65833821600	-0.03347832468	-0.11212480470
2.66666503900	-0.05068109780	-0.10657236710
2.67499186200	-0.06710524618	-0.09859522984
2.68331868500	-0.08214314467	-0.08801124275
2.69164550800	-0.09515235381	-0.07568428382
2.69997233100	-0.10680190740	-0.06123214435
2.70829915400	-0.11575336410	-0.04581492301
2.71662597700	-0.12214847250	-0.02876266126
2.72495279900	-0.12601044140	-0.01209182447
2.73327962200	-0.12722666220	0.00565842765
2.74160644500	-0.12626031390	0.02316705874
2.74993326800	-0.12431373380	0.03335493291
2.75826009100	-0.11685409550	0.05732474170
2.76658691400	-0.10869081960	0.07292219109
2.77491373700	-0.09852143148	0.08682385505
2.78324056000	-0.08618153128	0.09992549020
2.79156738300	-0.07210891629	0.11032720350
2.79989420600	-0.05674002530	0.11908633030
2.80822102900	-0.04062265924	0.12578286570
2.81654785200	-0.02338806199	0.12964734420
2.82487467400	-0.00598177767	0.13151833650
2.83320149700	0.01149442049	0.13055236410
2.84152832000	0.02901009580	0.12745130520
2.84985514300	0.04599418704	0.12156980740
2.85818196600	0.06126120683	0.11352750340
2.86650878900	0.07544693912	0.10334971760
2.87483561200	0.08217535998	0.09744116519
2.88316243500	0.09886568217	0.07674893212
2.89148925800	0.10717334250	0.06188186400
2.89981608100	0.11369718920	0.04524905706
2.90814290400	0.11764799230	0.02849794790
2.91646972700	0.11897543520	0.01046707681
2.92438020800	0.11752314750	-0.00724588400
2.93270703100	0.11382412150	-0.02461575291
2.94103385400	0.10764305240	-0.04144276243
2.94936067700	0.09937451925	-0.05781061693
2.95768750000	0.08850573869	-0.07255595620
2.96601432300	0.07620567562	-0.08517699180
2.97434114600	0.06159511729	-0.09603108273
2.98266796900	0.04535450536	-0.10438665220
2.99099479200	0.02774537355	-0.11048756380
2.99932161500	0.01875787672	-0.11267976220
3.00764843800	-0.00883095849	-0.11445772250
3.01597526000	-0.02661653565	-0.11252796550
3.02430208300	-0.04449327622	-0.10790799900
3.03262890600	-0.06129108081	-0.10058081790
3.04095572900	-0.07662997697	-0.09083474187
3.04928255200	-0.09103807763	-0.07906995698
3.05760937500	-0.10258891130	-0.06469250961
3.06593619800	-0.11256456710	-0.04991401954
3.07426302100	-0.11975225830	-0.03357368783
3.08258984400	-0.12457577110	-0.01683325797
3.09091666700	-0.12685541720	0.00067075752
3.09924349000	-0.12652465060	0.01856391987
3.10757031300	-0.12390809200	0.03575048939
3.11589713500	-0.11862675140	0.05290041464
3.12422395800	-0.11435425340	0.06183257314
3.13255078100	-0.10104924440	0.08341553509
3.14087760400	-0.08955885665	0.09640195614
3.14920442700	-0.07578167554	0.10790770290
3.15753125000	-0.06131652815	0.11692830010
3.16585807300	-0.04497271991	0.12413264430
3.17418489600	-0.02738244772	0.12931714160
3.18251171900	-0.00980640984	0.13148791610
3.19083854200	0.00768800313	0.13161599850
3.19916536500	0.02501823567	0.12939578560
3.20749218800	0.04209801436	0.12435539390
3.21581901000	0.05768431010	0.11719476520
3.22414583300	0.07240187932	0.10772746550
3.23247265600	0.08570527086	0.09578743452
3.24079947900	0.09687116050	0.08214690602
3.24912630200	0.10153972930	0.07510844099
3.25745312500	0.11388532210	0.05139911364
3.26577994800	0.11819058580	0.03435517084
3.27410677100	0.12046756950	0.01672793418
3.28243359400	0.12015458960	-0.00124708368
3.29076041700	0.11741953760	-0.01860036414
3.29908724000	0.11230804020	-0.03605267987
3.30741406200	0.10429768840	-0.05241622488
3.31574088500	0.09451027982	-0.06745514039
3.32406770800	0.08187965606	-0.08100869036
3.33239453100	0.06851409525	-0.09224487028
3.34072135400	0.05292132724	-0.10123866570
3.34904817700	0.03659304003	-0.10790986060
3.35737500000	0.01907491322	-0.11213139310
3.36570182300	0.00070604846	-0.11387927730
3.37402864600	-0.00897696289	-0.11379010660
3.38235546900	-0.03562987912	-0.10903698220
3.39068229200	-0.05251617287	-0.10282499490
3.39900911500	-0.06883309397	-0.09400683117
3.40733593800	-0.08340152812	-0.08315933599
3.41566276000	-0.09615014544	-0.07027961471
3.42398958300	-0.10685204420	-0.05570876113
3.43231640600	-0.11552661160	-0.03941211110
3.44064322900	-0.12136028310	-0.02272594878
3.44897005200	-0.12455839750	-0.00592922809
3.45688053400	-0.12518106890	0.01219362456
3.46520735700	-0.12342841670	0.02987216207
3.47353418000	-0.11913221670	0.04683893730
3.48186100300	-0.11215281900	0.06320897434
3.49018782600	-0.10300177410	0.07836164874
3.49851464800	-0.09637257639	0.08661948449
3.50684147100	-0.07867766743	0.10423484960
3.51516829400	-0.06411498730	0.11421609640
3.52349511700	-0.04803440981	0.12214348690
3.53182194000	-0.03151668310	0.12761293840
3.54014876300	-0.01454070642	0.13075574060
3.54847558600	0.00343493614	0.13158330360
3.55680240900	0.02108558474	0.13009248400
3.56512923200	0.03794408599	0.12590460490
3.57345605500	0.05443165025	0.11942781150
3.58178287800	0.06985540749	0.11010215530
3.59010970100	0.08317850325	0.09907888337
3.59843652300	0.09502349463	0.08594603544
3.60676334600	0.10503210700	0.07156240343
3.61509016900	0.11256348270	0.05610610388
3.62341699200	0.11537024050	0.04861437764
3.63174381500	0.12105191650	0.02204004794
3.64007063800	0.12165514750	0.00473682095
3.64839746100	0.11932751690	-0.01330952496
3.65672428400	0.11509277500	-0.03048940007
3.66505110700	0.10779919020	-0.04717393631
3.67337793000	0.09876426327	-0.06276946503
3.68170475300	0.08752038910	-0.07699545471
3.69003157600	0.07416765265	-0.08895215540
3.69835839800	0.05907096802	-0.09892760942
3.70668522100	0.04286196636	-0.10653271450
3.71501204400	0.02527391439	-0.11205162010
3.72333886700	0.00776758304	-0.11471644800
3.73166569000	-0.01092439400	-0.11454638830
3.73999251300	-0.02877411155	-0.11194990760
3.74831933600	-0.03808398257	-0.10962756710
3.75664615900	-0.06254068042	-0.09878070000
3.76497298200	-0.07743110100	-0.08858729730
3.77329980500	-0.09071280491	-0.07625990260
3.78162662800	-0.10226750900	-0.06213355046
3.78995345100	-0.11139022310	-0.04622498819
3.79828027300	-0.11810695840	-0.02923248053
3.80660709600	-0.12217535200	-0.01225041877
3.81493391900	-0.12353029360	0.00523108784
3.82326074200	-0.12260477250	0.02254672751
3.83158756500	-0.11916003650	0.04039210396
3.83991438800	-0.11299790450	0.05678851221
3.84824121100	-0.10511280790	0.07162719050
3.85656803400	-0.09496911928	0.08555349937
3.86489485700	-0.08240699810	0.09827815560
3.87322168000	-0.07436318076	0.10453505710
3.88154850300	-0.05324374069	0.11725372450
3.88987532600	-0.03712891675	0.12352208250
3.89820214800	-0.01987920858	0.12755750130
3.90652897100	-0.00256843178	0.12893088200
3.91485579400	0.01460584662	0.12813582470
3.92318261700	0.03199164689	0.12501029090
3.93150944000	0.04882975072	0.11935510110
3.93983626300	0.06426601939	0.11128101080
3.94816308600	0.07818637601	0.10100980670
3.95607356800	0.09105203185	0.08861271999
3.96440039100	0.10121087140	0.07484455118
3.97272721400	0.10961667620	0.05945837714
3.98105403600	0.11625512660	0.04281184701
3.98938085900	0.12007252280	0.02584133247
3.99770768200	0.12105915950	0.01801180255
4.00603450500	0.12032351770	-0.00935046025
4.01436132800	0.11643248310	-0.02686212589
4.02268815100	0.11033355580	-0.04382286284
4.03101497400	0.10160118900	-0.05996376181
4.03934179700	0.09098432886	-0.07496398184
4.04766862000	0.07846631876	-0.08799085803
4.05599544300	0.06442288534	-0.09834095530
4.06432226600	0.04806915990	-0.10695879500
4.07264908900	0.03124903063	-0.11320397760
4.08097591100	0.01299811407	-0.11688221140
4.08930273400	-0.00491581529	-0.11757054380
4.09762955700	-0.02314768096	-0.11557640200
4.10595638000	-0.04113999212	-0.11100380190
4.11428320300	-0.05761542021	-0.10380205210
4.12261002600	-0.06632795522	-0.09879682619
4.13093684900	-0.08708820532	-0.08283428962
4.13926367200	-0.09910399306	-0.06927386210
4.14759049500	-0.10908036040	-0.05416806881
4.15591731800	-0.11622276590	-0.03811574303
4.16424414100	-0.12141004010	-0.02114212225
4.17257096400	-0.12365488960	-0.00318566453
4.18089778600	-0.12371136470	0.01428331459
4.18922460900	-0.12101279510	0.03184061950
4.19755143200	-0.11568637460	0.04857225651
4.20587825500	-0.10810634840	0.06409267635
4.21420507800	-0.09872948076	0.07878601098
4.22253190100	-0.08707217840	0.09148846556
4.23085872400	-0.07381607569	0.10270145740
4.23918554700	-0.05937675013	0.11214615170
4.24751237000	-0.05051938860	0.11629819950
4.25583919300	-0.02659451237	0.12344462910
4.26416601600	-0.00974272601	0.12590831680
4.27249283900	0.00761326451	0.12586657730
4.28081966100	0.02445254199	0.12356560690
4.28914648400	0.04146246380	0.11869677900
4.29747330700	0.05741067678	0.11133520810
4.30580013000	0.07157140841	0.10214832200
4.31412695300	0.08473959006	0.09030591177
4.32245377600	0.09605195161	0.07721012415
4.33078059900	0.10549069490	0.06205707561
4.33910742200	0.11256651900	0.04611228031
4.34743424500	0.11744006800	0.02880785493
4.35576106800	0.11952743910	0.01149177569
4.36408789100	0.11889150720	-0.00574194918
4.37241471400	0.11794727050	-0.01282527839
4.38074153600	0.11052551180	-0.04013051462
4.38906835900	0.10248291380	-0.05619282611
4.39739518200	0.09215365369	-0.07142849809
4.40572200500	0.07993261279	-0.08478979639
4.41404882800	0.06583364098	-0.09632006727
4.42237565100	0.05058567875	-0.10547886590
4.43070247400	0.03355721050	-0.11254129780
4.43902929700	0.01659867621	-0.11684308690
4.44735612000	-0.00150191009	-0.11887353230
4.45568294300	-0.01925420972	-0.11803977860
4.46359342400	-0.03687415556	-0.11455280400
4.47192024700	-0.05397899856	-0.10841357840
4.48024707000	-0.07003059180	-0.09973971631
4.48857389300	-0.08471258203	-0.08931181627
4.49690071600	-0.09135621820	-0.08302184563
4.50522753900	-0.10792219590	-0.06302102388
4.51355436200	-0.11617030210	-0.04723637003
4.52188118500	-0.12239521810	-0.03054054737
4.53020800800	-0.12575561540	-0.01285512498
4.53853483100	-0.12683778540	0.00514617541
4.54686165400	-0.12532102030	0.02275662557
4.55518847700	-0.12096619530	0.03999553979
4.56351529900	-0.11442247250	0.05642488199
4.57184212200	-0.10561477680	0.07141916399
4.58016894500	-0.09488222918	0.08529388862
4.58849576800	-0.08235346603	0.09744019039
4.59682259100	-0.06848417701	0.10728823670
4.60514941400	-0.05310258941	0.11503546370
4.61347623700	-0.03654848856	0.12098998890
4.62180306000	-0.02736598342	0.12316684420
4.63012988300	-0.00196581231	0.12538381450
4.63845670600	0.01564514196	0.12399997570
4.64678352900	0.03240888344	0.11999201300
4.65511035200	0.04849421772	0.11371205070
4.66343717400	0.06392223724	0.10539884780
4.67176399700	0.07778400428	0.09466023995
4.68009082000	0.08978146468	0.08211899765
4.68841764300	0.09997674008	0.06819025247
4.69674446600	0.10817207600	0.05276589543
4.70507128900	0.11349833180	0.03641159824
4.71339811200	0.11591915460	0.01953152516
4.72172493500	0.11679558820	0.00167321713
4.73005175800	0.11499267130	-0.01564589526
4.73837858100	0.11357974630	-0.03181086880
4.74670540400	0.11106329560	-0.03899415234
4.75503222700	0.09762492640	-0.06367289269
4.76335904900	0.08620959894	-0.07766847156
4.77168587200	0.07264851763	-0.08978027626
4.78001269500	0.05754206712	-0.10003068380
4.78833951800	0.04165261489	-0.10786281750
4.79666634100	0.02478826295	-0.11345917540
4.80499316400	0.00682719779	-0.11675024180
4.81331998700	-0.01135947042	-0.11705921280
4.82164681000	-0.02922964524	-0.11459507570
4.82997363300	-0.04644101786	-0.10939511100
4.83830045600	-0.06264943836	-0.10190345230
4.84662727900	-0.07801651780	-0.09224097099
4.85495410200	-0.09099339767	-0.08009437890
4.86328092400	-0.10272989830	-0.06632012704
4.87160774700	-0.10753891970	-0.05849434130
4.87993457000	-0.11867382050	-0.03465024477
4.88826139300	-0.12350196470	-0.01783236135
4.89658821600	-0.12568170810	-0.00020006005
4.90491503900	-0.12493367160	0.01745282331
4.91324186200	-0.12189604950	0.03492422270
4.92156868500	-0.11633098120	0.05184626045
4.92989550800	-0.10872589550	0.06739368186
4.93822233100	-0.09847991658	0.08161949883
4.94654915400	-0.08681306900	0.09435654622
4.95487597700	-0.07305606544	0.10534965440
4.96320279900	-0.05817038886	0.11434609790
4.97152962200	-0.04201529148	0.12099664780
4.97985644500	-0.02530290536	0.12505869510
4.98818326800	-0.00778941154	0.12730403490
4.99651009100	0.00062580952	0.12755143810
5.00483691400	0.02677623303	0.12398985660
5.01316373700	0.04301217258	0.11886681660
5.02149056000	0.05870557279	0.11124895740
5.02940104200	0.07295038363	0.10145722740
5.03772786500	0.08589320039	0.08980296621
5.04605468800	0.09666626320	0.07624533878
5.05438151000	0.10554393600	0.06086988633
5.06270833300	0.11232417180	0.04479770127
5.07103515600	0.11656185680	0.02779071055
5.07936197900	0.11837347940	0.01029929472
5.08768880200	0.11787580930	-0.00726362882
5.09601562500	0.11449841070	-0.02473870834
5.10434244800	0.10881570360	-0.04128250355
5.11266927100	0.10127125190	-0.05896104403
5.12099609400	0.09694358299	-0.06549063769
5.12932291700	0.07789213688	-0.08642887816
5.13764974000	0.06300836669	-0.09738419464
5.14597656200	0.04755892411	-0.10621316090
5.15430338500	0.03053452817	-0.11250459130
5.16263020800	0.01279250443	-0.11652184530
5.17095703100	-0.00549493847	-0.11735055810
5.17928385400	-0.02367792535	-0.11619636080
5.18761067700	-0.04127036592	-0.11203048410
5.19593750000	-0.05802991415	-0.10523881120
5.20426432300	-0.07353717073	-0.09633494721
5.21259114600	-0.08747176367	-0.08490953069
5.22091796900	-0.09950856856	-0.07150796937
5.22924479200	-0.10988945390	-0.05649262727
5.23757161500	-0.11715464680	-0.04021122876
5.24589843800	-0.12018170300	-0.03180109560
5.25422526000	-0.12506557910	-0.00590845760
5.26255208300	-0.12540238870	0.01170660728
5.27087890600	-0.12280400200	0.02891661331
5.27920572900	-0.11788787700	0.04587761517
5.28753255200	-0.11082178090	0.06223320992
5.29585937500	-0.10135155930	0.07674360369
5.30418619800	-0.09020719277	0.09030805843
5.31251302100	-0.07698547742	0.10183034950
5.32083984400	-0.06235471235	0.11112717830
5.32916666700	-0.04648706201	0.11884485580
5.33749349000	-0.02995344581	0.12388694340
5.34582031300	-0.01278911233	0.12681177350
5.35414713500	0.00435232591	0.12690034130
5.36247395800	0.02129853055	0.12479128220
5.37080078100	0.02877282584	0.12308716370
5.37912760400	0.05410751709	0.11298176510
5.38745442700	0.06904926023	0.10381679580
5.39578125000	0.08318004369	0.09224253006
5.40410807300	0.09467152923	0.07913246366
5.41243489600	0.10436919930	0.06467448483
5.42076171900	0.11155222560	0.04890817130
5.42908854200	0.11699480010	0.03180938396
5.43741536500	0.11928711460	0.01454133274
5.44574218700	0.11938831580	-0.00278419803
5.45406901000	0.11650132050	-0.02016195465
5.46239583300	0.11108292290	-0.03720675095
5.47072265600	0.10313978390	-0.05341833990
5.47904947900	0.09277953069	-0.06842597230
5.48737630200	0.08051061309	-0.08175681539
5.49570312500	0.07463599706	-0.08712450386
5.50402994800	0.05060317201	-0.10301333650
5.51235677100	0.03383367362	-0.11013267790
5.52068359400	0.01626391510	-0.11488083890
5.52901041700	-0.00148953735	-0.11722545800
5.54108431000	-0.01938779555	-0.11684576160
5.54941113300	-0.04464972416	-0.11132346930
5.55773795600	-0.06107135176	-0.10412437340
5.56606477900	-0.07628020456	-0.09491126416
5.57439160200	-0.09000950179	-0.08305035083
5.58271842400	-0.10208922550	-0.06957254069
5.59104524700	-0.11121079560	-0.05445053549
5.59937207000	-0.11905100860	-0.03815508546
5.60769889300	-0.12394153010	-0.02110395335
5.61602571600	-0.12631612210	-0.00319243689
5.62435253900	-0.12687088170	0.00522268464
5.63267936200	-0.12371197060	0.03203359605
5.64100618500	-0.11810168070	0.04962140395
5.64933300800	-0.11040150310	0.06529540885
5.65765983100	-0.10061968410	0.07994516933
5.66598665400	-0.08854063313	0.09271353976
5.67431347700	-0.07507571501	0.10392593300
5.68264029900	-0.06038984914	0.11252156940
5.69096712200	-0.04479977415	0.11919407960
5.69929394500	-0.02784417776	0.12382620650
5.70762076800	-0.01105888941	0.12584671390
5.71594759100	0.00593425001	0.12580131050
5.72427441400	0.02334970282	0.12300208450
5.73260123700	0.03975079105	0.11787606370
5.74092806000	0.05565812749	0.11064885630
5.74925488300	0.06410462368	0.10551757510
5.75758170600	0.08303344408	0.08960390069
5.76590852900	0.09443846670	0.07641191394
5.77423535200	0.10378112580	0.06190921699
5.78256217400	0.11045186130	0.04603668611
5.79088899700	0.11503765250	0.02908731901
5.79921582000	0.11675380930	0.01217021965
5.80754264300	0.11624552090	-0.00517376934
5.81586946600	0.11328021510	-0.02226335576
5.82419628900	0.10790596580	-0.03930639927
5.83252311200	0.10007020080	-0.05538829520
5.84084993500	0.09001972610	-0.07007744292
5.84917675800	0.07776483626	-0.08316233187
5.85750358100	0.06326354041	-0.09434681243
5.86583040400	0.04785130643	-0.10341440630
5.87415722700	0.03843587107	-0.10774519610
5.88248404900	0.01411180771	-0.11507002800
5.89081087200	-0.00331315143	-0.11684076040
5.89913769500	-0.02124872120	-0.11614568610
5.90746451800	-0.03888992213	-0.11259282310
5.91579134100	-0.05606629656	-0.10611950030
5.92411816400	-0.07223663138	-0.09763514708
5.93244498700	-0.08660365937	-0.08714926962
5.94077181000	-0.09920745414	-0.07456467158
5.94909863300	-0.11005741080	-0.06023160612
5.95742545600	-0.11889497130	-0.04397600569
5.96575227900	-0.12504644800	-0.02701691988
5.97407910200	-0.12831669060	-0.00938534031
5.98240592400	-0.12905640910	0.00850934976
5.99073274700	-0.12706741750	0.02642918783
5.99905957000	-0.12498392370	0.03479174738
6.00738639300	-0.11515176110	0.06008860082
6.01571321600	-0.10546972830	0.07508076618
6.02404003900	-0.09363500525	0.08876434190
6.03236686200	-0.08082900819	0.10039567310
6.04069368500	-0.06640243495	0.10997384380
6.04902050800	-0.05082476521	0.11802055810
6.05734733100	-0.03462420227	0.12338242740
6.06525781200	-0.01762273278	0.12641696400
6.07358463500	-0.00057690783	0.12740512750
6.08191145800	0.01625093197	0.12600060020
6.09023828100	0.03262805074	0.12195730990
6.09856510400	0.04884649846	0.11552349150
6.10689192700	0.06329584868	0.10702820540
6.11521875000	0.07684219579	0.09628781027
6.12354557300	0.08434974576	0.08903983834
6.13187239600	0.09921004033	0.06951611686
6.14019921900	0.10710661010	0.05424596675
6.14852604200	0.11276685750	0.03780211673
6.15685286500	0.11601410720	0.02075747993
6.16517968800	0.11659470000	0.00298998991
6.17350651000	0.11494016000	-0.01414421032
6.18183333300	0.11088327730	-0.03155354113
6.19016015600	0.10423702210	-0.04783979590
6.19848697900	0.09516056270	-0.06295802033
6.20681380200	0.08368608494	-0.07683418736
6.21514062500	0.07004928830	-0.08902805479
6.22346744800	0.05523954017	-0.09886564090
6.23179427100	0.03882786943	-0.10663251510
6.24012109400	0.02165682997	-0.11215698360
6.24844791700	0.01131561369	-0.11398581720
6.25677474000	-0.01453805526	-0.11518693320
6.26510156300	-0.03296504729	-0.11271720110
6.27342838500	-0.05003656428	-0.10761356330
6.28175520800	-0.06679241314	-0.10042186460
6.29008203100	-0.08188904923	-0.09082826896
6.29840885400	-0.09531262689	-0.07881952926
6.30673567700	-0.10684888420	-0.06556465687
6.31506250000	-0.11619949320	-0.05001318716
6.32338932300	-0.12289920620	-0.03358384039
6.33171614600	-0.12699307600	-0.01638494519
6.34004296900	-0.12814081870	0.00162824476
6.34836979200	-0.12706914770	0.01894950714
6.35669661500	-0.12318118990	0.03650332924
6.36502343700	-0.11715066610	0.05313405429
6.37335026000	-0.11317703080	0.06182448982
6.38167708300	-0.09808010492	0.08371249856
6.39000390600	-0.08603894930	0.09621046243
6.39833072900	-0.07240534383	0.10683179110
6.40665755200	-0.05749479898	0.11584913370
6.41498437500	-0.04167449896	0.12233430150
6.42331119800	-0.02570132351	0.12647397900
6.43163802100	-0.00854069755	0.12811316950
6.43996484400	0.00861097259	0.12761966030
6.44829166700	0.02578630897	0.12463114920
6.45661849000	0.04197605865	0.11899309210
6.46494531300	0.05781292804	0.11127062550
6.47327213500	0.07241944579	0.10130584910
6.48159895800	0.08535913715	0.08943417769
6.48992578100	0.09666787566	0.07589853104
6.49825260400	0.10200779770	0.06734442907
6.50657942700	0.11222641630	0.04482967734
6.51490625000	0.11632982930	0.02828324564
6.52323307300	0.11852353680	0.01066244503
6.53155989600	0.11789906100	-0.00662508041
6.53988671900	0.11490848590	-0.02353807603
6.54821354200	0.10922987070	-0.03989754394
6.55654036500	0.10083534440	-0.05545096714
6.56486718700	0.08975862667	-0.06974271629
6.57319401000	0.07715550553	-0.08240449274
6.58152083300	0.06267217341	-0.09341840342
6.58984765600	0.04682674837	-0.10241747180
6.59817447900	0.02976112157	-0.10906835230
6.60650130200	0.01253155673	-0.11298018200
6.61482812500	-0.00559398777	-0.11444696610
6.62273860700	-0.01583642934	-0.11394688400
6.63106543000	-0.04105710015	-0.10944899160
6.63939225300	-0.05794429733	-0.10334155610
6.64771907600	-0.07376272383	-0.09481973898
6.65604589800	-0.08789485804	-0.08378116701
6.66437272100	-0.10027856400	-0.07054289999
6.67269954400	-0.11071983630	-0.05552789740
6.68102636700	-0.11856578100	-0.03965233464
6.68935319000	-0.12365014640	-0.02253244951
6.69768001300	-0.12683645640	-0.00498955935
6.70600683600	-0.12702537190	0.01285733246
6.71433365900	-0.12485561680	0.03034975475
6.72266048200	-0.12019869570	0.04755007167
6.73098730500	-0.11285719660	0.06331045143
6.73931412800	-0.10364902900	0.07888214246
6.74764095100	-0.09777619705	0.08587751690
6.75596777300	-0.07941104049	0.10352928620
6.76429459600	-0.06513336664	0.11281758190
6.77262141900	-0.04960385080	0.12022469350
6.78094824200	-0.03314193627	0.12552123630
6.78927506500	-0.01629833003	0.12843333620
6.79760188800	0.00094114878	0.12877841200
6.80592871100	0.01838229826	0.12698027560
6.81425553400	0.03551498129	0.12264617100
6.82258235700	0.05168107058	0.11600207610
6.83090918000	0.06680888825	0.10706840630
6.83923600300	0.08051426430	0.09631166178
6.84756282600	0.09277124682	0.08333854158
6.85588964800	0.10244786590	0.06941289780
6.86421647100	0.11024592800	0.05434542327
6.87254329400	0.11359661360	0.04517379944
6.88087011700	0.11868234570	0.02030981023
6.88919694000	0.11902478530	0.00311993328
6.89752376300	0.11673238980	-0.01440388103
6.90585058600	0.11228257160	-0.03086581341
6.91417740900	0.10487509460	-0.04711472488
6.92250423200	0.09553628695	-0.06185459067
6.93083105500	0.08428180521	-0.07528703496
6.93915787800	0.07098938696	-0.08732249022
6.94748470100	0.05603336625	-0.09705717364
6.95581152300	0.03986348807	-0.10481980210
6.96413834600	0.02252598779	-0.11005227880
6.97246516900	0.00507222724	-0.11271323290
6.98079199200	-0.01236280782	-0.11304849640
6.98911881500	-0.03032461908	-0.11033721270
6.99744563800	-0.04010974451	-0.10777764220
7.00577246100	-0.06377798241	-0.09765147948
7.01409928400	-0.07855486806	-0.08788131755
7.02242610700	-0.09234212934	-0.07582693244
7.03075293000	-0.10404361490	-0.06210590854
7.03907975300	-0.11317442260	-0.04676548448
7.04740657600	-0.12025926310	-0.03037019844
7.05573339800	-0.12446385490	-0.01357358322
7.06406022100	-0.12620663440	0.00442055192
7.07238704400	-0.12519450650	0.02203674554
7.08071386700	-0.12156465880	0.03899675836
7.08904069000	-0.11543245270	0.05513315477
7.09736751300	-0.10698082210	0.07069414473
7.10569433600	-0.09675423436	0.08488704962
7.11402115900	-0.08461309986	0.09694592750
7.12234798200	-0.07669341463	0.10316531860
7.13067480500	-0.05578335395	0.11613436590
7.13900162800	-0.03985031454	0.12222186940
7.14691210900	-0.02309726976	0.12644517140
7.15523893200	-0.00593972954	0.12817213540
7.16356575500	0.01118886832	0.12762396510
7.17189257800	0.02814162762	0.12458781090
7.18021940100	0.04487067306	0.11908317100
7.18854622400	0.06020270301	0.11118763760
7.19687304700	0.07406024786	0.10139569750
7.20519987000	0.08694357749	0.08978985571
7.21352669300	0.09763677930	0.07612878951
7.22185351600	0.10632661070	0.06127324313
7.23018033900	0.11282965450	0.04538177451
7.23850716100	0.11706043950	0.02819876165
7.24683398400	0.11824479500	0.01899569233
7.25516080700	0.11828261710	-0.00646703686
7.26348763000	0.11516253050	-0.02383024457
7.27181445300	0.10965041330	-0.04048159080
7.28014127600	0.10173032990	-0.05548784642
7.28846809900	0.09148640910	-0.06982698086
7.29679492200	0.07900393121	-0.08236266838
7.30512174500	0.06508482569	-0.09330153937
7.31344856800	0.04944853933	-0.10184653850
7.32177539100	0.03259292017	-0.10833574070
7.33010221400	0.01495722816	-0.11256170180
7.33842903600	-0.00317029892	-0.11424975320
7.34675585900	-0.02150976617	-0.11306797370
7.35508268200	-0.03922643057	-0.10954045390
7.36340950500	-0.05619549424	-0.10352442690
7.37173632800	-0.06572282274	-0.09892110779
7.38006315100	-0.08683766415	-0.08410861989
7.38838997400	-0.09941101682	-0.07186608086
7.39671679700	-0.10985528560	-0.05707629557
7.40504362000	-0.11795953010	-0.04139538215
7.41337044300	-0.12346659270	-0.02463456849
7.42169726600	-0.12622928920	-0.00711328467
7.43002408900	-0.12640607320	0.01060160616
7.43835091100	-0.12390103670	0.02811633499
7.44667773400	-0.11901221480	0.04551539163
7.45500455700	-0.11160402130	0.06170672916
7.46333138000	-0.10217316160	0.07667260265
7.47165820300	-0.09112551459	0.09008451485
7.47998502600	-0.07833545245	0.10153091550
7.48831184900	-0.06443100252	0.11134657530
7.49663867200	-0.05548361238	0.11591667140
7.50496549500	-0.03298751969	0.12426732310
7.51329231800	-0.01596957580	0.12686043080
7.52161914100	0.00108490206	0.12750955800
7.52994596400	0.01802260426	0.12574649160
7.53827278600	0.03473405822	0.12140359760
7.54659960900	0.05091229730	0.11482431200
7.55492643200	0.06610892689	0.10589287180
7.56325325500	0.07944602865	0.09513986521
7.57158007800	0.09111539249	0.08273938393
7.57990690100	0.10129801490	0.06851250299
7.58823372400	0.10937737860	0.05341472971
7.59656054700	0.11502957280	0.03679786929
7.60488737000	0.11815351690	0.02003889051
7.61321419300	0.11892085620	0.00264127848
7.62154101600	0.11827724250	-0.00637738962
7.62986783900	0.11257784240	-0.03116946347
7.63819466100	0.10550302800	-0.04760546726
7.64652148400	0.09629575080	-0.06237461312
7.65484830700	0.08496532566	-0.07601249375
7.66275878900	0.07152446730	-0.08783276823
7.67108561200	0.05686491214	-0.09784546228
7.67941243500	0.04024684462	-0.10561142490
7.68773925800	0.02291163800	-0.11097472910
7.69606608100	0.00503195575	-0.11383075280
7.70439290400	-0.01317073456	-0.11448170180
7.71271972700	-0.03133266165	-0.11227635540
7.72104654900	-0.04868165719	-0.10723346100
7.72937337200	-0.06514279911	-0.09954036978
7.73770019500	-0.08018305862	-0.08970058513
7.74602701800	-0.08831898160	-0.08323949069
7.75435384100	-0.10520609590	-0.06394536283
7.76268066400	-0.11465620940	-0.04808402809
7.77100748700	-0.12143963260	-0.03174385802
7.77933431000	-0.12544320430	-0.01429286187
7.78766113300	-0.12726668760	0.00377884409
7.79598795600	-0.12617499170	0.02133108780
7.80431477900	-0.12272149670	0.03870233022
7.81264160200	-0.11675961710	0.05573652142
7.82096842400	-0.10842966770	0.07093289866
7.82929524700	-0.09820533629	0.08535712579
7.83762207000	-0.08628183074	0.09735150671
7.84594889300	-0.07260232155	0.10799003560
7.85427571600	-0.05785588044	0.11659337110
7.86260253900	-0.04209000982	0.12348357800
7.87092936200	-0.03247445196	0.12572024440
7.87925618500	-0.00779179460	0.12880030940
7.88758300800	0.00942056378	0.12804761590
7.89590983100	0.02667303419	0.12499932130
7.90423665400	0.04316210204	0.12003338460
7.91256347700	0.05907612685	0.11201824970
7.92089029900	0.07305979284	0.10217729570
7.92921712200	0.08572208299	0.09088348079
7.93754394500	0.09638524478	0.07730427887
7.94587076800	0.10526054170	0.06272038913
7.95419759100	0.11210939510	0.04727371806
7.96252441400	0.11646202620	0.03042963187
7.97085123700	0.11851580070	0.01301228656
7.97917806000	0.11798473330	-0.00447840140
7.98750488300	0.11495399320	-0.02169452153
7.99583170600	0.11246797980	-0.03006091653
8.00415852900	0.10188055850	-0.05370105042
8.01248535200	0.09142954919	-0.06790856671
8.02081217400	0.07931741632	-0.08055149785
8.02913899700	0.06528620748	-0.09151860917
8.03746582000	0.04942927521	-0.10054661360
8.04579264300	0.03259995562	-0.10730754280
8.05411946600	0.01519756903	-0.11110323220
8.06244628900	-0.00291946382	-0.11248781400
8.07077311200	-0.02088571423	-0.11175397280
8.07909993500	-0.03825765725	-0.10781086610
8.08742675800	-0.05512427642	-0.10175097800
8.09575358100	-0.07089418171	-0.09331556516
8.10408040400	-0.08522702846	-0.08239927209
8.11240722700	-0.09812445078	-0.06988096239
8.12073404900	-0.10427889350	-0.06199353881
8.12906087200	-0.11681597960	-0.03949625290
8.13738769500	-0.12240544280	-0.02332438580
8.14571451800	-0.12518814780	-0.00613071002
8.15404134100	-0.12585503660	0.01152657360
8.16236816400	-0.12350455880	0.02908636322
8.17069498700	-0.11855038130	0.04654572004
8.17860546900	-0.11145069310	0.06295454966
8.18693229200	-0.10216823340	0.07750158077
8.19525911500	-0.09115306334	0.09089398277
8.20358593700	-0.07854658463	0.10224377330
8.21191276000	-0.06413694433	0.11205199440
8.22023958300	-0.04866626888	0.11966961570
8.22856640600	-0.03213666395	0.12521029120
8.23689322900	-0.01521306263	0.12796024170
8.24522005200	-0.00517037822	0.12880142140
8.25354687500	0.01933017517	0.12723949490
8.26187369800	0.03625707265	0.12269188310
8.27020052100	0.05247143012	0.11629159470
8.27852734400	0.06691138897	0.10746574460
8.28685416700	0.08052290291	0.09665377100
8.29518099000	0.09237376465	0.08431153865
8.30350781200	0.10192904880	0.07003895428
8.31183463500	0.10998491090	0.05463138001
8.32016145800	0.11523461200	0.03842568188
8.32848828100	0.11832396750	0.02136166011
8.33681510400	0.11922808880	0.00356235857
8.34514192700	0.11763384790	-0.01344473319
8.35346875000	0.11371257020	-0.03003853313
8.36179557300	0.10709204130	-0.04624276335
8.37012239600	0.10278381600	-0.05394352457
8.37844921900	0.08752032810	-0.07462828424
8.38677604200	0.07397779359	-0.08661023040
8.39510286500	0.05906340138	-0.09682195390
8.40342968700	0.04332169173	-0.10440127910
8.41175651000	0.02631724885	-0.10959381950
8.42008333300	0.00856604805	-0.11253632680
8.42841015600	-0.00961142855	-0.11304929490
8.43673697900	-0.02770378445	-0.11106961420
8.44506380200	-0.04506679898	-0.10651408570
8.45339062500	-0.06167000232	-0.09943197370
8.46171744800	-0.07692084507	-0.09033941548
8.47004427100	-0.09060838548	-0.07863713331
8.47837109400	-0.10245015200	-0.06556982875
8.48669791700	-0.11188087590	-0.05071404257
8.49502474000	-0.11628952120	-0.04143984225
8.50335156300	-0.12314187600	-0.01722413057
8.51167838500	-0.12502962900	0.00032358195
8.52000520800	-0.12432229480	0.01787922323
8.52833203100	-0.12063821950	0.03569487743
8.53665885400	-0.11501831300	0.05261745756
8.54498567700	-0.10655670570	0.06885681326
8.55331250000	-0.09618470233	0.08283262355
8.56163932300	-0.08448054877	0.09540883597
8.56996614600	-0.07135192029	0.10592571210
8.57829296900	-0.05654979688	0.11448685030
8.58661979200	-0.04048773062	0.12132067010
8.59494661500	-0.02399920589	0.12542782010
8.60327343800	-0.00678071359	0.12692762890
8.61160026000	0.01043778709	0.12633210780
8.61992708300	0.02041835734	0.12500978700
8.62825390600	0.04372133465	0.11796260720
8.63658072900	0.05920666525	0.11051729680
8.64490755200	0.07294081876	0.10099289460
8.65323437500	0.08586046562	0.08961546314
8.66156119800	0.09626342705	0.07661995695
8.66988802100	0.10555555140	0.06180153255
8.67821484400	0.11217446200	0.04660112946
8.68654166700	0.11679476000	0.02957896289
8.69486849000	0.11923096520	0.01251491084
8.70319531300	0.11906424570	-0.00495126102
8.71152213500	0.11617795670	-0.02158101654
8.71943261700	0.11096394090	-0.03800330929
8.72775944000	0.10319684810	-0.05355356454
8.73608626300	0.09327331031	-0.06799734057
8.74441308600	0.08745958202	-0.07467849728
8.75273990900	0.06701528399	-0.09214284368
8.76106673200	0.05141422214	-0.10138084200
8.76939355500	0.03477811468	-0.10785436020
8.77772037800	0.01708987348	-0.11192621150
8.78604720100	-0.00067722686	-0.11382974630
8.79437402300	-0.01875819330	-0.11328365500
8.80270084600	-0.03631131636	-0.11008502030
8.81102766900	-0.05338840886	-0.10431656650
8.81935449200	-0.06912013767	-0.09621154887
8.82768131500	-0.08377781998	-0.08557487246
8.83600813800	-0.09670661372	-0.07299141981
8.84433496100	-0.10726772530	-0.05889890958
8.85266178400	-0.11548958780	-0.04317514903
8.86098860700	-0.12147382210	-0.02635709986
8.86931543000	-0.12345328090	-0.01659922449
8.87764225300	-0.12511104770	0.00835672026
8.88596907600	-0.12301623730	0.02619582241
8.89429589800	-0.11867056160	0.04356790556
8.90262272100	-0.11179153790	0.05997144414
8.91094954400	-0.10287059780	0.07492539153
8.91927636700	-0.09197551628	0.08821539743
8.92760319000	-0.07987597132	0.09996153375
8.93593001300	-0.06575551796	0.10938079780
8.94425683600	-0.05096799381	0.11717591000
8.95258365900	-0.03447577595	0.12266443130
8.96091048200	-0.01789220996	0.12600416580
8.96923730500	-0.00032200579	0.12658856040
8.97756412800	0.01675900796	0.12477592150
8.98589095100	0.03333385669	0.12103102360
8.99421777300	0.04221737684	0.11797642300
9.00254459600	0.06426578458	0.10627606690
9.01087141900	0.07785530283	0.09621136426
9.01919824200	0.09001742911	0.08374674862
9.02752506500	0.10017135270	0.07028531044
9.03585188800	0.10779915100	0.05517978240
9.04417871100	0.11369488000	0.03870346407
9.05250553400	0.11744467330	0.02170911733
9.06083235700	0.11860594940	0.00430718712
9.06915918000	0.11730231280	-0.01271560251
9.07748600300	0.11332171670	-0.02942106747
9.08581282600	0.10669310940	-0.04566420145
9.09413964800	0.09804831701	-0.06090108825
9.10246647100	0.08731368958	-0.07428816377
9.11079329400	0.07400810179	-0.08667342113
9.11912011700	0.06696459024	-0.09197577863
9.12744694000	0.04333898129	-0.10486261600
9.13577376300	0.02677471074	-0.11029165220
9.14410058600	0.00914816519	-0.11319379300
9.15242740900	-0.00880876839	-0.11386814880
9.16075423200	-0.02651231283	-0.11192064960
9.16908105500	-0.04388269705	-0.10756005240
9.17740787800	-0.06008870387	-0.10052844280
9.18573470100	-0.07525940734	-0.09144370584
9.19406152300	-0.08903128099	-0.08019954802
9.20238834600	-0.10083572180	-0.06681723491
9.21071516900	-0.11110326300	-0.05220696882
9.21904199200	-0.11840184580	-0.03616903023
9.22736881500	-0.12333417590	-0.01956315098
9.23569563800	-0.12573452750	-0.00233213085
9.24402246100	-0.12567414530	0.00784502304
9.25234928400	-0.12251468360	0.03287362338
9.26025976600	-0.11700545090	0.04969075667
9.26858658900	-0.10938741630	0.06554587358
9.27691341100	-0.09983040611	0.08015417753
9.28524023400	-0.08772606439	0.09299971518
9.29356705700	-0.07433815675	0.10385891990
9.30189388000	-0.05987660304	0.11286494980
9.31022070300	-0.04407785703	0.11968235580
9.31854752600	-0.02744625012	0.12462656250
9.32687434900	-0.01015289209	0.12677880970
9.33520117200	0.00698068124	0.12651779080
9.34352799500	0.02366112544	0.12404009060
9.35185481800	0.04008672918	0.11905161470
9.36018164100	0.05581691743	0.11178956660
9.36850846400	0.06389777207	0.10689277310
9.37683528600	0.08292444519	0.09128733380
9.38516210900	0.09420300226	0.07800332696
9.39348893200	0.10356573730	0.06374351394
9.40181575500	0.11071182140	0.04791953061
9.41014257800	0.11562205380	0.03147638371
9.41846940100	0.11836941260	0.01420644772
9.42679622400	0.11815185810	-0.00349657156
9.43512304700	0.11579393330	-0.02009436745
9.44344987000	0.11099401290	-0.03678422530
9.45177669300	0.10364474300	-0.05244230842
9.46010351600	0.09388873159	-0.06714566063
9.46843033900	0.08244484477	-0.08012371029
9.47675716100	0.06905481639	-0.09101148074
9.48508398400	0.05405340529	-0.10009488290
9.49341080700	0.04596670172	-0.10409392310
9.50173763000	0.02042175758	-0.11166475020
9.51006445300	0.00250497852	-0.11353923580
9.51839127600	-0.01559433520	-0.11310492210
9.52671809900	-0.03336643296	-0.11035150480
9.53504492200	-0.05041138220	-0.10489293800
9.54337174500	-0.06697000843	-0.09699584186
9.55169856800	-0.08211860225	-0.08689140960
9.56002539100	-0.09529754021	-0.07463109222
9.56835221400	-0.10668654580	-0.06082110226
9.57667903600	-0.11563448850	-0.04557620344
9.58500585900	-0.12173376040	-0.02936214874
9.59333268200	-0.12554911930	-0.01208224287
9.60165950500	-0.12661192790	0.00522818234
9.60998632800	-0.12487795360	0.02262453655
9.61831315100	-0.12286545110	0.03311354031
9.62663997400	-0.11401810950	0.05674078719
9.63496679700	-0.10551098800	0.07205599654
9.64329362000	-0.09483545567	0.08640762436
9.65162044300	-0.08229122219	0.09850025773
9.65994726600	-0.06888599710	0.10827552990
9.66827408900	-0.05392409926	0.11628120520
9.67660091100	-0.03789133761	0.12217737360
9.68492773400	-0.02100311824	0.12587625010
9.69325455700	-0.00418385813	0.12709824050
9.70158138000	0.01267238331	0.12594676910
9.70990820300	0.02967990793	0.12212157330
9.71823502600	0.04573715104	0.11624346450
9.72656184900	0.06077033756	0.10827068000
9.73488867200	0.07446859707	0.09809692436
9.74321549500	0.08068711616	0.09233021947
9.75154231800	0.09757674538	0.07222290025
9.75986914100	0.10612419840	0.05779796321
9.76819596400	0.11275642520	0.04149495167
9.77652278600	0.11643270580	0.02488829905
9.78443326800	0.11829239040	0.00761237031
9.79276009100	0.11730878910	-0.00974952154
9.80108691400	0.11431743000	-0.02649954329
9.80941373700	0.10861413070	-0.04262574105
9.81774056000	0.10017283300	-0.05830270238
9.82606738300	0.08966631691	-0.07237121071
9.83439420600	0.07702674106	-0.08467099698
9.84272102900	0.06274369143	-0.09546486574
9.85104785200	0.04685456375	-0.10364723870
9.85937467400	0.02982099387	-0.10966106130
9.86770149700	0.02141743319	-0.11164359590
9.87602832000	-0.00571594716	-0.11404398090
9.88435514300	-0.02369635268	-0.11260322490
9.89268196600	-0.04103978760	-0.10863815470
9.90100878900	-0.05810514991	-0.10212208700
9.90933561200	-0.07354334331	-0.09274946789
9.91766243500	-0.08780844923	-0.08211776136
9.92598925800	-0.09988955020	-0.06927392055
9.93431608100	-0.11000681430	-0.05437998868
9.94264290400	-0.11770059360	-0.03830234177
9.95096972700	-0.12299687100	-0.02230016439
9.95929654900	-0.12552268500	-0.00472982805
9.96762337200	-0.12560211610	0.01246759182
9.97595019500	-0.12310739390	0.02994894422
9.98427701800	-0.11831327700	0.04686560919
9.99260384100	-0.11405436160	0.05636246737
10.00093066000	-0.10212801290	0.07768363311
10.00925749000	-0.09064397280	0.09113570574
10.01758431000	-0.07784735850	0.10254496330
10.02591113000	-0.06382908659	0.11192979480
10.03423796000	-0.04831194795	0.11898838440
10.04256478000	-0.03200701978	0.12443079340
10.05089160000	-0.01515051995	0.12711813510
10.05921842000	0.00232377891	0.12743870840
10.06754525000	0.01959020512	0.12601201990
10.07587207000	0.03682041598	0.12111585910
10.08419889000	0.05286156311	0.11429116140
10.09252572000	0.06731188125	0.10558605540
10.10085254000	0.08104805821	0.09473109168
10.10917936000	0.09266655818	0.08223988826
10.11750618000	0.09767159915	0.07613331333
10.12583301000	0.11050164940	0.05263202903
10.13415983000	0.11564974350	0.03629707172
10.14248665000	0.11871990910	0.01933586053
10.15081348000	0.11932701930	0.00201897502
10.15914030000	0.11749146050	-0.01527316147
10.16746712000	0.11301116630	-0.03223228694
10.17579395000	0.10593177840	-0.04835222219
10.18412077000	0.09658544818	-0.06326119284
10.19244759000	0.08516113998	-0.07652768715
10.20077441000	0.07175781513	-0.08821362735
10.20910124000	0.05680453513	-0.09767074811
10.21742806000	0.04083053091	-0.10497645810
10.22575488000	0.02365677683	-0.10984121610
10.23408171000	0.00580323888	-0.11212737250
10.24240853000	-0.00271222009	-0.11235316820
10.25073535000	-0.02952738251	-0.10951039130
10.25906217000	-0.04654711304	-0.10467139670
10.26738900000	-0.06267073907	-0.09743220397
10.27571582000	-0.07791701358	-0.08787435535
10.28404264000	-0.09162834980	-0.07585524802
10.29236947000	-0.10333309250	-0.06264233824
10.30069629000	-0.11246281270	-0.04794037039
10.30860677000	-0.11961896100	-0.03171014836
10.31693359000	-0.12386928070	-0.01531777846
10.32526042000	-0.12572644990	0.00196202072
10.33358724000	-0.12508669800	0.01921563275
10.34191406000	-0.12171612500	0.03658305777
10.35024089000	-0.11556411310	0.05320941700
10.35856771000	-0.10745895880	0.06897406381
10.36689453000	-0.10179487540	0.07756591365
10.37522135000	-0.08515986652	0.09612039671
10.38354818000	-0.07184080381	0.10641669300
10.39187500000	-0.05705898128	0.11497040220
10.40020182000	-0.04146188868	0.12149570290
10.40852865000	-0.02436587148	0.12568351220
10.41685547000	-0.00747611437	0.12758983750
10.42518229000	0.00971886261	0.12711681970
10.43350911000	0.02633029785	0.12406594240
10.44183594000	0.04316002051	0.11871469530
10.45016276000	0.05904272393	0.11113540130
10.45848958000	0.07305329774	0.10188235730
10.46681641000	0.08566517376	0.09001723009
10.47514323000	0.09668066436	0.07701427417
10.48347005000	0.10576738350	0.06203034951
10.49179688000	0.10907264850	0.05509955928
10.50012370000	0.11708781860	0.02905923613
10.50845052000	0.11887552660	0.01199936144
10.51677734000	0.11861199270	-0.00514261611
10.52510417000	0.11583542790	-0.02234830486
10.53343099000	0.11037720040	-0.03899823550
10.54175781000	0.10252775190	-0.05475743867
10.55008464000	0.09270849359	-0.06876018857
10.55841146000	0.08019656055	-0.08177731626
10.56673828000	0.06611881424	-0.09269677524
10.57506510000	0.05054712205	-0.10155283770
10.58339193000	0.03393264278	-0.10833324050
10.59171875000	0.01671294142	-0.11222598840
10.60004557000	-0.00130161801	-0.11374731270
10.60837240000	-0.01870451460	-0.11247687540
10.61669922000	-0.02758790804	-0.11224226400
10.62502604000	-0.05276886776	-0.10436145440
10.63335286000	-0.06873512932	-0.09472569943
10.64167969000	-0.08418305938	-0.08490208844
10.65000651000	-0.09615073355	-0.07267354281
10.65833333000	-0.10658184040	-0.05896763426
