t
0.00000000000
0.01665364583
0.02498046875
0.03330729167
0.04163411458
0.04996093750
0.05828776042
0.06661458333
0.07494140625
0.08326822917
0.09159505208
0.09992187500
0.10824869790
0.11657552080
0.12490234370
0.13322916670
0.14155598960
0.14988281250
0.15820963540
0.16653645830
0.17486328130
0.18319010420
0.19151692710
0.19984375000
0.20817057290
0.21649739580
0.22482421870
0.23315104170
0.24147786460
0.24980468750
0.25813151040
0.26645833330
0.27853222660
0.28685904950
0.29518587240
0.30351269530
0.31183951820
0.32016634110
0.32849316410
0.33681998700
0.34514680990
0.35347363280
0.36180045570
0.37012727860
0.37845410160
0.38678092450
0.39510774740
0.40343457030
0.41176139320
0.42008821610
0.42841503910
0.43674186200
0.44506868490
0.45339550780
0.46172233070
0.47004915360
0.47837597660
0.48670279950
0.49502962240
0.50335644530
0.51168326820
0.52001009110
0.52833691410
0.53666373700
0.54499055990
0.55331738280
0.56164420570
0.56997102860
0.57829785160
0.58662467450
0.59495149740
0.60327832030
0.61160514320
0.61993196610
0.62825878910
0.63658561200
0.64491243490
0.65323925780
0.66156608070
0.66989290360
0.67821972660
0.68654654950
0.69487337240
0.70320019530
0.71152701820
0.71985384110
0.72818066410
0.73650748700
0.74483430990
0.75316113280
0.76148795570
0.76981477860
0.77814160160
0.78605208330
0.79437890620
0.80270572920
0.81103255210
0.81935937500
0.82768619790
0.83601302080
0.84433984380
0.85266666670
0.86099348960
0.86932031250
0.87764713540
0.88597395830
0.89430078120
0.90262760420
0.91095442710
0.91928125000
0.92760807290
0.93593489580
0.94426171870
0.95258854170
0.96091536460
0.96924218750
0.97756901040
0.98589583330
0.99422265620
1.00254947900
1.01087630200
1.01920312500
1.02752994800
1.03585677100
1.04418359400
1.05251041700
1.06083724000
1.06916406300
1.07749088500
1.08581770800
1.09414453100
1.10247135400
1.11079817700
1.11912500000
1.12745182300
1.13577864600
1.14410546900
1.15243229200
1.16075911500
1.16908593800
1.17741276000
1.18573958300
1.19406640600
1.20239322900
1.21072005200
1.21904687500
1.22737369800
1.23570052100
1.24402734400
1.25235416700
1.26068099000
1.26900781200
1.27733463500
1.28524511700
1.29357194000
1.30189876300
1.31022558600
1.31855240900
1.32687923200
1.33520605500
1.34353287800
1.35185970100
1.36018652300
1.36851334600
1.37684016900
1.38516699200
1.39349381500
1.40182063800
1.41014746100
1.41847428400
1.42680110700
1.43512793000
1.44345475300
1.45178157600
1.46010839800
1.46843522100
1.47676204400
1.48508886700
1.49341569000
1.50174251300
1.51006933600
1.51839615900
1.52672298200
1.53504980500
1.54337662800
1.55170345100
1.56003027300
1.56835709600
1.57668391900
1.58501074200
1.59333756500
1.60166438800
1.60999121100
1.61831803400
1.62664485700
1.63497168000
1.64329850300
1.65162532600
1.65995214800
1.66827897100
1.67660579400
1.68493261700
1.69325944000
1.70158626300
1.70991308600
1.71823990900
1.72656673200
1.73489355500
1.74322037800
1.75154720100
1.75987402300
1.76820084600
1.77652766900
1.78485449200
1.79318131500
1.80150813800
1.80983496100
1.81816178400
1.82648860700
1.83439908900
1.84272591100
1.85105273400
1.85937955700
1.86770638000
1.87603320300
1.88436002600
1.89268684900
1.90101367200
1.90934049500
1.91766731800
1.92599414100
1.93432096400
1.94264778600
1.95097460900
1.95930143200
1.96762825500
1.97595507800
1.98428190100
1.99260872400
2.00093554700
2.00926237000
2.01758919300
2.02591601600
2.03424283900
2.04256966100
2.05089648400
2.05922330700
2.06755013000
2.07587695300
2.08420377600
2.09253059900
2.10085742200
2.10918424500
2.11751106800
2.12583789100
2.13416471400
2.14249153600
2.15081835900
2.15914518200
2.16747200500
2.17579882800
2.18412565100
2.19245247400
2.20077929700
2.20910612000
2.21743294300
2.22575976600
2.23408658900
2.24241341100
2.25074023400
2.25906705700
2.26739388000
2.27572070300
2.28404752600
2.29237434900
2.30070117200
2.30902799500
2.31735481800
2.32568164100
2.33400846400
2.34233528600
2.35066210900
2.35898893200
2.36731575500
2.37522623700
2.38355306000
2.39187988300
2.40020670600
2.40853352900
2.41686035200
2.42518717400
2.43351399700
2.44184082000
2.45016764300
2.45849446600
2.46682128900
2.47514811200
2.48347493500
2.49180175800
2.50012858100
2.50845540400
2.51678222700
2.52510904900
2.53343587200
2.54176269500
2.55008951800
2.55841634100
2.56674316400
2.57506998700
2.58339681000
2.59172363300
2.60005045600
2.60837727900
2.61670410200
2.62503092400
2.63335774700
2.64168457000
2.65001139300
2.65833821600
2.66666503900
2.67499186200
2.68331868500
2.69164550800
2.69997233100
2.70829915400
2.71662597700
2.72495279900
2.73327962200
2.74160644500
2.74993326800
2.75826009100
2.76658691400
2.77491373700
2.78324056000
2.79156738300
2.79989420600
2.80822102900
2.81654785200
2.82487467400
2.83320149700
2.84152832000
2.84985514300
2.85818196600
2.86650878900
2.87483561200
2.88316243500
2.89148925800
2.89981608100
2.90814290400
2.91646972700
2.92438020800
2.93270703100
2.94103385400
2.94936067700
2.95768750000
2.96601432300
2.97434114600
2.98266796900
2.99099479200
2.99932161500
3.00764843800
3.01597526000
3.02430208300
3.03262890600
3.04095572900
3.04928255200
3.05760937500
3.06593619800
3.07426302100
3.08258984400
3.09091666700
3.09924349000
3.10757031300
3.11589713500
3.12422395800
3.13255078100
3.14087760400
3.14920442700
3.15753125000
3.16585807300
3.17418489600
3.18251171900
3.19083854200
3.19916536500
3.20749218800
3.21581901000
3.22414583300
3.23247265600
3.24079947900
3.24912630200
3.25745312500
3.26577994800
3.27410677100
3.28243359400
3.29076041700
3.29908724000
3.30741406200
3.31574088500
3.32406770800
3.33239453100
3.34072135400
3.34904817700
3.35737500000
3.36570182300
3.37402864600
3.38235546900
3.39068229200
3.39900911500
3.40733593800
3.41566276000
3.42398958300
3.43231640600
3.44064322900
3.44897005200
3.45688053400
3.46520735700
3.47353418000
3.48186100300
3.49018782600
3.49851464800
3.50684147100
3.51516829400
3.52349511700
3.53182194000
3.54014876300
3.54847558600
3.55680240900
3.56512923200
3.57345605500
3.58178287800
3.59010970100
3.59843652300
3.60676334600
3.61509016900
3.62341699200
3.63174381500
3.64007063800
3.64839746100
3.65672428400
3.66505110700
3.67337793000
3.68170475300
3.69003157600
3.69835839800
3.70668522100
3.71501204400
3.72333886700
3.73166569000
3.73999251300
3.74831933600
3.75664615900
3.76497298200
3.77329980500
3.78162662800
3.78995345100
3.79828027300
3.80660709600
3.81493391900
3.82326074200
3.83158756500
3.83991438800
3.84824121100
3.85656803400
3.86489485700
3.87322168000
3.88154850300
3.88987532600
3.89820214800
3.90652897100
3.91485579400
3.92318261700
3.93150944000
3.93983626300
3.94816308600
3.95607356800
3.96440039100
3.97272721400
3.98105403600
3.98938085900
3.99770768200
4.00603450500
4.01436132800
4.02268815100
4.03101497400
4.03934179700
4.04766862000
4.05599544300
4.06432226600
4.07264908900
4.08097591100
4.08930273400
4.09762955700
4.10595638000
4.11428320300
4.12261002600
4.13093684900
4.13926367200
4.14759049500
4.15591731800
4.16424414100
4.17257096400
4.18089778600
4.18922460900
4.19755143200
4.20587825500
4.21420507800
4.22253190100
4.23085872400
4.23918554700
4.24751237000
4.25583919300
4.26416601600
4.27249283900
4.28081966100
4.28914648400
4.29747330700
4.30580013000
4.31412695300
4.32245377600
4.33078059900
4.33910742200
4.34743424500
4.35576106800
4.36408789100
4.37241471400
4.38074153600
4.38906835900
4.39739518200
4.40572200500
4.41404882800
4.42237565100
4.43070247400
4.43902929700
4.44735612000
4.45568294300
4.46359342400
4.47192024700
4.48024707000
4.48857389300
4.49690071600
4.50522753900
4.51355436200
4.52188118500
4.53020800800
4.53853483100
4.54686165400
4.55518847700
4.56351529900
4.57184212200
4.58016894500
4.58849576800
4.59682259100
4.60514941400
4.61347623700
4.62180306000
4.63012988300
4.63845670600
4.64678352900
4.65511035200
4.66343717400
4.67176399700
4.68009082000
4.68841764300
4.69674446600
4.70507128900
4.71339811200
4.72172493500
4.73005175800
4.73837858100
4.74670540400
4.75503222700
4.76335904900
4.77168587200
4.78001269500
4.78833951800
4.79666634100
4.80499316400
4.81331998700
4.82164681000
4.82997363300
4.83830045600
4.84662727900
4.85495410200
4.86328092400
4.87160774700
4.87993457000
4.88826139300
4.89658821600
4.90491503900
4.91324186200
4.92156868500
4.92989550800
4.93822233100
4.94654915400
4.95487597700
4.96320279900
4.97152962200
4.97985644500
4.98818326800
4.99651009100
5.00483691400
5.01316373700
5.02149056000
5.02940104200
5.03772786500
5.04605468800
5.05438151000
5.06270833300
5.07103515600
5.07936197900
5.08768880200
5.09601562500
5.10434244800
5.11266927100
5.12099609400
5.12932291700
5.13764974000
5.14597656200
5.15430338500
5.16263020800
5.17095703100
5.17928385400
5.18761067700
5.19593750000
5.20426432300
5.21259114600
5.22091796900
5.22924479200
5.23757161500
5.24589843800
5.25422526000
5.26255208300
5.27087890600
5.27920572900
5.28753255200
5.29585937500
5.30418619800
5.31251302100
5.32083984400
5.32916666700
5.33749349000
5.34582031300
5.35414713500
5.36247395800
5.37080078100
5.37912760400
5.38745442700
5.39578125000
5.40410807300
5.41243489600
5.42076171900
5.42908854200
5.43741536500
5.44574218700
5.45406901000
5.46239583300
5.47072265600
5.47904947900
5.48737630200
5.49570312500
5.50402994800
5.51235677100
5.52068359400
5.52901041700
5.54108431000
5.54941113300
5.55773795600
5.56606477900
5.57439160200
5.58271842400
5.59104524700
5.59937207000
5.60769889300
5.61602571600
5.62435253900
5.63267936200
5.64100618500
5.64933300800
5.65765983100
5.66598665400
5.67431347700
5.68264029900
5.69096712200
5.69929394500
5.70762076800
5.71594759100
5.72427441400
5.73260123700
5.74092806000
5.74925488300
5.75758170600
5.76590852900
5.77423535200
5.78256217400
5.79088899700
5.79921582000
5.80754264300
5.81586946600
5.82419628900
5.83252311200
5.84084993500
5.84917675800
5.85750358100
5.86583040400
5.87415722700
5.88248404900
5.89081087200
5.89913769500
5.90746451800
5.91579134100
5.92411816400
5.93244498700
5.94077181000
5.94909863300
5.95742545600
5.96575227900
5.97407910200
5.98240592400
5.99073274700
5.99905957000
6.00738639300
6.01571321600
6.02404003900
6.03236686200
6.04069368500
6.04902050800
6.05734733100
6.06525781200
6.07358463500
6.08191145800
6.09023828100
6.09856510400
6.10689192700
6.11521875000
6.12354557300
6.13187239600
6.14019921900
6.14852604200
6.15685286500
6.16517968800
6.17350651000
6.18183333300
6.19016015600
6.19848697900
6.20681380200
6.21514062500
6.22346744800
6.23179427100
6.24012109400
6.24844791700
6.25677474000
6.26510156300
6.27342838500
6.28175520800
6.29008203100
6.29840885400
6.30673567700
6.31506250000
6.32338932300
6.33171614600
6.34004296900
6.34836979200
6.35669661500
6.36502343700
6.37335026000
6.38167708300
6.39000390600
6.39833072900
6.40665755200
6.41498437500
6.42331119800
6.43163802100
6.43996484400
6.44829166700
6.45661849000
6.46494531300
6.47327213500
6.48159895800
6.48992578100
6.49825260400
6.50657942700
6.51490625000
6.52323307300
6.53155989600
6.53988671900
6.54821354200
6.55654036500
6.56486718700
6.57319401000
6.58152083300
6.58984765600
6.59817447900
6.60650130200
6.61482812500
6.62273860700
6.63106543000
6.63939225300
6.64771907600
6.65604589800
6.66437272100
6.67269954400
6.68102636700
6.68935319000
6.69768001300
6.70600683600
6.71433365900
6.72266048200
6.73098730500
6.73931412800
6.74764095100
6.75596777300
6.76429459600
6.77262141900
6.78094824200
6.78927506500
6.79760188800
6.80592871100
6.81425553400
6.82258235700
6.83090918000
6.83923600300
6.84756282600
6.85588964800
6.86421647100
6.87254329400
6.88087011700
6.88919694000
6.89752376300
6.90585058600
6.91417740900
6.92250423200
6.93083105500
6.93915787800
6.94748470100
6.95581152300
6.96413834600
6.97246516900
6.98079199200
6.98911881500
6.99744563800
7.00577246100
7.01409928400
7.02242610700
7.03075293000
7.03907975300
7.04740657600
7.05573339800
7.06406022100
7.07238704400
7.08071386700
7.08904069000
7.09736751300
7.10569433600
7.11402115900
7.12234798200
7.13067480500
7.13900162800
7.14691210900
7.15523893200
7.16356575500
7.17189257800
7.18021940100
7.18854622400
7.19687304700
7.20519987000
7.21352669300
7.22185351600
7.23018033900
7.23850716100
7.24683398400
7.25516080700
7.26348763000
7.27181445300
7.28014127600
7.28846809900
7.29679492200
7.30512174500
7.31344856800
7.32177539100
7.33010221400
7.33842903600
7.34675585900
7.35508268200
7.36340950500
7.37173632800
7.38006315100
7.38838997400
7.39671679700
7.40504362000
7.41337044300
7.42169726600
7.43002408900
7.43835091100
7.44667773400
7.45500455700
7.46333138000
7.47165820300
7.47998502600
7.48831184900
7.49663867200
7.50496549500
7.51329231800
7.52161914100
7.52994596400
7.53827278600
7.54659960900
7.55492643200
7.56325325500
7.57158007800
7.57990690100
7.58823372400
7.59656054700
7.60488737000
7.61321419300
7.62154101600
7.62986783900
7.63819466100
7.64652148400
7.65484830700
7.66275878900
7.67108561200
7.67941243500
7.68773925800
7.69606608100
7.70439290400
7.71271972700
7.72104654900
7.72937337200
7.73770019500
7.74602701800
7.75435384100
7.76268066400
7.77100748700
7.77933431000
7.78766113300
7.79598795600
7.80431477900
7.81264160200
7.82096842400
7.82929524700
7.83762207000
7.84594889300
7.85427571600
7.86260253900
7.87092936200
7.87925618500
7.88758300800
7.89590983100
7.90423665400
7.91256347700
7.92089029900
7.92921712200
7.93754394500
7.94587076800
7.95419759100
7.96252441400
7.97085123700
7.97917806000
7.98750488300
7.99583170600
8.00415852900
8.01248535200
8.02081217400
8.02913899700
8.03746582000
8.04579264300
8.05411946600
8.06244628900
8.07077311200
8.07909993500
8.08742675800
8.09575358100
8.10408040400
8.11240722700
8.12073404900
8.12906087200
8.13738769500
8.14571451800
8.15404134100
8.16236816400
8.17069498700
8.17860546900
8.18693229200
8.19525911500
8.20358593700
8.21191276000
8.22023958300
8.22856640600
8.23689322900
8.24522005200
8.25354687500
8.26187369800
8.27020052100
8.27852734400
8.28685416700
8.29518099000
8.30350781200
8.31183463500
8.32016145800
8.32848828100
8.33681510400
8.34514192700
8.35346875000
8.36179557300
8.37012239600
8.37844921900
8.38677604200
8.39510286500
8.40342968700
8.41175651000
8.42008333300
8.42841015600
8.43673697900
8.44506380200
8.45339062500
8.46171744800
8.47004427100
8.47837109400
8.48669791700
8.49502474000
8.50335156300
8.51167838500
8.52000520800
8.52833203100
8.53665885400
8.54498567700
8.55331250000
8.56163932300
8.56996614600
8.57829296900
8.58661979200
8.59494661500
8.60327343800
8.61160026000
8.61992708300
8.62825390600
8.63658072900
8.64490755200
8.65323437500
8.66156119800
8.66988802100
8.67821484400
8.68654166700
8.69486849000
8.70319531300
8.71152213500
8.71943261700
8.72775944000
8.73608626300
8.74441308600
8.75273990900
8.76106673200
8.76939355500
8.77772037800
8.78604720100
8.79437402300
8.80270084600
8.81102766900
8.81935449200
8.82768131500
8.83600813800
8.84433496100
8.85266178400
8.86098860700
8.86931543000
8.87764225300
8.88596907600
8.89429589800
8.90262272100
8.91094954400
8.91927636700
8.92760319000
8.93593001300
8.94425683600
8.95258365900
8.96091048200
8.96923730500
8.97756412800
8.98589095100
8.99421777300
9.00254459600
9.01087141900
9.01919824200
9.02752506500
9.03585188800
9.04417871100
9.05250553400
9.06083235700
9.06915918000
9.07748600300
9.08581282600
9.09413964800
9.10246647100
9.11079329400
9.11912011700
9.12744694000
9.13577376300
9.14410058600
9.15242740900
9.16075423200
9.16908105500
9.17740787800
9.18573470100
9.19406152300
9.20238834600
9.21071516900
9.21904199200
9.22736881500
9.23569563800
9.24402246100
9.25234928400
9.26025976600
9.26858658900
9.27691341100
9.28524023400
9.29356705700
9.30189388000
9.31022070300
9.31854752600
9.32687434900
9.33520117200
9.34352799500
9.35185481800
9.36018164100
9.36850846400
9.37683528600
9.38516210900
9.39348893200
9.40181575500
9.41014257800
9.41846940100
9.42679622400
9.43512304700
9.44344987000
9.45177669300
9.46010351600
9.46843033900
9.47675716100
9.48508398400
9.49341080700
9.50173763000
9.51006445300
9.51839127600
9.52671809900
9.53504492200
9.54337174500
9.55169856800
9.56002539100
9.56835221400
9.57667903600
9.58500585900
9.59333268200
9.60165950500
9.60998632800
9.61831315100
9.62663997400
9.63496679700
9.64329362000
9.65162044300
9.65994726600
9.66827408900
9.67660091100
9.68492773400
9.69325455700
9.70158138000
9.70990820300
9.71823502600
9.72656184900
9.73488867200
9.74321549500
9.75154231800
9.75986914100
9.76819596400
9.77652278600
9.78443326800
9.79276009100
9.80108691400
9.80941373700
9.81774056000
9.82606738300
9.83439420600
9.84272102900
9.85104785200
9.85937467400
9.86770149700
9.87602832000
9.88435514300
9.89268196600
9.90100878900
9.90933561200
9.91766243500
9.92598925800
9.93431608100
9.94264290400
9.95096972700
9.95929654900
9.96762337200
9.97595019500
9.98427701800
9.99260384100
10.00093066000
10.00925749000
10.01758431000
10.02591113000
10.03423796000
10.04256478000
10.05089160000
10.05921842000
10.06754525000
10.07587207000
10.08419889000
10.09252572000
10.10085254000
10.10917936000
10.11750618000
10.12583301000
10.13415983000
10.14248665000
10.15081348000
10.15914030000
10.16746712000
10.17579395000
10.18412077000
10.19244759000
10.20077441000
10.20910124000
10.21742806000
10.22575488000
10.23408171000
10.24240853000
10.25073535000
10.25906217000
10.26738900000
10.27571582000
10.28404264000
10.29236947000
10.30069629000
10.30860677000
10.31693359000
10.32526042000
10.33358724000
10.34191406000
10.35024089000
10.35856771000
10.36689453000
10.37522135000
10.38354818000
10.39187500000
10.40020182000
10.40852865000
10.41685547000
10.42518229000
10.43350911000
10.44183594000
10.45016276000
10.45848958000
10.46681641000
10.47514323000
10.48347005000
10.49179688000
10.50012370000
10.50845052000
10.51677734000
10.52510417000
10.53343099000
10.54175781000
10.55008464000
10.55841146000
10.56673828000
10.57506510000
10.58339193000
10.59171875000
10.60004557000
10.60837240000
10.61669922000
10.62502604000
10.63335286000
10.64167969000
10.65000651000
10.65833333000
