x
0.10606078440
0.11626344310
0.11967894870
0.12116639060
0.11929496400
0.11523931510
0.10828153920
0.09891966568
0.08668103516
0.07228218169
0.05694498650
0.04047518402
0.02269195661
0.00488189804
-0.01338065263
-0.03154048178
-0.04859784663
-0.06445375187
-0.07902182495
-0.09195351544
-0.10339521050
-0.11247201430
-0.11924251910
-0.12379622500
-0.12580291910
-0.12531612580
-0.12253261690
-0.11729574650
-0.10961351540
-0.09996897119
-0.08820989661
-0.07499825254
-0.05290215543
-0.03636072696
-0.01889479076
-0.00149042214
0.01610873263
0.03336474851
0.04982690431
0.06517458635
0.07899144103
0.09110620231
0.10108694010
0.10916142770
0.11441345910
0.11785068800
0.11878408880
0.11689600300
0.11243594200
0.10541011920
0.09575519612
0.08393157865
0.06975756489
0.05469895100
0.03822604386
0.02040254848
0.00223921361
-0.01605905741
-0.03382072616
-0.05098406308
-0.06702652123
-0.08218098503
-0.09523204304
-0.10638582780
-0.11529304290
-0.12226675050
-0.12660117120
-0.12818238720
-0.12759736400
-0.12455484070
-0.11893310590
-0.11126256680
-0.10156653470
-0.08950018803
-0.07616167347
-0.06101599692
-0.04496807783
-0.02781139743
-0.01024357194
0.00725774304
0.02512199002
0.04199981189
0.05834551130
0.07255178302
0.08561218250
0.09676754955
0.10572450500
0.11260493050
0.11640962120
0.11815022530
0.11672843370
0.11278168030
0.10653303450
0.09730707958
0.08620570274
0.07276441590
0.05756020232
0.04134154628
0.02413760897
0.00606948070
-0.01198097567
-0.03007907026
-0.04740080106
-0.06353741977
-0.07847333852
-0.09206803612
-0.10347665980
-0.11295972470
-0.12060574170
-0.12530206110
-0.12787148950
-0.12809442600
-0.12593061700
-0.12103282040
-0.11413760390
-0.10517230250
-0.09384427281
-0.08098516316
-0.06670014081
-0.05093372301
-0.03410617474
-0.01651790983
0.00113717411
0.01860765517
0.03564360056
0.05156601210
0.06658184199
0.08021764908
0.09216517669
0.10135416700
0.10856061920
0.11325087540
0.11600596010
0.11593258350
0.11344749760
0.10837985600
0.10068915780
0.09057150347
0.07815255942
0.06374760964
0.04777228684
0.03075078949
0.01311037965
-0.00502437015
-0.02271963417
-0.04007394855
-0.05707767491
-0.07250843061
-0.08697240212
-0.09936512041
-0.11014342490
-0.11816480400
-0.12408222960
-0.12779555140
-0.12866660540
-0.12756934750
-0.12406231440
-0.11806712490
-0.10942885130
-0.09917684664
-0.08699863100
-0.07353689995
-0.05826296380
-0.04192845765
-0.02473034434
-0.00725603616
0.00995616686
0.02745480437
0.04421298765
0.06016982188
0.07470553265
0.08782049626
0.09883664026
0.10765866350
0.11370385110
0.11749793330
0.11856817130
0.11736246180
0.11309375950
0.10656337090
0.09749003504
0.08605005292
0.07252216633
0.05706013792
0.04038853649
0.02244422497
0.00391853969
-0.01462574386
-0.03266220680
-0.04964064876
-0.06557762441
-0.08076796986
-0.09376815529
-0.10536639290
-0.11461837150
-0.12152849640
-0.12591771670
-0.12804077810
-0.12752257960
-0.12464959460
-0.11916098780
-0.11155922850
-0.10164569210
-0.08973388217
-0.07629503125
-0.06148067291
-0.04541305973
-0.02834931770
-0.01054075420
0.00736016248
0.02484052184
0.04170389414
0.05766440146
0.07190464713
0.08494675098
0.09659082982
0.10536670340
0.11256471370
0.11649712840
0.11826518920
0.11740956320
0.11378325070
0.10777837500
0.09922192194
0.08840921643
0.07545428760
0.06044522882
0.04422827520
0.02730692102
0.00967060463
-0.00847631564
-0.02677640942
-0.04398881138
-0.06095815086
-0.07617012814
-0.09059250874
-0.10264626120
-0.11264433390
-0.12030631700
-0.12552149290
-0.12837143150
-0.12833294160
-0.12595546480
-0.12095344890
-0.11388574870
-0.10410184950
-0.09284104949
-0.07938076593
-0.06468313963
-0.04854322242
-0.03156767788
-0.01402077133
0.00347013958
0.02133780464
0.03838192048
0.05437359865
0.06879932091
0.08208982188
0.09408768866
0.10339775460
0.11087689480
0.11573573590
0.11805275580
0.11797015520
0.11555915450
0.11030285250
0.10257948380
0.09233194860
0.07975268688
0.07273786906
0.04968600698
0.03282112362
0.01488786188
-0.00305716138
-0.02171967200
-0.03934945115
-0.05649548844
-0.07221619148
-0.08660783302
-0.09942230683
-0.10992990120
-0.11853591370
-0.12445670930
-0.12777975950
-0.12840426250
-0.12676267480
-0.12273520900
-0.11614769240
-0.10716481090
-0.09623607493
-0.08361996643
-0.06915253937
-0.05359503207
-0.03649200564
-0.01913744574
-0.00158338229
0.01601311349
0.03322000259
0.04982982579
0.05821878280
0.07888796440
0.09150783964
0.10184527630
0.10969122240
0.11516152940
0.11811557290
0.11904473620
0.11711036550
0.11248510710
0.10554728740
0.09635862070
0.08459529029
0.07061124969
0.05552257872
0.04736633386
0.02116611771
0.00295696978
-0.01538269689
-0.03347832468
-0.05068109780
-0.06710524618
-0.08214314467
-0.09515235381
-0.10680190740
-0.11575336410
-0.12214847250
-0.12601044140
-0.12722666220
-0.12626031390
-0.12431373380
-0.11685409550
-0.10869081960
-0.09852143148
-0.08618153128
-0.07210891629
-0.05674002530
-0.04062265924
-0.02338806199
-0.00598177767
0.01149442049
0.02901009580
0.04599418704
0.06126120683
0.07544693912
0.08217535998
0.09886568217
0.10717334250
0.11369718920
0.11764799230
0.11897543520
0.11752314750
0.11382412150
0.10764305240
0.09937451925
0.08850573869
0.07620567562
0.06159511729
0.04535450536
0.02774537355
0.01875787672
-0.00883095849
-0.02661653565
-0.04449327622
-0.06129108081
-0.07662997697
-0.09103807763
-0.10258891130
-0.11256456710
-0.11975225830
-0.12457577110
-0.12685541720
-0.12652465060
-0.12390809200
-0.11862675140
-0.11435425340
-0.10104924440
-0.08955885665
-0.07578167554
-0.06131652815
-0.04497271991
-0.02738244772
-0.00980640984
0.00768800313
0.02501823567
0.04209801436
0.05768431010
0.07240187932
0.08570527086
0.09687116050
0.10153972930
0.11388532210
0.11819058580
0.12046756950
0.12015458960
0.11741953760
0.11230804020
0.10429768840
0.09451027982
0.08187965606
0.06851409525
0.05292132724
0.03659304003
0.01907491322
0.00070604846
-0.00897696289
-0.03562987912
-0.05251617287
-0.06883309397
-0.08340152812
-0.09615014544
-0.10685204420
-0.11552661160
-0.12136028310
-0.12455839750
-0.12518106890
-0.12342841670
-0.11913221670
-0.11215281900
-0.10300177410
-0.09637257639
-0.07867766743
-0.06411498730
-0.04803440981
-0.03151668310
-0.01454070642
0.00343493614
0.02108558474
0.03794408599
0.05443165025
0.06985540749
0.08317850325
0.09502349463
0.10503210700
0.11256348270
0.11537024050
0.12105191650
0.12165514750
0.11932751690
0.11509277500
0.10779919020
0.09876426327
0.08752038910
0.07416765265
0.05907096802
0.04286196636
0.02527391439
0.00776758304
-0.01092439400
-0.02877411155
-0.03808398257
-0.06254068042
-0.07743110100
-0.09071280491
-0.10226750900
-0.11139022310
-0.11810695840
-0.12217535200
-0.12353029360
-0.12260477250
-0.11916003650
-0.11299790450
-0.10511280790
-0.09496911928
-0.08240699810
-0.07436318076
-0.05324374069
-0.03712891675
-0.01987920858
-0.00256843178
0.01460584662
0.03199164689
0.04882975072
0.06426601939
0.07818637601
0.09105203185
0.10121087140
0.10961667620
0.11625512660
0.12007252280
0.12105915950
0.12032351770
0.11643248310
0.11033355580
0.10160118900
0.09098432886
0.07846631876
0.06442288534
0.04806915990
0.03124903063
0.01299811407
-0.00491581529
-0.02314768096
-0.04113999212
-0.05761542021
-0.06632795522
-0.08708820532
-0.09910399306
-0.10908036040
-0.11622276590
-0.12141004010
-0.12365488960
-0.12371136470
-0.12101279510
-0.11568637460
-0.10810634840
-0.09872948076
-0.08707217840
-0.07381607569
-0.05937675013
-0.05051938860
-0.02659451237
-0.00974272601
0.00761326451
0.02445254199
0.04146246380
0.05741067678
0.07157140841
0.08473959006
0.09605195161
0.10549069490
0.11256651900
0.11744006800
0.11952743910
0.11889150720
0.11794727050
0.11052551180
0.10248291380
0.09215365369
0.07993261279
0.06583364098
0.05058567875
0.03355721050
0.01659867621
-0.00150191009
-0.01925420972
-0.03687415556
-0.05397899856
-0.07003059180
-0.08471258203
-0.09135621820
-0.10792219590
-0.11617030210
-0.12239521810
-0.12575561540
-0.12683778540
-0.12532102030
-0.12096619530
-0.11442247250
-0.10561477680
-0.09488222918
-0.08235346603
-0.06848417701
-0.05310258941
-0.03654848856
-0.02736598342
-0.00196581231
0.01564514196
0.03240888344
0.04849421772
0.06392223724
0.07778400428
0.08978146468
0.09997674008
0.10817207600
0.11349833180
0.11591915460
0.11679558820
0.11499267130
0.11357974630
0.11106329560
0.09762492640
0.08620959894
0.07264851763
0.05754206712
0.04165261489
0.02478826295
0.00682719779
-0.01135947042
-0.02922964524
-0.04644101786
-0.06264943836
-0.07801651780
-0.09099339767
-0.10272989830
-0.10753891970
-0.11867382050
-0.12350196470
-0.12568170810
-0.12493367160
-0.12189604950
-0.11633098120
-0.10872589550
-0.09847991658
-0.08681306900
-0.07305606544
-0.05817038886
-0.04201529148
-0.02530290536
-0.00778941154
0.00062580952
0.02677623303
0.04301217258
0.05870557279
0.07295038363
0.08589320039
0.09666626320
0.10554393600
0.11232417180
0.11656185680
0.11837347940
0.11787580930
0.11449841070
0.10881570360
0.10127125190
0.09694358299
0.07789213688
0.06300836669
0.04755892411
0.03053452817
0.01279250443
-0.00549493847
-0.02367792535
-0.04127036592
-0.05802991415
-0.07353717073
-0.08747176367
-0.09950856856
-0.10988945390
-0.11715464680
-0.12018170300
-0.12506557910
-0.12540238870
-0.12280400200
-0.11788787700
-0.11082178090
-0.10135155930
-0.09020719277
-0.07698547742
-0.06235471235
-0.04648706201
-0.02995344581
-0.01278911233
0.00435232591
0.02129853055
0.02877282584
0.05410751709
0.06904926023
0.08318004369
0.09467152923
0.10436919930
0.11155222560
0.11699480010
0.11928711460
0.11938831580
0.11650132050
0.11108292290
0.10313978390
0.09277953069
0.08051061309
0.07463599706
0.05060317201
0.03383367362
0.01626391510
-0.00148953735
-0.01938779555
-0.04464972416
-0.06107135176
-0.07628020456
-0.09000950179
-0.10208922550
-0.11121079560
-0.11905100860
-0.12394153010
-0.12631612210
-0.12687088170
-0.12371197060
-0.11810168070
-0.11040150310
-0.10061968410
-0.08854063313
-0.07507571501
-0.06038984914
-0.04479977415
-0.02784417776
-0.01105888941
0.00593425001
0.02334970282
0.03975079105
0.05565812749
0.06410462368
0.08303344408
0.09443846670
0.10378112580
0.11045186130
0.11503765250
0.11675380930
0.11624552090
0.11328021510
0.10790596580
0.10007020080
0.09001972610
0.07776483626
0.06326354041
0.04785130643
0.03843587107
0.01411180771
-0.00331315143
-0.02124872120
-0.03888992213
-0.05606629656
-0.07223663138
-0.08660365937
-0.09920745414
-0.11005741080
-0.11889497130
-0.12504644800
-0.12831669060
-0.12905640910
-0.12706741750
-0.12498392370
-0.11515176110
-0.10546972830
-0.09363500525
-0.08082900819
-0.06640243495
-0.05082476521
-0.03462420227
-0.01762273278
-0.00057690783
0.01625093197
0.03262805074
0.04884649846
0.06329584868
0.07684219579
0.08434974576
0.09921004033
0.10710661010
0.11276685750
0.11601410720
0.11659470000
0.11494016000
0.11088327730
0.10423702210
0.09516056270
0.08368608494
0.07004928830
0.05523954017
0.03882786943
0.02165682997
0.01131561369
-0.01453805526
-0.03296504729
-0.05003656428
-0.06679241314
-0.08188904923
-0.09531262689
-0.10684888420
-0.11619949320
-0.12289920620
-0.12699307600
-0.12814081870
-0.12706914770
-0.12318118990
-0.11715066610
-0.11317703080
-0.09808010492
-0.08603894930
-0.07240534383
-0.05749479898
-0.04167449896
-0.02570132351
-0.00854069755
0.00861097259
0.02578630897
0.04197605865
0.05781292804
0.07241944579
0.08535913715
0.09666787566
0.10200779770
0.11222641630
0.11632982930
0.11852353680
0.11789906100
0.11490848590
0.10922987070
0.10083534440
0.08975862667
0.07715550553
0.06267217341
0.04682674837
0.02976112157
0.01253155673
-0.00559398777
-0.01583642934
-0.04105710015
-0.05794429733
-0.07376272383
-0.08789485804
-0.10027856400
-0.11071983630
-0.11856578100
-0.12365014640
-0.12683645640
-0.12702537190
-0.12485561680
-0.12019869570
-0.11285719660
-0.10364902900
-0.09777619705
-0.07941104049
-0.06513336664
-0.04960385080
-0.03314193627
-0.01629833003
0.00094114878
0.01838229826
0.03551498129
0.05168107058
0.06680888825
0.08051426430
0.09277124682
0.10244786590
0.11024592800
0.11359661360
0.11868234570
0.11902478530
0.11673238980
0.11228257160
0.10487509460
0.09553628695
0.08428180521
0.07098938696
0.05603336625
0.03986348807
0.02252598779
0.00507222724
-0.01236280782
-0.03032461908
-0.04010974451
-0.06377798241
-0.07855486806
-0.09234212934
-0.10404361490
-0.11317442260
-0.12025926310
-0.12446385490
-0.12620663440
-0.12519450650
-0.12156465880
-0.11543245270
-0.10698082210
-0.09675423436
-0.08461309986
-0.07669341463
-0.05578335395
-0.03985031454
-0.02309726976
-0.00593972954
0.01118886832
0.02814162762
0.04487067306
0.06020270301
0.07406024786
0.08694357749
0.09763677930
0.10632661070
0.11282965450
0.11706043950
0.11824479500
0.11828261710
0.11516253050
0.10965041330
0.10173032990
0.09148640910
0.07900393121
0.06508482569
0.04944853933
0.03259292017
0.01495722816
-0.00317029892
-0.02150976617
-0.03922643057
-0.05619549424
-0.06572282274
-0.08683766415
-0.09941101682
-0.10985528560
-0.11795953010
-0.12346659270
-0.12622928920
-0.12640607320
-0.12390103670
-0.11901221480
-0.11160402130
-0.10217316160
-0.09112551459
-0.07833545245
-0.06443100252
-0.05548361238
-0.03298751969
-0.01596957580
0.00108490206
0.01802260426
0.03473405822
0.05091229730
0.06610892689
0.07944602865
0.09111539249
0.10129801490
0.10937737860
0.11502957280
0.11815351690
0.11892085620
0.11827724250
0.11257784240
0.10550302800
0.09629575080
0.08496532566
0.07152446730
0.05686491214
0.04024684462
0.02291163800
0.00503195575
-0.01317073456
-0.03133266165
-0.04868165719
-0.06514279911
-0.08018305862
-0.08831898160
-0.10520609590
-0.11465620940
-0.12143963260
-0.12544320430
-0.12726668760
-0.12617499170
-0.12272149670
-0.11675961710
-0.10842966770
-0.09820533629
-0.08628183074
-0.07260232155
-0.05785588044
-0.04209000982
-0.03247445196
-0.00779179460
0.00942056378
0.02667303419
0.04316210204
0.05907612685
0.07305979284
0.08572208299
0.09638524478
0.10526054170
0.11210939510
0.11646202620
0.11851580070
0.11798473330
0.11495399320
0.11246797980
0.10188055850
0.09142954919
0.07931741632
0.06528620748
0.04942927521
0.03259995562
0.01519756903
-0.00291946382
-0.02088571423
-0.03825765725
-0.05512427642
-0.07089418171
-0.08522702846
-0.09812445078
-0.10427889350
-0.11681597960
-0.12240544280
-0.12518814780
-0.12585503660
-0.12350455880
-0.11855038130
-0.11145069310
-0.10216823340
-0.09115306334
-0.07854658463
-0.06413694433
-0.04866626888
-0.03213666395
-0.01521306263
-0.00517037822
0.01933017517
0.03625707265
0.05247143012
0.06691138897
0.08052290291
0.09237376465
0.10192904880
0.10998491090
0.11523461200
0.11832396750
0.11922808880
0.11763384790
0.11371257020
0.10709204130
0.10278381600
0.08752032810
0.07397779359
0.05906340138
0.04332169173
0.02631724885
0.00856604805
-0.00961142855
-0.02770378445
-0.04506679898
-0.06167000232
-0.07692084507
-0.09060838548
-0.10245015200
-0.11188087590
-0.11628952120
-0.12314187600
-0.12502962900
-0.12432229480
-0.12063821950
-0.11501831300
-0.10655670570
-0.09618470233
-0.08448054877
-0.07135192029
-0.05654979688
-0.04048773062
-0.02399920589
-0.00678071359
0.01043778709
0.02041835734
0.04372133465
0.05920666525
0.07294081876
0.08586046562
0.09626342705
0.10555555140
0.11217446200
0.11679476000
0.11923096520
0.11906424570
0.11617795670
0.11096394090
0.10319684810
0.09327331031
0.08745958202
0.06701528399
0.05141422214
0.03477811468
0.01708987348
-0.00067722686
-0.01875819330
-0.03631131636
-0.05338840886
-0.06912013767
-0.08377781998
-0.09670661372
-0.10726772530
-0.11548958780
-0.12147382210
-0.12345328090
-0.12511104770
-0.12301623730
-0.11867056160
-0.11179153790
-0.10287059780
-0.09197551628
-0.07987597132
-0.06575551796
-0.05096799381
-0.03447577595
-0.01789220996
-0.00032200579
0.01675900796
0.03333385669
0.04221737684
0.06426578458
0.07785530283
0.09001742911
0.10017135270
0.10779915100
0.11369488000
0.11744467330
0.11860594940
0.11730231280
0.11332171670
0.10669310940
0.09804831701
0.08731368958
0.07400810179
0.06696459024
0.04333898129
0.02677471074
0.00914816519
-0.00880876839
-0.02651231283
-0.04388269705
-0.06008870387
-0.07525940734
-0.08903128099
-0.10083572180
-0.11110326300
-0.11840184580
-0.12333417590
-0.12573452750
-0.12567414530
-0.12251468360
-0.11700545090
-0.10938741630
-0.09983040611
-0.08772606439
-0.07433815675
-0.05987660304
-0.04407785703
-0.02744625012
-0.01015289209
0.00698068124
0.02366112544
0.04008672918
0.05581691743
0.06389777207
0.08292444519
0.09420300226
0.10356573730
0.11071182140
0.11562205380
0.11836941260
0.11815185810
0.11579393330
0.11099401290
0.10364474300
0.09388873159
0.08244484477
0.06905481639
0.05405340529
0.04596670172
0.02042175758
0.00250497852
-0.01559433520
-0.03336643296
-0.05041138220
-0.06697000843
-0.08211860225
-0.09529754021
-0.10668654580
-0.11563448850
-0.12173376040
-0.12554911930
-0.12661192790
-0.12487795360
-0.12286545110
-0.11401810950
-0.10551098800
-0.09483545567
-0.08229122219
-0.06888599710
-0.05392409926
-0.03789133761
-0.02100311824
-0.00418385813
0.01267238331
0.02967990793
0.04573715104
0.06077033756
0.07446859707
0.08068711616
0.09757674538
0.10612419840
0.11275642520
0.11643270580
0.11829239040
0.11730878910
0.11431743000
0.10861413070
0.10017283300
0.08966631691
0.07702674106
0.06274369143
0.04685456375
0.02982099387
0.02141743319
-0.00571594716
-0.02369635268
-0.04103978760
-0.05810514991
-0.07354334331
-0.08780844923
-0.09988955020
-0.11000681430
-0.11770059360
-0.12299687100
-0.12552268500
-0.12560211610
-0.12310739390
-0.11831327700
-0.11405436160
-0.10212801290
-0.09064397280
-0.07784735850
-0.06382908659
-0.04831194795
-0.03200701978
-0.01515051995
0.00232377891
0.01959020512
0.03682041598
0.05286156311
0.06731188125
0.08104805821
0.09266655818
0.09767159915
0.11050164940
0.11564974350
0.11871990910
0.11932701930
0.11749146050
0.11301116630
0.10593177840
0.09658544818
0.08516113998
0.07175781513
0.05680453513
0.04083053091
0.02365677683
0.00580323888
-0.00271222009
-0.02952738251
-0.04654711304
-0.06267073907
-0.07791701358
-0.09162834980
-0.10333309250
-0.11246281270
-0.11961896100
-0.12386928070
-0.12572644990
-0.12508669800
-0.12171612500
-0.11556411310
-0.10745895880
-0.10179487540
-0.08515986652
-0.07184080381
-0.05705898128
-0.04146188868
-0.02436587148
-0.00747611437
0.00971886261
0.02633029785
0.04316002051
0.05904272393
0.07305329774
0.08566517376
0.09668066436
0.10576738350
0.10907264850
0.11708781860
0.11887552660
0.11861199270
0.11583542790
0.11037720040
0.10252775190
0.09270849359
0.08019656055
0.06611881424
0.05054712205
0.03393264278
0.01671294142
-0.00130161801
-0.01870451460
-0.02758790804
-0.05276886776
-0.06873512932
-0.08418305938
-0.09615073355
-0.10658184040
