y
0.06365246062
0.03853776784
0.02086383756
0.00256032162
-0.01521290620
-0.03348061009
-0.05091896172
-0.06700521589
-0.08154459583
-0.09447794386
-0.10474856390
-0.11268877850
-0.11795578980
-0.12062157990
-0.12008022160
-0.11681854120
-0.11129398960
-0.10345928060
-0.09337230120
-0.08132170911
-0.06742631657
-0.05225598486
-0.03598415611
-0.01889304356
-0.00145237115
0.01576168742
0.03306259371
0.04985368340
0.06579593961
0.08083225888
0.09389257155
0.10487579760
0.11753750850
0.12315011270
0.12696697850
0.12800563470
0.12695861150
0.12300835450
0.11655605460
0.10789593260
0.09688294019
0.08415787901
0.06925546296
0.05365339644
0.03636854692
0.01874277968
0.00092406625
-0.01733910965
-0.03521740198
-0.05228312125
-0.06834534476
-0.08262755485
-0.09491037085
-0.10487159070
-0.11217325380
-0.11727325900
-0.11958105140
-0.11934133360
-0.11616574110
-0.11078966050
-0.10279556160
-0.09268528429
-0.08065372701
-0.06688523278
-0.05152447832
-0.03517033383
-0.01777079168
-0.00013531473
0.01792630862
0.03554314343
0.05224315446
0.06783659373
0.08234014027
0.09504470791
0.10599121900
0.11482352500
0.12165627680
0.12623667780
0.12824879040
0.12775106510
0.12425562450
0.11844879790
0.11016585410
0.10008106660
0.08777199681
0.07342200381
0.05838328428
0.04143122044
0.02398236027
0.00582917523
-0.01195538614
-0.02985795081
-0.04725730930
-0.06355572117
-0.07925422952
-0.09194798630
-0.10239898140
-0.11080702880
-0.11644558140
-0.11979218750
-0.12041134980
-0.11804540080
-0.11332134120
-0.10576696050
-0.09629215129
-0.08503600119
-0.07160072413
-0.05681240761
-0.04092282757
-0.02419589074
-0.00686514091
0.01090282182
0.02875579469
0.04543012844
0.06169203748
0.07648253238
0.09006269920
0.10160598800
0.11138350380
0.11898814320
0.12449912860
0.12745972400
0.12809711640
0.12633157510
0.12168933330
0.11475661100
0.10564197470
0.09435008612
0.08134680244
0.06650112377
0.05072514287
0.03385003691
0.01604325708
-0.00216334911
-0.02015982613
-0.03795115017
-0.05490038774
-0.07058218962
-0.08423845087
-0.09622090059
-0.10591675710
-0.11271456820
-0.11692214890
-0.11839817630
-0.11729281110
-0.11361164850
-0.10742836390
-0.09876672378
-0.08781396983
-0.07536483967
-0.06099924133
-0.04561492497
-0.02917878987
-0.01221355133
0.00535609927
0.02290552952
0.04004274389
0.05657126831
0.07198767685
0.08621963042
0.09843695048
0.10911846820
0.11765139950
0.12385277260
0.12814627560
0.12991684400
0.12926654830
0.12587160660
0.11971726380
0.11139429980
0.10056558310
0.08784101405
0.07334859068
0.05704225871
0.04045177295
0.02320104188
0.00518840630
-0.01275591282
-0.03063719461
-0.04754536966
-0.06351257884
-0.07829374445
-0.09096655306
-0.10111969370
-0.10914383700
-0.11459549920
-0.11705926300
-0.11697397090
-0.11446418520
-0.10918078610
-0.10165478060
-0.09178129303
-0.07947534531
-0.06574825203
-0.05028255486
-0.03402714080
-0.01729078860
0.00062434310
0.01845847968
0.03621341569
0.05339065381
0.06917999266
0.08374987725
0.09688810980
0.10795893020
0.11684222370
0.12393343950
0.12839751920
0.13053641300
0.13050985710
0.12756768250
0.12204600360
0.11440105810
0.10410220200
0.09196870360
0.07813174482
0.06268205711
0.04653980589
0.02950116165
0.01163798538
-0.00642984846
-0.02408700817
-0.04124450181
-0.05800708274
-0.07335416860
-0.08694003560
-0.09773608039
-0.10605625150
-0.11214743430
-0.11574259550
-0.11668333780
-0.11489902800
-0.11055520940
-0.10347679110
-0.09426583282
-0.08253019040
-0.06915261917
-0.05416931114
-0.03765895151
-0.02070688155
-0.00329342517
0.01425812100
0.03206330770
0.04901936214
0.06512708543
0.07979734214
0.09334323780
0.10492383330
0.11442328990
0.12208439770
0.12751477840
0.13054690270
0.13102758460
0.12908395640
0.12414619660
0.11676630850
0.10767306830
0.09619432416
0.08255084611
0.06772370468
0.05176169103
0.03453933788
0.01681609176
-0.00140466546
-0.01924571860
-0.03689414880
-0.05410964669
-0.06972197240
-0.08366443688
-0.08965713709
-0.10426597390
-0.11103019360
-0.11525180450
-0.11677704750
-0.11560231910
-0.11190011410
-0.10557268940
-0.09688105110
-0.08601097519
-0.07292063300
-0.05825533587
-0.04221755907
-0.02504572817
-0.00836188446
0.00196827466
0.02700956039
0.04435232509
0.06070699011
0.07607701359
0.09006959387
0.10250365570
0.11267099510
0.12111675240
0.12696924740
0.13033485980
0.13130875550
0.12987863350
0.12589565200
0.11922423650
0.11434997250
0.09932162682
0.08637113945
0.07177963148
0.05639827352
0.03936445290
0.02191147266
0.00396359633
-0.01378299416
-0.03132554813
-0.04864811569
-0.06400155015
-0.07849393055
-0.09027359963
-0.10021640540
-0.10424402350
-0.11283167380
-0.11520016690
-0.11497259840
-0.11212480470
-0.10657236710
-0.09859522984
-0.08801124275
-0.07568428382
-0.06123214435
-0.04581492301
-0.02876266126
-0.01209182447
0.00565842765
0.02316705874
0.03335493291
0.05732474170
0.07292219109
0.08682385505
0.09992549020
0.11032720350
0.11908633030
0.12578286570
0.12964734420
0.13151833650
0.13055236410
0.12745130520
0.12156980740
0.11352750340
0.10334971760
0.09744116519
0.07674893212
0.06188186400
0.04524905706
0.02849794790
0.01046707681
-0.00724588400
-0.02461575291
-0.04144276243
-0.05781061693
-0.07255595620
-0.08517699180
-0.09603108273
-0.10438665220
-0.11048756380
-0.11267976220
-0.11445772250
-0.11252796550
-0.10790799900
-0.10058081790
-0.09083474187
-0.07906995698
-0.06469250961
-0.04991401954
-0.03357368783
-0.01683325797
0.00067075752
0.01856391987
0.03575048939
0.05290041464
0.06183257314
0.08341553509
0.09640195614
0.10790770290
0.11692830010
0.12413264430
0.12931714160
0.13148791610
0.13161599850
0.12939578560
0.12435539390
0.11719476520
0.10772746550
0.09578743452
0.08214690602
0.07510844099
0.05139911364
0.03435517084
0.01672793418
-0.00124708368
-0.01860036414
-0.03605267987
-0.05241622488
-0.06745514039
-0.08100869036
-0.09224487028
-0.10123866570
-0.10790986060
-0.11213139310
-0.11387927730
-0.11379010660
-0.10903698220
-0.10282499490
-0.09400683117
-0.08315933599
-0.07027961471
-0.05570876113
-0.03941211110
-0.02272594878
-0.00592922809
0.01219362456
0.02987216207
0.04683893730
0.06320897434
0.07836164874
0.08661948449
0.10423484960
0.11421609640
0.12214348690
0.12761293840
0.13075574060
0.13158330360
0.13009248400
0.12590460490
0.11942781150
0.11010215530
0.09907888337
0.08594603544
0.07156240343
0.05610610388
0.04861437764
0.02204004794
0.00473682095
-0.01330952496
-0.03048940007
-0.04717393631
-0.06276946503
-0.07699545471
-0.08895215540
-0.09892760942
-0.10653271450
-0.11205162010
-0.11471644800
-0.11454638830
-0.11194990760
-0.10962756710
-0.09878070000
-0.08858729730
-0.07625990260
-0.06213355046
-0.04622498819
-0.02923248053
-0.01225041877
0.00523108784
0.02254672751
0.04039210396
0.05678851221
0.07162719050
0.08555349937
0.09827815560
0.10453505710
0.11725372450
0.12352208250
0.12755750130
0.12893088200
0.12813582470
0.12501029090
0.11935510110
0.11128101080
0.10100980670
0.08861271999
0.07484455118
0.05945837714
0.04281184701
0.02584133247
0.01801180255
-0.00935046025
-0.02686212589
-0.04382286284
-0.05996376181
-0.07496398184
-0.08799085803
-0.09834095530
-0.10695879500
-0.11320397760
-0.11688221140
-0.11757054380
-0.11557640200
-0.11100380190
-0.10380205210
-0.09879682619
-0.08283428962
-0.06927386210
-0.05416806881
-0.03811574303
-0.02114212225
-0.00318566453
0.01428331459
0.03184061950
0.04857225651
0.06409267635
0.07878601098
0.09148846556
0.10270145740
0.11214615170
0.11629819950
0.12344462910
0.12590831680
0.12586657730
0.12356560690
0.11869677900
0.11133520810
0.10214832200
0.09030591177
0.07721012415
0.06205707561
0.04611228031
0.02880785493
0.01149177569
-0.00574194918
-0.01282527839
-0.04013051462
-0.05619282611
-0.07142849809
-0.08478979639
-0.09632006727
-0.10547886590
-0.11254129780
-0.11684308690
-0.11887353230
-0.11803977860
-0.11455280400
-0.10841357840
-0.09973971631
-0.08931181627
-0.08302184563
-0.06302102388
-0.04723637003
-0.03054054737
-0.01285512498
0.00514617541
0.02275662557
0.03999553979
0.05642488199
0.07141916399
0.08529388862
0.09744019039
0.10728823670
0.11503546370
0.12098998890
0.12316684420
0.12538381450
0.12399997570
0.11999201300
0.11371205070
0.10539884780
0.09466023995
0.08211899765
0.06819025247
0.05276589543
0.03641159824
0.01953152516
0.00167321713
-0.01564589526
-0.03181086880
-0.03899415234
-0.06367289269
-0.07766847156
-0.08978027626
-0.10003068380
-0.10786281750
-0.11345917540
-0.11675024180
-0.11705921280
-0.11459507570
-0.10939511100
-0.10190345230
-0.09224097099
-0.08009437890
-0.06632012704
-0.05849434130
-0.03465024477
-0.01783236135
-0.00020006005
0.01745282331
0.03492422270
0.05184626045
0.06739368186
0.08161949883
0.09435654622
0.10534965440
0.11434609790
0.12099664780
0.12505869510
0.12730403490
0.12755143810
0.12398985660
0.11886681660
0.11124895740
0.10145722740
0.08980296621
0.07624533878
0.06086988633
0.04479770127
0.02779071055
0.01029929472
-0.00726362882
-0.02473870834
-0.04128250355
-0.05896104403
-0.06549063769
-0.08642887816
-0.09738419464
-0.10621316090
-0.11250459130
-0.11652184530
-0.11735055810
-0.11619636080
-0.11203048410
-0.10523881120
-0.09633494721
-0.08490953069
-0.07150796937
-0.05649262727
-0.04021122876
-0.03180109560
-0.00590845760
0.01170660728
0.02891661331
0.04587761517
0.06223320992
0.07674360369
0.09030805843
0.10183034950
0.11112717830
0.11884485580
0.12388694340
0.12681177350
0.12690034130
0.12479128220
0.12308716370
0.11298176510
0.10381679580
0.09224253006
0.07913246366
0.06467448483
0.04890817130
0.03180938396
0.01454133274
-0.00278419803
-0.02016195465
-0.03720675095
-0.05341833990
-0.06842597230
-0.08175681539
-0.08712450386
-0.10301333650
-0.11013267790
-0.11488083890
-0.11722545800
-0.11684576160
-0.11132346930
-0.10412437340
-0.09491126416
-0.08305035083
-0.06957254069
-0.05445053549
-0.03815508546
-0.02110395335
-0.00319243689
0.00522268464
0.03203359605
0.04962140395
0.06529540885
0.07994516933
0.09271353976
0.10392593300
0.11252156940
0.11919407960
0.12382620650
0.12584671390
0.12580131050
0.12300208450
0.11787606370
0.11064885630
0.10551757510
0.08960390069
0.07641191394
0.06190921699
0.04603668611
0.02908731901
0.01217021965
-0.00517376934
-0.02226335576
-0.03930639927
-0.05538829520
-0.07007744292
-0.08316233187
-0.09434681243
-0.10341440630
-0.10774519610
-0.11507002800
-0.11684076040
-0.11614568610
-0.11259282310
-0.10611950030
-0.09763514708
-0.08714926962
-0.07456467158
-0.06023160612
-0.04397600569
-0.02701691988
-0.00938534031
0.00850934976
0.02642918783
0.03479174738
0.06008860082
0.07508076618
0.08876434190
0.10039567310
0.10997384380
0.11802055810
0.12338242740
0.12641696400
0.12740512750
0.12600060020
0.12195730990
0.11552349150
0.10702820540
0.09628781027
0.08903983834
0.06951611686
0.05424596675
0.03780211673
0.02075747993
0.00298998991
-0.01414421032
-0.03155354113
-0.04783979590
-0.06295802033
-0.07683418736
-0.08902805479
-0.09886564090
-0.10663251510
-0.11215698360
-0.11398581720
-0.11518693320
-0.11271720110
-0.10761356330
-0.10042186460
-0.09082826896
-0.07881952926
-0.06556465687
-0.05001318716
-0.03358384039
-0.01638494519
0.00162824476
0.01894950714
0.03650332924
0.05313405429
0.06182448982
0.08371249856
0.09621046243
0.10683179110
0.11584913370
0.12233430150
0.12647397900
0.12811316950
0.12761966030
0.12463114920
0.11899309210
0.11127062550
0.10130584910
0.08943417769
0.07589853104
0.06734442907
0.04482967734
0.02828324564
0.01066244503
-0.00662508041
-0.02353807603
-0.03989754394
-0.05545096714
-0.06974271629
-0.08240449274
-0.09341840342
-0.10241747180
-0.10906835230
-0.11298018200
-0.11444696610
-0.11394688400
-0.10944899160
-0.10334155610
-0.09481973898
-0.08378116701
-0.07054289999
-0.05552789740
-0.03965233464
-0.02253244951
-0.00498955935
0.01285733246
0.03034975475
0.04755007167
0.06331045143
0.07888214246
0.08587751690
0.10352928620
0.11281758190
0.12022469350
0.12552123630
0.12843333620
0.12877841200
0.12698027560
0.12264617100
0.11600207610
0.10706840630
0.09631166178
0.08333854158
0.06941289780
0.05434542327
0.04517379944
0.02030981023
0.00311993328
-0.01440388103
-0.03086581341
-0.04711472488
-0.06185459067
-0.07528703496
-0.08732249022
-0.09705717364
-0.10481980210
-0.11005227880
-0.11271323290
-0.11304849640
-0.11033721270
-0.10777764220
-0.09765147948
-0.08788131755
-0.07582693244
-0.06210590854
-0.04676548448
-0.03037019844
-0.01357358322
0.00442055192
0.02203674554
0.03899675836
0.05513315477
0.07069414473
0.08488704962
0.09694592750
0.10316531860
0.11613436590
0.12222186940
0.12644517140
0.12817213540
0.12762396510
0.12458781090
0.11908317100
0.11118763760
0.10139569750
0.08978985571
0.07612878951
0.06127324313
0.04538177451
0.02819876165
0.01899569233
-0.00646703686
-0.02383024457
-0.04048159080
-0.05548784642
-0.06982698086
-0.08236266838
-0.09330153937
-0.10184653850
-0.10833574070
-0.11256170180
-0.11424975320
-0.11306797370
-0.10954045390
-0.10352442690
-0.09892110779
-0.08410861989
-0.07186608086
-0.05707629557
-0.04139538215
-0.02463456849
-0.00711328467
0.01060160616
0.02811633499
0.04551539163
0.06170672916
0.07667260265
0.09008451485
0.10153091550
0.11134657530
0.11591667140
0.12426732310
0.12686043080
0.12750955800
0.12574649160
0.12140359760
0.11482431200
0.10589287180
0.09513986521
0.08273938393
0.06851250299
0.05341472971
0.03679786929
0.02003889051
0.00264127848
-0.00637738962
-0.03116946347
-0.04760546726
-0.06237461312
-0.07601249375
-0.08783276823
-0.09784546228
-0.10561142490
-0.11097472910
-0.11383075280
-0.11448170180
-0.11227635540
-0.10723346100
-0.09954036978
-0.08970058513
-0.08323949069
-0.06394536283
-0.04808402809
-0.03174385802
-0.01429286187
0.00377884409
0.02133108780
0.03870233022
0.05573652142
0.07093289866
0.08535712579
0.09735150671
0.10799003560
0.11659337110
0.12348357800
0.12572024440
0.12880030940
0.12804761590
0.12499932130
0.12003338460
0.11201824970
0.10217729570
0.09088348079
0.07730427887
0.06272038913
0.04727371806
0.03042963187
0.01301228656
-0.00447840140
-0.02169452153
-0.03006091653
-0.05370105042
-0.06790856671
-0.08055149785
-0.09151860917
-0.10054661360
-0.10730754280
-0.11110323220
-0.11248781400
-0.11175397280
-0.10781086610
-0.10175097800
-0.09331556516
-0.08239927209
-0.06988096239
-0.06199353881
-0.03949625290
-0.02332438580
-0.00613071002
0.01152657360
0.02908636322
0.04654572004
0.06295454966
0.07750158077
0.09089398277
0.10224377330
0.11205199440
0.11966961570
0.12521029120
0.12796024170
0.12880142140
0.12723949490
0.12269188310
0.11629159470
0.10746574460
0.09665377100
0.08431153865
0.07003895428
0.05463138001
0.03842568188
0.02136166011
0.00356235857
-0.01344473319
-0.03003853313
-0.04624276335
-0.05394352457
-0.07462828424
-0.08661023040
-0.09682195390
-0.10440127910
-0.10959381950
-0.11253632680
-0.11304929490
-0.11106961420
-0.10651408570
-0.09943197370
-0.09033941548
-0.07863713331
-0.06556982875
-0.05071404257
-0.04143984225
-0.01722413057
0.00032358195
0.01787922323
0.03569487743
0.05261745756
0.06885681326
0.08283262355
0.09540883597
0.10592571210
0.11448685030
0.12132067010
0.12542782010
0.12692762890
0.12633210780
0.12500978700
0.11796260720
0.11051729680
0.10099289460
0.08961546314
0.07661995695
0.06180153255
0.04660112946
0.02957896289
0.01251491084
-0.00495126102
-0.02158101654
-0.03800330929
-0.05355356454
-0.06799734057
-0.07467849728
-0.09214284368
-0.10138084200
-0.10785436020
-0.11192621150
-0.11382974630
-0.11328365500
-0.11008502030
-0.10431656650
-0.09621154887
-0.08557487246
-0.07299141981
-0.05889890958
-0.04317514903
-0.02635709986
-0.01659922449
0.00835672026
0.02619582241
0.04356790556
0.05997144414
0.07492539153
0.08821539743
0.09996153375
0.10938079780
0.11717591000
0.12266443130
0.12600416580
0.12658856040
0.12477592150
0.12103102360
0.11797642300
0.10627606690
0.09621136426
0.08374674862
0.07028531044
0.05517978240
0.03870346407
0.02170911733
0.00430718712
-0.01271560251
-0.02942106747
-0.04566420145
-0.06090108825
-0.07428816377
-0.08667342113
-0.09197577863
-0.10486261600
-0.11029165220
-0.11319379300
-0.11386814880
-0.11192064960
-0.10756005240
-0.10052844280
-0.09144370584
-0.08019954802
-0.06681723491
-0.05220696882
-0.03616903023
-0.01956315098
-0.00233213085
0.00784502304
0.03287362338
0.04969075667
0.06554587358
0.08015417753
0.09299971518
0.10385891990
0.11286494980
0.11968235580
0.12462656250
0.12677880970
0.12651779080
0.12404009060
0.11905161470
0.11178956660
0.10689277310
0.09128733380
0.07800332696
0.06374351394
0.04791953061
0.03147638371
0.01420644772
-0.00349657156
-0.02009436745
-0.03678422530
-0.05244230842
-0.06714566063
-0.08012371029
-0.09101148074
-0.10009488290
-0.10409392310
-0.11166475020
-0.11353923580
-0.11310492210
-0.11035150480
-0.10489293800
-0.09699584186
-0.08689140960
-0.07463109222
-0.06082110226
-0.04557620344
-0.02936214874
-0.01208224287
0.00522818234
0.02262453655
0.03311354031
0.05674078719
0.07205599654
0.08640762436
0.09850025773
0.10827552990
0.11628120520
0.12217737360
0.12587625010
0.12709824050
0.12594676910
0.12212157330
0.11624346450
0.10827068000
0.09809692436
0.09233021947
0.07222290025
0.05779796321
0.04149495167
0.02488829905
0.00761237031
-0.00974952154
-0.02649954329
-0.04262574105
-0.05830270238
-0.07237121071
-0.08467099698
-0.09546486574
-0.10364723870
-0.10966106130
-0.11164359590
-0.11404398090
-0.11260322490
-0.10863815470
-0.10212208700
-0.09274946789
-0.08211776136
-0.06927392055
-0.05437998868
-0.03830234177
-0.02230016439
-0.00472982805
0.01246759182
0.02994894422
0.04686560919
0.05636246737
0.07768363311
0.09113570574
0.10254496330
0.11192979480
0.11898838440
0.12443079340
0.12711813510
0.12743870840
0.12601201990
0.12111585910
0.11429116140
0.10558605540
0.09473109168
0.08223988826
0.07613331333
0.05263202903
0.03629707172
0.01933586053
0.00201897502
-0.01527316147
-0.03223228694
-0.04835222219
-0.06326119284
-0.07652768715
-0.08821362735
-0.09767074811
-0.10497645810
-0.10984121610
-0.11212737250
-0.11235316820
-0.10951039130
-0.10467139670
-0.09743220397
-0.08787435535
-0.07585524802
-0.06264233824
-0.04794037039
-0.03171014836
-0.01531777846
0.00196202072
0.01921563275
0.03658305777
0.05320941700
0.06897406381
0.07756591365
0.09612039671
0.10641669300
0.11497040220
0.12149570290
0.12568351220
0.12758983750
0.12711681970
0.12406594240
0.11871469530
0.11113540130
0.10188235730
0.09001723009
0.07701427417
0.06203034951
0.05509955928
0.02905923613
0.01199936144
-0.00514261611
-0.02234830486
-0.03899823550
-0.05475743867
-0.06876018857
-0.08177731626
-0.09269677524
-0.10155283770
-0.10833324050
-0.11222598840
-0.11374731270
-0.11247687540
-0.11224226400
-0.10436145440
-0.09472569943
-0.08490208844
-0.07267354281
-0.05896763426
